OTUID	ANC	BMD	CLMAT	DHMAT
ASV_1	6.370452	9.507558	4.337458	3.661769
ASV_2	0.2690313	6.4669114	6.8657460	5.2740609
ASV_3	0.4017057	3.3111265	5.5805830	4.9940016
ASV_11	0.2845440	4.1905349	0.2147481	2.4277352
ASV_8	4.6474154	0.1735969	1.5016841	0.4692518
ASV_10	0.1016547	3.8604574	1.0920323	1.5847921
ASV_1385	0.02715015	0.03657034	2.07446662	4.59356895
ASV_6	5.68170589	0.03993462	0.02913229	0.01427000
ASV_4	0.02762443	0.48407065	5.13215635	0.50462669
ASV_7	0.3569209	1.5267731	1.2529646	2.0550394
ASV_9	0.4749309	1.7143658	1.3355941	1.4372442
ASV_14	3.1115682	0.5794154	0.6340923	0.2875774
ASV_15	0.3880197	1.7074425	1.2003342	0.9108726
ASV_13	0.1877201	0.1196646	2.8647811	1.2198029
ASV_21	0.7011947	0.7972691	1.6105884	0.9665076
ASV_19	1.4426744	0.5288839	0.6749232	1.3827697
ASV_12	0.0506736	1.7402395	0.6561843	1.3533122
ASV_17	0.2337207	2.0437221	0.1252697	1.1836725
ASV_20	0.07266099	1.69782077	0.64289542	0.89202922
ASV_29	0.1155602	1.5185294	0.5890314	0.9500618
ASV_22	0.03478155	1.77093055	0.52329948	0.65821975
ASV_23	0.4401363	0.8357813	0.9545267	0.7730252
ASV_16	1.207180737	0.008634119	0.939807499	1.053617471
ASV_28	0.08476987	1.44543248	0.51993357	0.75669405
ASV_25	0.1280692	0.2869448	1.3984581	1.0279897
ASV_30	2.45030429	0.03467215	0.12056056	0.02950612
ASV_26	0.1486128	0.3910373	1.0521534	1.0800545
ASV_24	0.2909573	0.6293263	1.0017348	0.7242575
ASV_27	0.93931450	0.07713216	0.47684466	1.03165995
ASV_119	0.07752388	0.97245548	0.73382993	0.69052889
ASV_157	0.3065332	0.7222260	0.6609232	0.8277162
ASV_34	2.41705842	0.02329895	0.02092195	0.01393154
ASV_32	0.0549233	0.6621211	0.5587748	0.8801016
ASV_31	0.2700819	1.0594359	0.2187845	0.5845812
ASV_37	2.35818011	0.02711252	0.03068810	0.03436271
ASV_38	0.0297912	0.6333813	0.6006896	0.7792780
ASV_39	1.82534840	0.03504842	0.12270552	0.14230578
ASV_40	0.0108079	0.7885442	0.8621272	0.1766021
ASV_1214	0.1279278	0.5711939	0.4919725	0.6599312
ASV_57	1.56276441	0.03205927	0.04735145	0.06636504
ASV_48	0.8087424	0.4237823	0.4764234	0.1379199
ASV_46	0.3141704	0.7656322	0.3876450	0.2619278
ASV_42	0.06346292	0.51124326	0.46920994	0.69848924
ASV_35	0.3718814	0.4603852	0.5678111	0.3877202
ASV_45	1.55300035	0.01470486	0.01775776	0.01397311
ASV_33	0.01356575	0.35556802	0.86677500	0.57210797
ASV_52	0.6739692	0.3006555	0.2194762	0.5422256
ASV_36	1.552854239	0.010477682	0.007832236	0.003505916
ASV_56	1.1091380	0.1587926	0.2830927	0.0689266
ASV_47	0.03825128	0.71061991	0.28953163	0.50005438
ASV_120	0.05184245	0.43562569	0.38388049	0.66955933
ASV_60	0.02463969	0.82309070	0.18642185	0.41078977
ASV_54	0.01220836	0.38550765	1.02878051	0.14363083
ASV_50	0.007983929	0.007513028	0.966613751	0.520729226
ASV_68	0.75508117	0.16858003	0.08177408	0.38077470
ASV_44	0.1396559	0.4202840	0.3837547	0.5250785
ASV_218	0.1126220	0.7019189	0.2336771	0.3378573
ASV_41	0.01273867	0.10136737	1.11331475	0.28860604
ASV_43	0.1425037	0.3386839	0.6472022	0.3016242
ASV_1390	0.1039039	0.6017954	0.2547253	0.4004519
ASV_65	0.06409322	0.58936016	0.55279475	0.17466658
ASV_77	0.08858378	0.34813403	0.30999916	0.61049784
ASV_62	0.1152119	0.3633109	0.2244472	0.6418593
ASV_55	0.2481014	0.3320067	0.3098695	0.4528367
ASV_51	0.1442104	0.3681096	0.4980886	0.3413269
ASV_49	0.1684420	0.6477017	0.1560911	0.3277227
ASV_61	0.3453304	0.2691675	0.3613306	0.3076837
ASV_85	0.44824493	0.17620833	0.62502013	0.03237079
ASV_965	0.1010493	0.3126007	0.2006924	0.6193572
ASV_53	0.03692637	0.32046744	0.31964596	0.54732290
ASV_67	0.5679981	0.2739473	0.1551589	0.2433155
ASV_64	0.08845231	0.35871919	0.30242211	0.45172810
ASV_71	0.1685373	0.1199234	0.7034907	0.2323022
ASV_63	0.4667533	0.1037393	0.2228241	0.4547777
ASV_82	0.2242364	0.2283297	0.2008479	0.5370966
ASV_100	0.94822493	0.07491942	0.07583368	0.13526541
ASV_76	0.5566092	0.2019312	0.2195084	0.1769231
ASV_148	0.6872599	0.1578779	0.1157042	0.1902068
ASV_59	0.03480443	0.36060828	0.24727670	0.51817860
ASV_90	1.03200166	0.05297394	0.01698622	0.02306232
ASV_73	0.3510335	0.2244088	0.2903579	0.2253782
ASV_74	1.118192048	0.012419531	0.004855538	0.006628772
ASV_91	0.1337216	0.5768950	0.1685981	0.1826159
ASV_88	0.1388913	0.4476917	0.1944219	0.2648604
ASV_1277	0.06182591	0.41543936	0.14486314	0.40866719
ASV_83	0.62881375	0.21000417	0.13611237	0.04968509
ASV_70	0.04184978	0.54019527	0.16601535	0.25628525
ASV_72	1.168803782	0.006170127	0.002795870	0.002708959
ASV_80	0.02133355	0.30487175	0.29212020	0.38237324
ASV_66	0.06780192	0.25566864	0.34468582	0.31350947
ASV_135	0.1465746	0.3149431	0.1856931	0.3170534
ASV_89	0.78349570	0.10001240	0.02289374	0.05823261
ASV_94	0.60341308	0.05770782	0.22349808	0.06499668
ASV_108	0.2362093	0.2817848	0.1876369	0.2288777
ASV_81	0.1170063	0.2597754	0.1932273	0.3255716
ASV_107	0.238765561	0.330979188	0.318169961	0.005956281
ASV_69	0.003232317	0.004049702	0.008172613	0.893871350
ASV_84	0.1158668	0.4486687	0.2084939	0.1049126
ASV_101	0.67672419	0.05106796	0.07366960	0.06852999
ASV_867	0.08401226	0.23520267	0.17642673	0.37491435
ASV_75	0.03734295	0.35236470	0.24439229	0.21817115
ASV_79	0.02432479	0.23127705	0.25753254	0.32779502
ASV_86	0.01277311	0.22829961	0.19576763	0.36383738
ASV_92	0.22882273	0.13452261	0.43037567	0.02404417
ASV_134	0.005300326	0.013088055	0.504903477	0.293984920
ASV_113	0.2927241	0.1588744	0.1758678	0.1758761
ASV_114	0.1412502	0.1885837	0.2211109	0.2309241
ASV_78	0.06583089	0.33174008	0.08673803	0.27156660
ASV_131	0.36274290	0.06032967	0.27824042	0.07062178
ASV_109	0.31970548	0.18372120	0.22566253	0.05842184
ASV_127	0.603878805	0.006248978	0.099003834	0.005683677
ASV_104	0.02825045	0.16738280	0.29061315	0.28095506
ASV_552	0.3104284	0.1423223	0.1414050	0.1623873
ASV_164	0.2096897	0.1723502	0.1691472	0.1839737
ASV_112	0.005399017	0.059356130	0.111750027	0.546266012
ASV_133	0.009356511	0.209059221	0.173488273	0.329235997
ASV_98	0.0103228	0.2325968	0.2295327	0.2594056
ASV_275	0.48994887	0.06541571	0.11830056	0.06348750
ASV_110	0.05623979	0.09617746	0.34378832	0.23632882
ASV_87	0.04138865	0.09572776	0.35799116	0.24148497
ASV_124	0.56445839	0.03352978	0.05096267	0.05643430
ASV_99	0.009578001	0.248020221	0.060089206	0.363599254
ASV_118	0.764227194	0.008478983	0.009929541	0.008797485
ASV_97	0.1011460	0.2209296	0.2091867	0.1672672
ASV_105	0.740952510	0.005037902	0.002640217	0.003375830
ASV_96	0.02844529	0.18140146	0.24084034	0.22482221
ASV_137	0.08804129	0.15454690	0.20252997	0.19600424
ASV_143	0.2323926	0.1452004	0.1116922	0.1424708
ASV_115	0.2092374	0.1510781	0.1031027	0.1567095
ASV_129	0.08973533	0.07121209	0.30897789	0.19181092
ASV_1446	0.06960939	0.20964126	0.11376972	0.22401742
ASV_122	0.05141937	0.13721935	0.22895434	0.21352578
ASV_142	0.571117467	0.005607656	0.003392545	0.005126503
ASV_117	0.03012805	0.24889167	0.11076799	0.19818411
ASV_151	0.08727924	0.16599791	0.07604917	0.25086939
ASV_573	0.23086846	0.07186319	0.12588285	0.16753282
ASV_103	0.368343515	0.031894226	0.004192562	0.270814697
ASV_111	0.02396789	0.15569915	0.16568991	0.24816809
ASV_102	0.27975622	0.10571398	0.06481008	0.16008908
ASV_132	0.06829876	0.15783296	0.20224001	0.17433299
ASV_106	0.002110897	0.001170389	0.567870387	0.008907042
ASV_219	0.08802717	0.02859455	0.11727991	0.34834080
ASV_121	0.0832445	0.1972944	0.1230293	0.1627141
ASV_139	0.535065335	0.003210024	0.002772757	0.001866662
ASV_152	0.495306322	0.004495063	0.006639195	0.004702188
ASV_147	0.27522479	0.07283276	0.10572528	0.10463477
ASV_154	0.533185119	0.003004510	0.002747160	0.002080491
ASV_167	0.07202325	0.15617018	0.23493480	0.08724027
ASV_570	0.01912197	0.25733805	0.09016275	0.15655471
ASV_130	0.06029806	0.14296059	0.19914952	0.13631350
ASV_123	0.007204543	0.204855053	0.127693760	0.176871353
ASV_1343	0.007744668	0.201120580	0.104248460	0.203870370
ASV_170	0.08539929	0.10994358	0.13483452	0.20171207
ASV_125	0.13411131	0.10048789	0.21599270	0.08762153
ASV_126	0.002384535	0.157165211	0.234634395	0.136178942
ASV_1357	0.22131382	0.00757404	0.06884912	0.19353614
ASV_128	0.16549432	0.08256855	0.17513357	0.10731985
ASV_136	0.0402936	0.1606300	0.1172882	0.1760472
ASV_160	0.06374652	0.10800337	0.10972358	0.20867448
ASV_202	0.12087521	0.16825524	0.07283992	0.11377889
ASV_150	0.04840391	0.12508822	0.17376049	0.14692499
ASV_145	0.06280603	0.14413174	0.11388189	0.15321896
ASV_453	0.03343238	0.15324355	0.09491375	0.18408839
ASV_1445	0.02545975	0.10744118	0.14029570	0.18721408
ASV_174	0.02900356	0.16444644	0.09187931	0.16324139
ASV_156	0.011280859	0.013035282	0.454261048	0.004095423
ASV_195	0.432106257	0.003419035	0.003559845	0.002141773
ASV_173	0.05336810	0.09926966	0.14735970	0.14840733
ASV_141	0.20495439	0.07715927	0.07313681	0.09875676
ASV_166	0.15014014	0.02082957	0.19365236	0.08102856
ASV_159	0.408909544	0.002043495	0.044503187	0.003709704
ASV_192	0.01878788	0.16923297	0.02616867	0.20987179
ASV_162	0.03480524	0.08338289	0.22903724	0.07990689
ASV_1200	0.03296558	0.18634776	0.08213989	0.11550618
ASV_146	0.01275787	0.13369192	0.07854067	0.20263758
ASV_182	0.12513441	0.08657261	0.11234473	0.08626311
ASV_153	0.07394522	0.08261379	0.14565604	0.11295334
ASV_193	0.03448553	0.09954670	0.09026750	0.17596193
ASV_201	0.21829630	0.04218086	0.02303033	0.10016050
ASV_175	0.03810846	0.08249424	0.15860408	0.12732984
ASV_264	0.30087409	0.03184917	0.04092495	0.02088051
ASV_266	0.18320901	0.03354968	0.14403981	0.04138629
ASV_165	0.15384398	0.06915530	0.10391638	0.08260144
ASV_196	0.07376407	0.11882092	0.09915409	0.09536978
ASV_197	0.001805821	0.202169444	0.011040221	0.169722600
ASV_208	0.330751882	0.007366426	0.008098218	0.014445101
ASV_158	0.01630590	0.10764069	0.18445679	0.06991196
ASV_171	0.04354298	0.11559551	0.11648981	0.11247468
ASV_235	0.12836768	0.15665229	0.07013480	0.02909591
ASV_1368	0.07564629	0.11079406	0.06494613	0.13060608
ASV_979	0.05028671	0.03949971	0.19014479	0.10050633
ASV_180	0.12353752	0.08020679	0.08206650	0.09758602
ASV_1427	0.06722218	0.19489872	0.02926561	0.08012272
ASV_191	0.20026141	0.07647272	0.05680450	0.05247095
ASV_194	0.01964737	0.13952116	0.07606605	0.13056679
ASV_161	0.351430975	0.012851605	0.007804044	0.014151635
ASV_190	0.21842291	0.10003402	0.01509011	0.04377623
ASV_184	0.08430467	0.13189392	0.07025109	0.07676678
ASV_144	0.04920764	0.11997105	0.11528946	0.07997826
ASV_231	0.02005523	0.06059328	0.29053741	0.01554400
ASV_209	0.10362915	0.14050149	0.06169033	0.04524838
ASV_181	0.0003388636	0.0031214566	0.0008761689	0.3363154612
ASV_176	0.3440036397	0.0016096136	0.0009047964	0.0010638904
ASV_178	0.05103164	0.11755737	0.09569487	0.08062958
ASV_185	0.005768179	0.146192416	0.056014944	0.137783387
ASV_203	0.02954233	0.11025151	0.10496495	0.10120869
ASV_1405	0.008029192	0.174876191	0.069698728	0.086107890
ASV_169	0.01355307	0.13671725	0.16497583	0.03131049
ASV_222	0.01484024	0.15550281	0.08169547	0.09223810
ASV_187	0.02595949	0.08651373	0.09210320	0.14226467
ASV_213	0.002178065	0.001802754	0.162592918	0.186915791
ASV_216	0.317706014	0.006827620	0.002294552	0.003094456
ASV_883	0.02728289	0.13875441	0.07414446	0.09266427
ASV_163	0.288964201	0.018211042	0.001785101	0.011131912
ASV_205	0.02023028	0.05261256	0.18017292	0.09884589
ASV_225	0.04281856	0.13756731	0.05854854	0.08579775
ASV_172	0.02643946	0.05552896	0.16953901	0.08412707
ASV_206	0.03032323	0.13852236	0.05756796	0.09668128
ASV_237	0.04405098	0.12028553	0.08227397	0.07624234
ASV_183	0.007495445	0.094738175	0.129279877	0.102456698
ASV_604	0.06083882	0.05146028	0.15504362	0.06679855
ASV_188	0.11638642	0.04752349	0.05697713	0.10292854
ASV_177	0.01950433	0.09547947	0.11617497	0.09597938
ASV_306	0.02426873	0.06854324	0.14067070	0.09202776
ASV_189	0.02613779	0.13677306	0.05052637	0.09387928
ASV_373	0.02195320	0.04718155	0.16796369	0.08730095
ASV_204	0.003177846	0.099160351	0.111333086	0.099251087
ASV_199	0.007101556	0.064065043	0.173021957	0.066593125
ASV_583	0.02177208	0.08369016	0.09542866	0.10636652
ASV_274	0.08563242	0.13221773	0.04167715	0.04492648
ASV_1309	0.03949524	0.18055513	0.02235430	0.05792117
ASV_1211	0.01913627	0.04929477	0.04042660	0.19108728
ASV_211	0.01246405	0.11703003	0.05481206	0.11550276
ASV_210	0.02662638	0.02572260	0.06547873	0.18607926
ASV_251	0.064841338	0.006336107	0.138199957	0.100918532
ASV_200	0.05955599	0.08538153	0.09111320	0.05894048
ASV_426	0.002440637	0.017526459	0.178664999	0.106324327
ASV_198	0.05506736	0.10671821	0.06661591	0.06687564
ASV_214	0.007405905	0.163863622	0.034184262	0.083098610
ASV_293	0.11757556	0.02312065	0.06275019	0.10018118
ASV_263	0.06151654	0.08343565	0.06548961	0.08121407
ASV_1356	0.01855280	0.04160728	0.12990561	0.10179302
ASV_262	0.255888744	0.010887611	0.010483737	0.008319424
ASV_238	0.01464537	0.08144311	0.11401049	0.07582170
ASV_244	0.05850979	0.05463430	0.11703330	0.05398971
ASV_215	0.08008457	0.05796719	0.05644975	0.09137088
ASV_217	0.001156512	0.002425877	0.136079529	0.143818316
ASV_297	0.005877646	0.064593486	0.042959028	0.155237833
ASV_234	0.01616684	0.07971054	0.10379046	0.07499043
ASV_236	0.03804702	0.08669672	0.10649304	0.03852476
ASV_256	0.14475903	0.03248302	0.04540768	0.04986544
ASV_247	0.187571828	0.009804407	0.059645536	0.029802721
ASV_223	0.01579555	0.07758105	0.06104623	0.11619198
ASV_230	0.01741667	0.08733867	0.07366371	0.09060496
ASV_229	0.02542752	0.03997699	0.12358397	0.08326238
ASV_240	0.164883335	0.004825631	0.086852423	0.008353740
ASV_212	0.01602270	0.09073486	0.03596364	0.10852101
ASV_227	0.218808058	0.010912659	0.005867463	0.001428785
ASV_291	0.01402995	0.06510161	0.09388386	0.08015784
ASV_428	0.2459071600	0.0022499935	0.0002503486	0.0006099208
ASV_226	0.02370348	0.08270668	0.05261969	0.08982202
ASV_255	0.002367185	0.049987232	0.116025967	0.086258967
ASV_328	0.008456539	0.107453636	0.060298027	0.072627700
ASV_273	0.003543225	0.134847236	0.005042371	0.103903128
ASV_276	0.06688864	0.05576173	0.04394254	0.07875315
ASV_207	0.002660132	0.030492915	0.202628811	0.024221857
ASV_309	0.16550197	0.02406172	0.01986872	0.01629575
ASV_1467	0.02393054	0.14093849	0.02519720	0.04605172
ASV_239	0.06879753	0.05571052	0.07709265	0.04380492
ASV_284	0.10727395	0.09147820	0.01562393	0.02045987
ASV_241	0.004855125	0.178303718	0.009304918	0.036703213
ASV_232	0.04616727	0.06280296	0.09179840	0.04390249
ASV_224	0.3002597991	0.0004027274	0.0002285124	0.0006988590
ASV_472	0.02074139	0.04813449	0.05214144	0.11996975
ASV_233	0.02123556	0.09850186	0.02407497	0.08275615
ASV_338	0.131597919	0.069028710	0.007541772	0.028050506
ASV_383	0.06440751	0.04680011	0.06901379	0.05605938
ASV_257	0.07619003	0.01318460	0.05981430	0.08442401
ASV_221	0.205303110	0.001379220	0.002034428	0.001704440
ASV_228	0.01141470	0.06676987	0.06397270	0.08706167
ASV_315	0.117064395	0.004312251	0.107806108	0.011537208
ASV_289	0.05016084	0.05226043	0.02285192	0.09479288
ASV_323	0.02683370	0.14022414	0.03369424	0.02144790
ASV_278	0.03582513	0.06535277	0.07635090	0.04913034
ASV_261	0.001234235	0.088453125	0.051881297	0.082177858
ASV_292	0.0008574326	0.0012294213	0.0039328826	0.2114516307
ASV_277	0.10859983	0.04860476	0.04673362	0.02331217
ASV_471	0.00157915	0.06733568	0.05657646	0.09493053
ASV_250	0.001210384	0.002476151	0.120803362	0.101787546
ASV_994	0.005398294	0.043645782	0.039895487	0.126729533
ASV_243	0.009404367	0.087179240	0.044668965	0.076488252
ASV_272	0.01175427	0.05541579	0.09730967	0.05562403
ASV_301	0.004342137	0.065078679	0.068525618	0.077714752
ASV_290	0.08754087	0.03254797	0.07991420	0.02444045
ASV_259	0.01350850	0.04255459	0.06387158	0.09055914
ASV_254	0.02056503	0.06968052	0.07363080	0.04472494
ASV_310	0.10265594	0.04067386	0.03044379	0.02940666
ASV_313	0.002459239	0.038472835	0.001372311	0.157532300
ASV_265	0.116856728	0.067969000	0.004929355	0.017129977
ASV_326	0.02193717	0.04517605	0.03015522	0.10515953
ASV_307	0.03464362	0.11555570	0.03156798	0.01803808
ASV_283	0.02650407	0.07131979	0.06206391	0.03907559
ASV_287	0.02652166	0.06170495	0.05936887	0.05470465
ASV_269	0.02737036	0.04969002	0.07313818	0.04868430
ASV_335	0.1844378207	0.0006125407	0.0009293167	0.0006005883
ASV_295	0.01534948	0.05811664	0.07754412	0.05156120
ASV_260	0.001910436	0.019045946	0.086463857	0.096592867
ASV_354	0.11932258	0.01698902	0.03433366	0.02050018
ASV_248	0.01068368	0.07179578	0.06509046	0.04807593
ASV_318	0.03577656	0.06798342	0.06175196	0.03237002
ASV_271	0.002434782	0.053521490	0.068470518	0.075680176
ASV_339	0.172775037	0.001199471	0.002652520	0.001062518
ASV_253	0.05986404	0.04506600	0.04424155	0.04704122
ASV_242	0.1817564191	0.0016632701	0.0004899993	0.0004087783
ASV_288	0.09508318	0.02457599	0.04167364	0.04133851
ASV_300	0.02593109	0.12091284	0.01781409	0.02017022
ASV_336	0.016106237	0.034393770	0.006964483	0.133257990
ASV_351	0.006623678	0.086675050	0.042111438	0.055735816
ASV_258	0.003659975	0.033136583	0.079949774	0.077299879
ASV_249	0.07438478	0.02584072	0.05105036	0.04279231
ASV_366	0.05664059	0.03751856	0.04897320	0.04717228
ASV_317	0.01503928	0.05284823	0.06417055	0.06159205
ASV_435	0.04615354	0.04536646	0.05006648	0.04936999
ASV_402	0.107609686	0.044649216	0.009064665	0.026061810
ASV_1454	0.003554737	0.025575974	0.129934644	0.032399822
ASV_302	0.06483706	0.04088897	0.06568128	0.01695313
ASV_305	0.01312728	0.03747152	0.05942105	0.07730909
ASV_270	0.005097179	0.046084526	0.031813471	0.099850960
ASV_314	0.08585479	0.04444569	0.01256247	0.03735427
ASV_341	0.13809739	0.01033870	0.01099896	0.02501127
ASV_1128	0.01360203	0.12380963	0.01964669	0.02122270
ASV_252	0.03270971	0.03913992	0.07149159	0.04505133
ASV_332	0.136167715	0.013895440	0.004682137	0.022861509
ASV_874	0.07297907	0.03762987	0.02552600	0.03749987
ASV_267	0.030364861	0.001414377	0.114530850	0.041015499
ASV_281	0.01095679	0.04347472	0.04072774	0.08242105
ASV_465	0.05611857	0.04110909	0.04007291	0.04071580
ASV_407	0.165761971	0.013007052	0.004472473	0.008437755
ASV_280	0.006301305	0.024697234	0.134404650	0.024002876
ASV_299	0.01627020	0.03606133	0.06859617	0.05100410
ASV_330	0.02413975	0.04053685	0.05387788	0.05109726
ASV_282	0.003033282	0.001432580	0.153174375	0.014887416
ASV_303	0.002612494	0.040217251	0.048523403	0.079793888
ASV_294	0.05665769	0.03161643	0.00588724	0.07281345
ASV_246	0.136750288	0.028911220	0.001331995	0.009319185
ASV_286	0.02399317	0.02315550	0.04462957	0.08166554
ASV_322	0.01052513	0.02219141	0.07243788	0.07185232
ASV_365	0.02230723	0.05613961	0.02348913	0.06169514
ASV_325	0.089311734	0.014996950	0.008044553	0.044611213
ASV_1400	0.01550344	0.05138321	0.03460435	0.06287418
ASV_396	0.06528608	0.01964282	0.00106734	0.07021658
ASV_337	0.1275027149	0.0484668852	0.0022468431	0.0006708089
ASV_316	0.016992456	0.099976109	0.009234977	0.029688963
ASV_378	0.069624561	0.008437724	0.031600101	0.045879105
ASV_331	0.006015019	0.061104596	0.026253581	0.060700640
ASV_296	0.04930773	0.00410995	0.07115163	0.04436411
ASV_350	0.1741836009	0.0022320118	0.0008814426	0.0006079597
ASV_387	0.003167499	0.075957380	0.007082009	0.063372727
ASV_312	0.006103872	0.036798992	0.050977544	0.057308318
ASV_380	0.135539386	0.002803639	0.003581519	0.002487948
ASV_420	0.03657210	0.03793745	0.03873432	0.03750943
ASV_311	0.020910589	0.001227842	0.100793096	0.030154412
ASV_327	0.008487446	0.065920843	0.044764839	0.034442852
ASV_308	0.137678145	0.003844910	0.002006439	0.002054266
ASV_544	0.05113526	0.02777077	0.03809105	0.03346584
ASV_1477	0.02269533	0.07109693	0.01953929	0.03107372
ASV_321	0.1503469324	0.0006069479	0.0002535889	0.0001882644
ASV_340	0.006246669	0.046860540	0.040002354	0.051101434
ASV_357	0.163512512	0.002049985	0.001325845	0.001675136
ASV_367	0.02809905	0.03651239	0.05296961	0.03071330
ASV_370	0.04245208	0.01373259	0.04959554	0.03618926
ASV_421	0.04596386	0.04921683	0.02562756	0.01947667
ASV_530	0.008398417	0.047238902	0.041021329	0.045527142
ASV_329	0.001591005	0.042807351	0.028893772	0.069562334
ASV_431	0.10729753	0.01125867	0.02933114	0.01423807
ASV_510	0.04109563	0.03386006	0.02989967	0.03770221
ASV_324	0.05247587	0.03071696	0.02753717	0.02920328
ASV_375	0.02013438	0.02425884	0.05699545	0.04202707
ASV_334	0.006193037	0.040600214	0.037287150	0.051683107
ASV_345	0.01359197	0.05674343	0.02460124	0.04162529
ASV_360	0.01027252	0.03704435	0.09234162	0.00354997
ASV_1399	0.0005791547	0.0339384928	0.0461799496	0.0613389243
ASV_319	0.05335841	0.02049733	0.03370510	0.03089598
ASV_363	0.05676775	0.02361961	0.04129677	0.01879291
ASV_333	0.003391222	0.026306341	0.038531124	0.068698164
ASV_359	0.1502912949	0.0008037122	0.0008940985	0.0008711933
ASV_410	0.01848801	0.01278812	0.09029870	0.01664525
ASV_348	0.002957644	0.022148363	0.003881208	0.100986292
ASV_347	0.007050258	0.052754638	0.033134971	0.037822190
ASV_352	0.003525724	0.066498224	0.022622325	0.040204388
ASV_404	0.01120770	0.05093876	0.03460790	0.03437568
ASV_1215	0.01335845	0.01748839	0.06927306	0.03408293
ASV_349	0.006089566	0.038993274	0.042739537	0.043892194
ASV_379	0.03078618	0.02627580	0.02964882	0.04769102
ASV_466	0.107640243	0.008677155	0.006465851	0.004788909
ASV_482	0.03566251	0.02510234	0.03684032	0.03369953
ASV_393	0.1274060608	0.0008106926	0.0020668828	0.0014541618
ASV_320	0.027779094	0.004504217	0.068105821	0.033880795
ASV_343	0.00983130	0.05577342	0.02237223	0.03982352
ASV_344	0.00703586	0.04096292	0.03499117	0.04374716
ASV_518	0.04543598	0.04334086	0.02174138	0.01558642
ASV_355	0.001212927	0.005502354	0.001849991	0.119028909
ASV_400	0.0009890087	0.0351304213	0.0868969373	0.0113043052
ASV_361	0.02480668	0.03387705	0.04578054	0.02468100
ASV_372	0.02498383	0.03026898	0.03193232	0.03807070
ASV_384	0.03790479	0.02848157	0.03088075	0.02804237
ASV_356	0.01508988	0.02370910	0.06378833	0.02466493
ASV_342	0.07364732	0.01214696	0.02179585	0.01516466
ASV_369	0.01651596	0.02570406	0.03991964	0.04084078
ASV_423	0.1299898466	0.0016395686	0.0009971771	0.0004063980
ASV_406	0.03452717	0.03000356	0.02852644	0.03174469
ASV_358	0.02048087	0.02952598	0.04874524	0.02842689
ASV_445	0.1103151841	0.0004000064	0.0004628226	0.0006252200
ASV_362	0.01145267	0.03855051	0.03104068	0.03913804
ASV_392	0.05888029	0.02069205	0.01390668	0.02424980
ASV_381	0.005923152	0.036717241	0.038142201	0.039486929
ASV_409	0.1343995277	0.0004171739	0.0006795123	0.0006405676
ASV_1254	0.01871315	0.03880285	0.02281095	0.03643776
ASV_390	0.002476874	0.100169415	0.003426954	0.013792524
ASV_405	0.03199323	0.02026906	0.02785957	0.04083893
ASV_432	0.04173814	0.02338378	0.02678490	0.03020060
ASV_371	0.0009578325	0.0411180754	0.0373657012	0.0411381405
ASV_412	0.075444057	0.018649854	0.016792668	0.006843454
ASV_429	0.005420338	0.063526406	0.022928812	0.023337571
ASV_346	0.01478708	0.04001381	0.02058936	0.04004716
ASV_507	0.04464113	0.01629653	0.03043436	0.02475066
ASV_561	0.03290528	0.02706944	0.02507401	0.03309560
ASV_1468	0.02012446	0.01622350	0.06413896	0.01568925
ASV_488	0.03851801	0.03113254	0.02104253	0.03046698
ASV_442	0.002454732	0.008563192	0.109212735	0.001026539
ASV_382	0.03126377	0.02845658	0.02897522	0.02561294
ASV_353	0.0021313658	0.0005877064	0.0983821506	0.0100624219
ASV_457	0.02718306	0.03740080	0.01989142	0.02470275
ASV_388	0.01000883	0.03128919	0.01961079	0.04807700
ASV_464	0.04535888	0.01546775	0.02600101	0.02671858
ASV_1280	0.036197474	0.002635417	0.011694835	0.055995238
ASV_437	0.03512408	0.02726486	0.01896615	0.03695479
ASV_376	0.01128821	0.03383271	0.02666767	0.03717884
ASV_389	0.001995980	0.062755937	0.035035270	0.007147936
ASV_425	0.005937039	0.033985508	0.033365831	0.036130330
ASV_468	0.008143349	0.053902787	0.018228815	0.026315638
ASV_403	0.092436323	0.003608100	0.003984969	0.004302796
ASV_401	0.075755883	0.009315834	0.007868831	0.009607822
ASV_385	0.006203986	0.041027311	0.017200868	0.040598011
ASV_391	0.006050354	0.020431222	0.027617557	0.051526898
ASV_477	0.02645956	0.03384022	0.01492026	0.02836286
ASV_415	0.1235662617	0.0000000000	0.0002238203	0.0000000000
ASV_399	0.03653731	0.03037636	0.02038042	0.01512284
ASV_424	0.1006794301	0.0020409073	0.0044929927	0.0008335165
ASV_742	0.0002297773	0.0004103931	0.0508281063	0.0544080811
ASV_395	0.0915886966	0.0169880350	0.0009135429	0.0008462038
ASV_612	0.02499161	0.03165242	0.02165095	0.02771551
ASV_419	0.0972119406	0.0008154643	0.0004215781	0.0002011182
ASV_416	0.0983260587	0.0006052968	0.0009133257	0.0002208325
ASV_513	0.003845734	0.034696770	0.016527046	0.045442744
ASV_411	0.03518470	0.02108393	0.01913016	0.02666532
ASV_467	0.02450341	0.02198705	0.03204558	0.02268815
ASV_418	0.02145515	0.02624882	0.01861327	0.03447530
ASV_448	0.003221189	0.055231160	0.015050994	0.023781569
ASV_377	0.0007812967	0.0273855845	0.0400282620	0.0333387814
ASV_394	0.068299978	0.019133596	0.005299929	0.007374977
ASV_443	0.0888374913	0.0012357175	0.0011173844	0.0004285168
ASV_430	0.05719639	0.01241763	0.01795685	0.01027497
ASV_408	0.01602771	0.02231876	0.03461008	0.02456197
ASV_438	0.01053045	0.02540965	0.02216132	0.03923479
ASV_386	0.02313096	0.01220478	0.04638076	0.01712944
ASV_413	0.0878940382	0.0002021476	0.0006838852	0.0001882644
ASV_414	0.03369233	0.01670915	0.02500590	0.01866465
ASV_475	0.04388423	0.01577108	0.02249219	0.01198500
ASV_422	0.1047333627	0.0040758089	0.0002231719	0.0004500007
ASV_626	0.02713725	0.02383099	0.02197296	0.02176127
ASV_489	0.0831004565	0.0009777584	0.0018433833	0.0004098320
ASV_427	0.01834482	0.02365694	0.02872239	0.02217017
ASV_439	0.051923740	0.015576433	0.015100870	0.009836406
ASV_417	0.04385118	0.02149837	0.01617905	0.01160197
ASV_374	0.081002409	0.000000000	0.010354190	0.002949375
ASV_1434	0.0904659034	0.0010115141	0.0004463439	0.0002076843
ASV_451	0.0000000000	0.0008415596	0.0004149111	0.0888322583
ASV_495	0.01378755	0.03562691	0.02473354	0.01387666
ASV_449	0.0006479957	0.0199145962	0.0555306419	0.0123286397
ASV_479	0.02085445	0.02493488	0.02782139	0.01897477
ASV_531	0.0868133589	0.0003965580	0.0004610445	0.0002112057
ASV_434	0.001782241	0.001912782	0.001168967	0.081547093
ASV_516	0.02612015	0.02334069	0.01671036	0.02180530
ASV_512	0.01809913	0.01384562	0.04414999	0.01443895
ASV_447	0.01641836	0.01305445	0.02437807	0.03542694
ASV_494	0.02229038	0.02155426	0.02368327	0.02153378
ASV_456	0.02703226	0.01791494	0.02576362	0.02038039
ASV_462	0.01851418	0.02354701	0.02416436	0.02058812
ASV_446	0.007617692	0.020181884	0.029309705	0.027952922
ASV_541	0.0798249043	0.0002021476	0.0000000000	0.0004219507
ASV_617	0.02204577	0.02128576	0.02439897	0.01851439
ASV_577	0.05714250	0.01032531	0.01133210	0.00868961
ASV_766	0.0776185633	0.0014791980	0.0004793014	0.0002076843
ASV_444	0.01889034	0.01520285	0.02386199	0.02823465
ASV_546	0.01633563	0.02607637	0.01410869	0.02723216
ASV_452	0.000000000	0.075379210	0.003085311	0.003002853
ASV_397	0.043264011	0.002803041	0.036844072	0.006392227
ASV_644	0.02215247	0.02112530	0.01853970	0.02139049
ASV_814	0.008876067	0.029469305	0.036261179	0.009958356
ASV_589	0.02196715	0.01932300	0.02498168	0.01885100
ASV_480	0.03582433	0.01132939	0.02232701	0.01271401
ASV_556	0.053442868	0.004087309	0.018308655	0.007315216
ASV_521	0.01095422	0.02252251	0.02283436	0.02510996
ASV_796	0.03211385	0.01152737	0.02569947	0.01506941
ASV_460	0.004675709	0.028196458	0.021343864	0.026965820
ASV_483	0.003744067	0.047413160	0.006561457	0.021566279
ASV_1294	0.052338990	0.012220963	0.009999476	0.009303753
ASV_454	0.078417723	0.002009830	0.002136571	0.001656335
ASV_517	0.004558099	0.028308711	0.015653457	0.031577181
ASV_592	0.02702272	0.01526643	0.02408736	0.01560019
ASV_765	0.0777422925	0.0000000000	0.0004178202	0.0002011182
ASV_502	0.057542020	0.010843786	0.007296043	0.006914341
ASV_486	0.037500192	0.012724026	0.021507405	0.007151529
ASV_528	0.0008094041	0.0038408047	0.0355860077	0.0433935426
ASV_487	0.02346953	0.03652165	0.00657162	0.01071878
ASV_458	0.01585542	0.02278266	0.01663447	0.02264302
ASV_628	0.02246206	0.01629727	0.02284277	0.01715829
ASV_542	0.001978114	0.001012956	0.002683711	0.073177907
ASV_485	0.01590311	0.02123683	0.01644472	0.02551526
ASV_463	0.005523347	0.010411748	0.041550130	0.019741190
ASV_523	0.01818953	0.01622576	0.02407489	0.01767155
ASV_440	0.02884358	0.01531383	0.01772319	0.01548144
ASV_1275	0.071999358	0.001441287	0.000210789	0.000000000
ASV_506	0.034123652	0.013717888	0.019836561	0.008545793
ASV_637	0.040658316	0.011889236	0.008532672	0.012048663
ASV_459	0.045340824	0.021787135	0.003719219	0.004378071
ASV_508	0.032640080	0.014074239	0.021537060	0.006769908
ASV_490	0.00000000	0.03252181	0.02985003	0.01228756
ASV_567	0.012111020	0.046944589	0.010653565	0.002441382
ASV_491	0.0793774084	0.0004116295	0.0004264978	0.0000000000
ASV_509	0.03426356	0.01379375	0.01452234	0.01188011
ASV_474	0.01711380	0.02478790	0.01457887	0.01576986
ASV_538	0.02224719	0.02053531	0.02276904	0.01043391
ASV_802	0.0741765454	0.0006106187	0.0007435882	0.0008671264
ASV_450	0.002314381	0.034969347	0.016550009	0.018984404
ASV_511	0.003224782	0.001943686	0.062089248	0.009828999
ASV_519	0.01879255	0.01631426	0.01518603	0.02385282
ASV_587	0.046607847	0.012731127	0.006652423	0.007022038
ASV_535	0.043102975	0.008461296	0.009730690	0.009996918
ASV_569	0.01260964	0.01037618	0.03573067	0.01613047
ASV_575	0.001538967	0.050342287	0.012099312	0.006241157
ASV_643	0.01057329	0.01991972	0.02116858	0.01937155
ASV_455	0.01747840	0.01396356	0.02271370	0.01907922
ASV_484	0.003617791	0.030329207	0.009613297	0.025681397
ASV_470	0.061361386	0.001997752	0.004534622	0.001539339
ASV_537	0.023338230	0.008814968	0.002666187	0.033907189
ASV_478	0.01978674	0.02903792	0.00817553	0.01376047
ASV_557	0.001334626	0.012520871	0.012183709	0.044502501
ASV_837	0.021408994	0.018827686	0.020467264	0.008236127
ASV_838	0.01566589	0.02054015	0.01222571	0.02007579
ASV_529	0.02056534	0.01299323	0.01408280	0.02303084
ASV_398	0.01457113	0.02557537	0.01051403	0.02537639
ASV_768	0.01875907	0.01484385	0.01665436	0.01873833
ASV_476	0.02335437	0.01259620	0.02034579	0.01285608
ASV_534	0.01417758	0.01374130	0.02108508	0.02155950
ASV_469	0.0727043753	0.0006090309	0.0004471062	0.0000000000
ASV_461	0.031370733	0.013463621	0.014932122	0.008444362
ASV_522	0.0636401198	0.0008106926	0.0016086461	0.0014214751
ASV_662	0.02046930	0.01611199	0.01760395	0.01599125
ASV_566	0.029600276	0.016760269	0.013325949	0.007600878
ASV_576	0.01604333	0.03574471	0.00330991	0.01270211
ASV_1011	0.008458355	0.041171692	0.006415098	0.007575482
ASV_539	0.0688707343	0.0005882576	0.0037346124	0.0002034207
ASV_473	0.029723466	0.017761744	0.004594018	0.012456048
ASV_555	0.005594864	0.029526655	0.007106292	0.022726860
ASV_713	0.02262424	0.01537762	0.01294474	0.01568994
ASV_548	0.003616575	0.002249886	0.054268099	0.005051703
ASV_481	0.001322101	0.018421629	0.020332700	0.025415017
ASV_493	0.00390107	0.02817015	0.01999098	0.01254440
ASV_520	0.008134494	0.014283025	0.026865745	0.015676140
ASV_689	0.003875652	0.004054914	0.053197430	0.005686207
ASV_499	0.024327556	0.001420779	0.030516671	0.006539302
ASV_501	0.0000000000	0.0006066698	0.0631456465	0.0000000000
ASV_562	0.003119951	0.022801131	0.016615436	0.020448423
ASV_543	0.01507595	0.01556994	0.02153808	0.01075484
ASV_641	0.01609018	0.01672137	0.01106755	0.02031183
ASV_498	0.001966826	0.018099707	0.017543810	0.024760729
ASV_533	0.009371733	0.028437723	0.026724275	0.000201094
ASV_515	0.003369322	0.021455875	0.014661844	0.022028258
ASV_524	0.0641065385	0.0002103899	0.0008620570	0.0008004633
ASV_615	0.05760541	0.00000000	0.00000000	0.00000000
ASV_630	0.034397665	0.017441572	0.003724214	0.003680777
ASV_496	0.0607768247	0.0010251667	0.0007542861	0.0012285584
ASV_571	0.01510252	0.01566885	0.01476329	0.01647933
ASV_527	0.041762752	0.010526856	0.005646826	0.006451490
ASV_992	0.022301180	0.017016271	0.010763365	0.009590068
ASV_514	0.0005532463	0.0110682057	0.0002503486	0.0464522672
ASV_620	0.01531962	0.01368238	0.02057239	0.01090895
ASV_497	0.048280384	0.001767861	0.004326527	0.003479306
ASV_606	0.0012342539	0.0300864078	0.0004335366	0.0261997355
ASV_696	0.01601422	0.01277932	0.01698402	0.01343207
ASV_764	0.004464718	0.020294777	0.018346753	0.016968524
ASV_865	0.008110573	0.014123406	0.014612266	0.023028488
ASV_545	0.010485764	0.003781988	0.025653219	0.017862186
ASV_579	0.01894817	0.01599539	0.01004350	0.01377128
ASV_717	0.01904441	0.01154741	0.01611217	0.01275957
ASV_581	0.030719108	0.001019437	0.019395659	0.006506094
ASV_525	0.0554734752	0.0006139768	0.0017476248	0.0051801242
ASV_558	0.0002077568	0.0113958322	0.0002535889	0.0450015425
ASV_966	0.01367875	0.01734630	0.01101836	0.01570128
ASV_559	0.01475515	0.01029585	0.01765482	0.01662837
ASV_574	0.0534748166	0.0000000000	0.0002103647	0.0000000000
ASV_618	0.018869713	0.018955840	0.009440684	0.014320626
ASV_572	0.01020390	0.01707200	0.01562551	0.01438041
ASV_600	0.015763775	0.008743050	0.026102967	0.009356654
ASV_893	0.0480490670	0.0001930219	0.0112593422	0.0004022122
ASV_532	0.0386074226	0.0134686455	0.0006918227	0.0030579169
ASV_639	0.011856089	0.013866941	0.008174456	0.020558247
ASV_629	0.005239286	0.021896565	0.010384609	0.016265557
ASV_721	0.02007927	0.01142923	0.01203227	0.01028528
ASV_526	0.0558141644	0.0003851444	0.0002074555	0.0002034207
ASV_653	0.029688995	0.006470207	0.012611569	0.006935962
ASV_750	0.051957146	0.001002126	0.000000000	0.000000000
ASV_568	0.0479720158	0.0002000032	0.0008966812	0.0002076843
ASV_554	0.0536674473	0.0002021476	0.0002190422	0.0002052798
ASV_997	0.030033645	0.010248483	0.010857573	0.002474398
ASV_504	0.0455170212	0.0008224932	0.0072867876	0.0006164869
ASV_547	0.0003764692	0.0115313847	0.0139324251	0.0263355263
ASV_564	0.01479689	0.01151327	0.01106183	0.01410488
ASV_648	0.001817716	0.022298631	0.018122767	0.011645756
ASV_536	0.037211631	0.005014163	0.009275104	0.003065994
ASV_584	0.014564844	0.007037383	0.013884056	0.017322857
ASV_608	0.043148596	0.001225290	0.004094611	0.001626523
ASV_971	0.016800671	0.009272537	0.013575124	0.013596892
ASV_549	0.030710167	0.006741753	0.007376080	0.009265212
ASV_633	0.034234610	0.003276084	0.004567050	0.008041554
ASV_638	0.007753531	0.011765025	0.010846260	0.020926033
ASV_1448	0.01134264	0.01683610	0.01079215	0.01212747
ASV_659	0.0019260340	0.0050350183	0.0473687867	0.0002488825
ASV_661	0.018246330	0.008422141	0.015360807	0.008966021
ASV_551	0.005573754	0.020619335	0.011711444	0.012654790
ASV_1251	0.019080900	0.007560151	0.010064509	0.014887737
ASV_563	0.0583817433	0.0004021508	0.0004298312	0.0006153409
ASV_627	0.0572021262	0.0000000000	0.0004504397	0.0011089931
ASV_550	0.004462147	0.008749467	0.009955721	0.026980715
ASV_560	0.0492791996	0.0000000000	0.0002231719	0.0013249947
ASV_591	0.003240299	0.017993710	0.010264643	0.017464006
ASV_565	0.036074901	0.001994038	0.011065334	0.002515232
ASV_588	0.013823008	0.016690561	0.017781740	0.002838445
ASV_603	0.0502912484	0.0001904631	0.0000000000	0.0046707169
ASV_605	0.01252928	0.01207608	0.01488133	0.01026646
ASV_492	0.0545287526	0.0002036942	0.0002074555	0.0000000000
ASV_500	0.022359717	0.004213892	0.014133068	0.009188936
ASV_578	0.004479491	0.015503594	0.014048653	0.014534573
ASV_695	0.022370951	0.011285784	0.005776866	0.007494044
ASV_596	0.013573423	0.007688231	0.002700699	0.022190041
ASV_642	0.0520687910	0.0007845617	0.0000000000	0.0000000000
ASV_788	0.018652972	0.008815382	0.010866224	0.010064469
ASV_1496	0.0481224025	0.0016066101	0.0004361336	0.0008568422
ASV_744	0.020493378	0.018115000	0.005930089	0.001041453
ASV_553	0.0426196504	0.0002014878	0.0000000000	0.0008307373
ASV_687	0.019995105	0.010531604	0.008320637	0.008314402
ASV_660	0.008829318	0.016838566	0.006601690	0.018008092
ASV_580	0.034119768	0.007297872	0.002232730	0.001280773
ASV_900	0.014136607	0.008954929	0.008391017	0.014244130
ASV_1476	0.005500908	0.027421145	0.003905147	0.007216007
ASV_611	0.0008020869	0.0196405615	0.0121592656	0.0133507779
ASV_621	0.0433440832	0.0002103899	0.0002107890	0.0002208325
ASV_646	0.0005700470	0.0421631455	0.0000000000	0.0008568179
ASV_657	0.0507373941	0.0003931096	0.0004346093	0.0000000000
ASV_609	0.0092161132	0.0302686294	0.0007510458	0.0037332378
ASV_680	0.0057280770	0.0004116295	0.0192654639	0.0220893535
ASV_602	0.0413435663	0.0000000000	0.0002074555	0.0000000000
ASV_597	0.008595708	0.002841066	0.017187884	0.016204993
ASV_599	0.0459496350	0.0002012396	0.0002396507	0.0000000000
ASV_594	0.01519240	0.00724506	0.01304820	0.01007508
ASV_674	0.0276619026	0.0163030769	0.0002129617	0.0006232631
ASV_636	0.01125751	0.01185977	0.01083086	0.01000100
ASV_625	0.0508827824	0.0001904631	0.0002074555	0.0002034207
ASV_1146	0.012327985	0.009552362	0.007223976	0.013832615
ASV_540	0.0459457300	0.0000000000	0.0000000000	0.0002076843
ASV_649	0.006501165	0.008517555	0.007667483	0.020540280
ASV_844	0.005681544	0.004618910	0.006967876	0.026046554
ASV_847	0.009874383	0.003975983	0.017736939	0.011497551
ASV_1285	0.000878698	0.007055249	0.015000584	0.021559084
ASV_672	0.008500737	0.023568057	0.006764888	0.003702847
ASV_678	0.036603513	0.002837946	0.003020542	0.003821902
ASV_704	0.009583002	0.007191536	0.012373346	0.013507674
ASV_610	0.048608675	0.001028701	0.000000000	0.000000000
ASV_759	0.008118535	0.013790735	0.009097753	0.011784536
ASV_797	0.017100985	0.007157949	0.012242499	0.006431373
ASV_692	0.013438995	0.007789952	0.013929256	0.008500361
ASV_1142	0.001759754	0.017808585	0.007937217	0.014371035
ASV_995	0.012536504	0.009248655	0.010839214	0.009216702
ASV_669	0.0392319728	0.0004318684	0.0002396507	0.0000000000
ASV_688	0.009061043	0.011287728	0.009313946	0.012533148
ASV_780	0.0048999125	0.0006181082	0.0384929041	0.0005842130
ASV_1076	0.015190036	0.007387117	0.009442136	0.009771830
ASV_632	0.002969010	0.003995335	0.010083264	0.023544866
ASV_635	0.006969682	0.011740932	0.014712675	0.008725994
ASV_811	0.021994468	0.009908032	0.007540872	0.002651241
ASV_663	0.001172025	0.013764871	0.012980229	0.012825260
ASV_733	0.007564940	0.006477803	0.017137792	0.010834743
ASV_816	0.009276771	0.009802130	0.007628866	0.014008223
ASV_595	0.010673626	0.006514449	0.009683316	0.012841632
ASV_607	0.014224953	0.020105968	0.003868152	0.002099861
ASV_647	0.006946839	0.013637900	0.014442457	0.006055312
ASV_650	0.006503355	0.006658551	0.008832532	0.019128729
ASV_598	0.0005757787	0.0000000000	0.0409248020	0.0003935441
ASV_640	0.010308008	0.009081823	0.012832956	0.008594524
ASV_614	0.001887969	0.013695314	0.008033592	0.016660714
ASV_726	0.030912988	0.004516789	0.004258491	0.003078432
ASV_656	0.0003388636	0.0245891854	0.0151507793	0.0006158394
ASV_869	0.0421079491	0.0008106926	0.0004298312	0.0002131287
ASV_720	0.0219508924	0.0002103899	0.0004793014	0.0164873810
ASV_776	0.013035801	0.006954023	0.011144677	0.009767689
ASV_806	0.009959438	0.009540256	0.011657479	0.009268436
ASV_824	0.0372865483	0.0004012428	0.0006884330	0.0002034207
ASV_770	0.030956172	0.002166266	0.002309845	0.001623888
ASV_1001	0.002740529	0.006548999	0.019624806	0.012376660
ASV_779	0.034793647	0.002800889	0.005356656	0.002634547
ASV_697	0.005444836	0.013384831	0.006588344	0.012828556
ASV_622	0.002198039	0.013683204	0.009943116	0.012454145
ASV_670	0.005227586	0.013450686	0.011693949	0.007512905
ASV_624	0.005045939	0.006769438	0.018517358	0.007552329
ASV_723	0.010387472	0.013047577	0.003947981	0.009825757
ASV_895	0.006083951	0.013158485	0.008000378	0.010034509
ASV_705	0.004668766	0.003156504	0.026375029	0.004334205
ASV_616	0.0001858045	0.0091094521	0.0122094930	0.0162830901
ASV_619	0.023429437	0.004242048	0.006167888	0.003889784
ASV_736	0.0354611743	0.0000000000	0.0002103647	0.0000000000
ASV_833	0.0306898935	0.0016021700	0.0008769714	0.0014215323
ASV_664	0.003016605	0.002287365	0.006257251	0.025819779
ASV_655	0.0004411639	0.0211331112	0.0008733417	0.0126215690
ASV_761	0.013218219	0.001409676	0.009850837	0.012721232
ASV_834	0.011438916	0.008764362	0.008641878	0.007766976
ASV_956	0.011741603	0.006193930	0.011631532	0.007080537
ASV_671	0.0002763866	0.0018505724	0.0000000000	0.0343329476
ASV_791	0.007108221	0.008469295	0.008622808	0.012488357
ASV_1180	0.002521030	0.018343684	0.012853547	0.001834961
ASV_1424	0.009391149	0.009253238	0.009833391	0.007693069
ASV_675	0.0389411143	0.0006046269	0.0000000000	0.0000000000
ASV_731	0.011367896	0.011745166	0.004950859	0.009498661
ASV_645	0.0261255044	0.0003968289	0.0044682618	0.0030611599
ASV_690	0.03648556	0.00000000	0.00000000	0.00000000
ASV_715	0.0007781395	0.0035717608	0.0328180026	0.0000000000
ASV_730	0.0313715463	0.0003961691	0.0004681631	0.0000000000
ASV_751	0.0007385778	0.0010124427	0.0009203351	0.0322043757
ASV_1034	0.014641197	0.006082137	0.007946435	0.006392751
ASV_601	0.0006551834	0.0111878020	0.0120771506	0.0117974955
ASV_739	0.014789581	0.007571090	0.004722975	0.008443994
ASV_631	0.002434311	0.012183598	0.008137305	0.012653582
ASV_852	0.009310657	0.008962345	0.008826893	0.008419926
ASV_1101	0.011334552	0.011095169	0.006948932	0.004971646
ASV_1091	0.006912780	0.009087573	0.009639994	0.009194257
ASV_676	0.0316164532	0.0001904631	0.0002503486	0.0000000000
ASV_707	0.0252032018	0.0004160091	0.0004388771	0.0114701393
ASV_714	0.005419785	0.000000000	0.005358656	0.023278615
ASV_1144	0.008292207	0.008593109	0.007998120	0.009208135
ASV_685	0.002431873	0.009078799	0.009142278	0.013705882
ASV_686	0.009223363	0.007475349	0.007841027	0.009308709
ASV_785	0.0144091224	0.0180066082	0.0004320039	0.0000000000
ASV_857	0.012396126	0.012337592	0.005239732	0.003710046
ASV_623	0.0002077568	0.0044839364	0.0132905104	0.0165566148
ASV_666	0.0355019407	0.0004118777	0.0002129617	0.0000000000
ASV_871	0.009003559	0.008445882	0.007154107	0.008450117
ASV_1024	0.005153974	0.007867334	0.009910301	0.010288524
ASV_652	0.005757837	0.009428669	0.012309825	0.004603238
ASV_677	0.001506871	0.013545832	0.006847865	0.010200552
ASV_708	0.007939013	0.012806059	0.007826627	0.003815404
ASV_682	0.0381470080	0.0004118777	0.0002238203	0.0000000000
ASV_711	0.0367154102	0.0002103899	0.0000000000	0.0000000000
ASV_976	0.009407966	0.006403277	0.008007253	0.008460523
ASV_654	0.0001816372	0.0020089835	0.0015266838	0.0282197821
ASV_691	0.001103133	0.009011924	0.010669855	0.011807769
ASV_651	0.001270419	0.015665747	0.006579074	0.007795860
ASV_745	0.0346542759	0.0004215534	0.0000000000	0.0002011182
ASV_782	0.005734387	0.007203032	0.011065783	0.007083509
ASV_820	0.010856596	0.005017100	0.008416076	0.006706584
ASV_665	0.0274302912	0.0002000032	0.0002285124	0.0004320382
ASV_949	0.0085309759	0.0054645987	0.0002535889	0.0163812698
ASV_728	0.005610006	0.007604343	0.009204480	0.009783759
ASV_894	0.0283196598	0.0000000000	0.0002074555	0.0004262575
ASV_681	0.0297472014	0.0002103899	0.0000000000	0.0000000000
ASV_679	0.009433400	0.002946680	0.004891068	0.012458258
ASV_709	0.0306917940	0.0004033873	0.0004726311	0.0004101099
ASV_817	0.008615120	0.007398452	0.006844104	0.007293057
ASV_668	0.002487561	0.000000000	0.016982685	0.011019775
ASV_772	0.0257700362	0.0012393129	0.0002503486	0.0005973612
ASV_585	0.006607682	0.004596586	0.011519276	0.007289018
ASV_828	0.000000000	0.000000000	0.028558791	0.003140338
ASV_699	0.0085470812	0.0001965548	0.0213689800	0.0002208325
ASV_1231	0.008792244	0.007923845	0.007159099	0.004881683
ASV_684	0.000000000	0.006053645	0.018163551	0.006406924
ASV_702	0.0270773997	0.0009978040	0.0024213470	0.0008023467
ASV_881	0.010320505	0.007563193	0.002431913	0.008440862
ASV_694	0.008033290	0.008590840	0.007282059	0.004648441
ASV_700	0.0298950613	0.0003926107	0.0000000000	0.0000000000
ASV_710	0.0273201573	0.0000000000	0.0000000000	0.0002076843
ASV_747	0.006370644	0.004600985	0.010283424	0.006674988
ASV_1261	0.003215386	0.012812999	0.003003110	0.008477673
ASV_886	0.007275200	0.009971654	0.005543634	0.007222425
ASV_748	0.0268498633	0.0001904631	0.0002285124	0.0010263990
ASV_775	0.0004375341	0.0042280303	0.0219304500	0.0027407685
ASV_890	0.006337011	0.007454040	0.008828322	0.005608323
ASV_1129	0.014169578	0.003799937	0.002608663	0.006415078
ASV_693	0.0232402050	0.0007900783	0.0008353283	0.0021417564
ASV_815	0.006258131	0.006042213	0.009069415	0.006416020
ASV_1038	0.0300292051	0.0002103899	0.0004320039	0.0002131287
ASV_683	0.0000000000	0.0000000000	0.0301528326	0.0005969649
ASV_935	0.007095858	0.006212015	0.008264539	0.005647480
ASV_1042	0.0222326283	0.0022006044	0.0004681631	0.0013962961
ASV_1045	0.005723220	0.009202856	0.007371402	0.005349810
ASV_732	0.0278980508	0.0002103899	0.0004504397	0.0004285168
ASV_734	0.013973503	0.003644587	0.004914826	0.004902424
ASV_803	0.0085744532	0.0100933444	0.0008989873	0.0072281127
ASV_826	0.0259710303	0.0007927499	0.0016358742	0.0008389209
ASV_842	0.0291518654	0.0006010787	0.0007542861	0.0000000000
ASV_725	0.008953377	0.003039715	0.005637684	0.009284487
ASV_755	0.012330841	0.005155281	0.004961298	0.004897591
ASV_783	0.008532227	0.006603181	0.005156839	0.006416371
ASV_905	0.007898865	0.005005696	0.010110737	0.003530633
ASV_749	0.0245938757	0.0010369916	0.0002074555	0.0015146860
ASV_798	0.001936481	0.002190175	0.017441395	0.005850778
ASV_831	0.003029437	0.003004694	0.014148288	0.006544091
ASV_1256	0.008368661	0.006027987	0.006989645	0.005298532
ASV_719	0.008162595	0.001673969	0.007336731	0.008998635
ASV_756	0.002509844	0.006058212	0.009117105	0.008877376
ASV_1375	0.006851037	0.005509048	0.007148985	0.007065001
ASV_716	0.0257089960	0.0004000064	0.0004341850	0.0000000000
ASV_757	0.0100060367	0.0004263241	0.0113466065	0.0051574325
ASV_829	0.0003716091	0.0098833377	0.0040121187	0.0117714245
ASV_738	0.003976267	0.006288882	0.008945435	0.007070079
ASV_746	0.008290710	0.001599727	0.009137961	0.006979554
ASV_911	0.006328455	0.007650038	0.005871178	0.007238766
ASV_698	0.0000000000	0.0008306193	0.0009693007	0.0235932455
ASV_767	0.003955605	0.009624772	0.003287493	0.009273505
ASV_805	0.0235124779	0.0002036942	0.0002238203	0.0000000000
ASV_812	0.0015144325	0.0007904052	0.0199950838	0.0045634206
ASV_753	0.0266706	0.0000000	0.0000000	0.0000000
ASV_804	0.0007984571	0.0004159374	0.0008980282	0.0222548518
ASV_1100	0.008621987	0.004626037	0.005192829	0.006536851
ASV_1194	0.001646815	0.002999774	0.005283404	0.015479279
ASV_634	0.005760681	0.008171627	0.005026384	0.008955141
ASV_706	0.0001935779	0.0091751898	0.0103325202	0.0053671474
ASV_722	0.00000000	0.00000000	0.01621710	0.01046982
ASV_735	0.02661889	0.00000000	0.00000000	0.00000000
ASV_813	0.004363494	0.001606423	0.002450585	0.015994299
ASV_1197	0.012075680	0.004529806	0.003615143	0.007063860
ASV_743	0.000000000	0.007853164	0.009924963	0.007848885
ASV_836	0.022591698	0.000000000	0.000000000	0.000201094
ASV_868	0.0213090096	0.0018219390	0.0006574709	0.0008714890
ASV_1243	0.005740307	0.002811221	0.004976483	0.011213576
ASV_754	0.0231884610	0.0000000000	0.0000000000	0.0002076843
ASV_762	0.0247065917	0.0002000032	0.0006574709	0.0002488825
ASV_773	0.0001858045	0.0072511389	0.0119936412	0.0057090765
ASV_673	0.007499749	0.003237873	0.006498366	0.006937354
ASV_822	0.006926904	0.002767601	0.009532735	0.005012071
ASV_974	0.019715174	0.001832898	0.001651739	0.001069947
ASV_737	0.0000000000	0.0004003005	0.0014707853	0.0218245328
ASV_801	0.02303987	0.00000000	0.00000000	0.00000000
ASV_878	0.009356937	0.009268039	0.003053029	0.002481262
ASV_957	0.018593414	0.002004421	0.003377459	0.001035339
ASV_835	0.006073139	0.006598527	0.004244657	0.007081468
ASV_1010	0.006157660	0.007018027	0.004021098	0.007354865
ASV_1099	0.007255024	0.007086089	0.003425642	0.006017917
ASV_864	0.005180937	0.006029801	0.006854070	0.006360165
ASV_923	0.005067509	0.005420530	0.007601321	0.006410457
ASV_703	0.0238687758	0.0002103899	0.0000000000	0.0000000000
ASV_790	0.009628888	0.004461776	0.006089530	0.003529544
ASV_832	0.0000000000	0.0006160123	0.0239552026	0.0000000000
ASV_778	0.0229126788	0.0000000000	0.0002074555	0.0000000000
ASV_789	0.005686225	0.007741215	0.005091409	0.004851938
ASV_795	0.0237996	0.0000000	0.0000000	0.0000000
ASV_901	0.004203044	0.001604543	0.012589484	0.005025122
ASV_988	0.001705095	0.008411694	0.002422438	0.009789668
ASV_1139	0.005970112	0.004601389	0.005986248	0.006494781
ASV_774	0.005330236	0.004427971	0.007985474	0.005465173
ASV_784	0.005985887	0.005663739	0.005545809	0.005494393
ASV_808	0.0019855728	0.0155749813	0.0035726102	0.0006336172
ASV_875	0.001815048	0.007595183	0.004567424	0.008443709
ASV_880	0.0157626447	0.0005931128	0.0032149724	0.0048331345
ASV_913	0.003743909	0.003667268	0.004521081	0.011383276
ASV_891	0.003919899	0.005593834	0.005121151	0.007426169
ASV_1117	0.007246780	0.006255139	0.003147036	0.005236868
ASV_758	0.02311981	0.00000000	0.00000000	0.00000000
ASV_760	0.003744538	0.001400626	0.004290293	0.013140927
ASV_841	0.0259974149	0.0000000000	0.0002396507	0.0001882644
ASV_781	0.005012019	0.003415172	0.004615790	0.008945456
ASV_1032	0.006369399	0.005204939	0.006957572	0.002913502
ASV_830	0.0169485178	0.0025956176	0.0013061423	0.0008754099
ASV_866	0.001568544	0.001010631	0.018050243	0.002090527
ASV_1043	0.001025223	0.011471412	0.002901744	0.005493431
ASV_1049	0.0173517153	0.0002159342	0.0002238203	0.0048303406
ASV_752	0.001590345	0.009369886	0.003228644	0.007055973
ASV_863	0.002785939	0.005111357	0.006469853	0.006972915
ASV_967	0.003523682	0.006619066	0.004405080	0.008405271
ASV_1092	0.0004621912	0.0040534593	0.0004359679	0.0156642653
ASV_741	0.002052380	0.004485484	0.007263859	0.008003375
ASV_821	0.004149413	0.004386104	0.005678737	0.007004889
ASV_955	0.004734237	0.005033449	0.006600000	0.005359868
ASV_771	0.0192405827	0.0004021508	0.0004211537	0.0000000000
ASV_1131	0.006101064	0.004136750	0.006457073	0.004586851
ASV_851	0.0024741012	0.0108001728	0.0074065591	0.0004013931
ASV_942	0.0004411639	0.0038027818	0.0046491669	0.0119611873
ASV_964	0.002466313	0.005518130	0.005700944	0.008077923
ASV_1126	0.005912630	0.003766530	0.006394393	0.004812380
ASV_1148	0.003797545	0.005225532	0.004602079	0.008214638
ASV_777	0.000416738	0.007299463	0.004095332	0.009004158
ASV_872	0.0001919990	0.0002021476	0.0195325076	0.0022519759
ASV_1021	0.003890533	0.006093845	0.006501877	0.003508209
ASV_729	0.004777798	0.003618799	0.005257321	0.006322832
ASV_786	0.000191999	0.002688621	0.010771999	0.007573425
ASV_794	0.000000000	0.006311697	0.008774386	0.006009444
ASV_807	0.0239057203	0.0000000000	0.0002107890	0.0002488825
ASV_1033	0.006057186	0.003855755	0.006061304	0.004342014
ASV_1267	0.005543189	0.004092229	0.006440347	0.004513943
ASV_952	0.007573332	0.002621248	0.003009113	0.006503140
ASV_727	0.0008281827	0.0025566352	0.0090340004	0.0078915677
ASV_819	0.0003972158	0.0075496406	0.0024777974	0.0090512238
ASV_855	0.002347614	0.002370566	0.004030586	0.010786305
ASV_877	0.004227424	0.001625300	0.002974788	0.011077498
ASV_888	0.0159666572	0.0008224766	0.0015438785	0.0021046021
ASV_909	0.0055774760	0.0000000000	0.0006867569	0.0127958841
ASV_917	0.007288046	0.005401752	0.005111451	0.002225942
ASV_920	0.0164617554	0.0008233258	0.0002285124	0.0014409872
ASV_1374	0.007866750	0.002576988	0.006644839	0.002291706
ASV_799	0.0193240432	0.0004027274	0.0002129617	0.0004697150
ASV_926	0.005935931	0.001600026	0.009224127	0.002699896
ASV_823	0.0178635530	0.0004207798	0.0007146334	0.0002208325
ASV_918	0.006034294	0.003853641	0.005890869	0.003858459
ASV_922	0.014515682	0.002016036	0.001114496	0.002263787
ASV_934	0.001378658	0.001410529	0.009522309	0.008461148
ASV_1002	0.0180070568	0.0008181599	0.0006973409	0.0002089917
ASV_1213	0.005973487	0.004968349	0.004509538	0.003778308
ASV_1326	0.003177128	0.006161769	0.001385539	0.008390578
ASV_1116	0.003461161	0.006696971	0.005357572	0.003887307
ASV_1123	0.005952718	0.003228113	0.004220979	0.006131660
ASV_800	0.017223766	0.000000000	0.001001394	0.000000000
ASV_810	0.003788289	0.003503471	0.004578255	0.008602666
ASV_848	0.001500797	0.006386782	0.002772556	0.008663264
ASV_1003	0.0206770060	0.0000000000	0.0006550102	0.0000000000
ASV_860	0.0186287097	0.0003968289	0.0002107890	0.0000000000
ASV_1314	0.01744068	0.00000000	0.00000000	0.00000000
ASV_827	0.0192495979	0.0004125375	0.0000000000	0.0000000000
ASV_919	0.0182695035	0.0008050998	0.0004578041	0.0005877344
ASV_1265	0.007007721	0.003965316	0.003966136	0.002926726
ASV_1410	0.004346908	0.006452072	0.002958968	0.004903899
ASV_793	0.0198403198	0.0000000000	0.0002129617	0.0004620112
ASV_850	0.000000000	0.011187339	0.003196990	0.003347764
ASV_882	0.0002089812	0.0035945609	0.0167094417	0.0000000000
ASV_924	0.003999406	0.003876742	0.005260014	0.004677910
ASV_1077	0.004511329	0.004884854	0.005621244	0.003486805
ASV_1221	0.005004516	0.004233578	0.004909667	0.003924194
ASV_928	0.0183342550	0.0002103899	0.0000000000	0.0000000000
ASV_792	0.0151988750	0.0003987024	0.0033852838	0.0004001240
ASV_1070	0.0200553734	0.0002000032	0.0000000000	0.0000000000
ASV_1081	0.009858507	0.002655371	0.001547589	0.003076428
ASV_1143	0.004505593	0.003459462	0.005059537	0.004623142
ASV_845	0.0007187749	0.0038495965	0.0046237868	0.0083200219
ASV_870	0.01853781	0.00000000	0.00000000	0.00000000
ASV_968	0.002840431	0.006030504	0.002005927	0.007977488
ASV_1063	0.004142998	0.003651902	0.005547280	0.003980427
ASV_1173	0.004193350	0.002943021	0.006859361	0.003668645
ASV_1225	0.0008045169	0.0040185110	0.0063889609	0.0063594087
ASV_1376	0.001392190	0.005647520	0.004056012	0.006444741
ASV_1491	0.0159398841	0.0002021476	0.0002103647	0.0000000000
ASV_854	0.0167975709	0.0001904631	0.0019878414	0.0000000000
ASV_1195	0.003843371	0.004502919	0.003581806	0.004760416
ASV_825	0.0148923151	0.0000000000	0.0002231719	0.0002011182
ASV_902	0.0069937063	0.0002021476	0.0028898499	0.0075925363
ASV_975	0.0183094373	0.0004049338	0.0000000000	0.0002034207
ASV_1223	0.005636956	0.003972584	0.003624323	0.003561920
ASV_959	0.011020432	0.001464487	0.002302150	0.001015606
ASV_1008	0.002405515	0.003025905	0.002156412	0.008978403
ASV_1249	0.004170948	0.004370836	0.003923071	0.004522259
ASV_1435	0.0158860272	0.0000000000	0.0002074555	0.0000000000
ASV_951	0.0000000000	0.0034872860	0.0006777351	0.0120574785
ASV_1149	0.003096778	0.005580465	0.005914544	0.002111429
ASV_1204	0.005551518	0.002106090	0.003333390	0.005151298
ASV_933	0.001548623	0.006764014	0.006169281	0.001895414
ASV_953	0.004199450	0.005741162	0.003849983	0.002508515
ASV_963	0.002783558	0.005049307	0.003899387	0.004855023
ASV_1046	0.003681796	0.004349486	0.002862447	0.005644340
ASV_907	0.0000000000	0.0147923983	0.0006866429	0.0002131287
ASV_1151	0.003131676	0.002540894	0.005575101	0.004552665
ASV_1411	0.002426812	0.004531149	0.002294952	0.007184265
ASV_876	0.003223903	0.004899520	0.002895150	0.004600284
ASV_884	0.01709423	0.00000000	0.00000000	0.00000000
ASV_912	0.006379866	0.002000032	0.004558726	0.002701203
ASV_1171	0.005991380	0.002472222	0.003468373	0.004105439
ASV_1293	0.010788249	0.002214552	0.003048447	0.000400124
ASV_1350	0.0111214584	0.0006036617	0.0004633103	0.0046936583
ASV_1422	0.004704471	0.004325842	0.003639521	0.003635409
ASV_839	0.003340372	0.004493787	0.004861164	0.003264160
ASV_989	0.003397322	0.003670843	0.003321553	0.006080556
ASV_1165	0.001563789	0.004277743	0.005205911	0.004311011
ASV_1172	0.005064838	0.002381704	0.003762126	0.004761731
ASV_898	0.0158090860	0.0002021476	0.0000000000	0.0000000000
ASV_903	0.0140392757	0.0002103899	0.0004693908	0.0004142469
ASV_908	0.0087570888	0.0059813967	0.0009421713	0.0000000000
ASV_1052	0.01465638	0.00000000	0.00000000	0.00000000
ASV_1312	0.01433206	0.00000000	0.00000000	0.00000000
ASV_1366	0.003263740	0.004052202	0.004041327	0.004265107
ASV_818	0.008467633	0.001615086	0.003691131	0.002309503
ASV_937	0.01472146	0.00000000	0.00000000	0.00000000
ASV_986	0.000000000	0.003812858	0.003373726	0.008331449
ASV_991	0.002375728	0.003224658	0.004469781	0.005478759
ASV_1090	0.002769184	0.002441851	0.002695312	0.007222405
ASV_1114	0.003105029	0.003794917	0.003224111	0.005248799
ASV_1141	0.002092411	0.005343521	0.002151633	0.005958791
ASV_1168	0.005435336	0.003006436	0.003155149	0.003598916
ASV_846	0.003564679	0.004571847	0.003071635	0.003843351
ASV_1302	0.003461722	0.004286179	0.004531796	0.002716297
ASV_996	0.0161091368	0.0004171739	0.0004741689	0.0002076843
ASV_1059	0.003618413	0.003150846	0.002194552	0.007689155
ASV_1085	0.0146965473	0.0006208681	0.0000000000	0.0000000000
ASV_1102	0.003438801	0.002802421	0.003789953	0.005087937
ASV_887	0.0117845878	0.0008157975	0.0022712928	0.0008112251
ASV_943	0.002517946	0.001609377	0.002596000	0.007967120
ASV_970	0.003122931	0.003047410	0.002253137	0.005733174
ASV_1026	0.0004683856	0.0040341948	0.0037643865	0.0064328377
ASV_1030	0.004585618	0.003977042	0.002649268	0.002886545
ASV_1145	0.0003935613	0.0093885796	0.0031298605	0.0012620544
ASV_1297	0.003045895	0.004833296	0.003612171	0.002935000
ASV_1388	0.002709699	0.003538825	0.003735233	0.004521784
ASV_885	0.0003941415	0.0082507832	0.0021722558	0.0035618772
ASV_904	0.003598997	0.004475615	0.003832838	0.002861181
ASV_945	0.0145653768	0.0003912361	0.0000000000	0.0000000000
ASV_954	0.0003855769	0.0002021476	0.0144415984	0.0006373819
ASV_1044	0.003667430	0.002991965	0.003468438	0.004309408
ASV_1222	0.0001919990	0.0007618525	0.0136713801	0.0006145218
ASV_1488	0.0132323049	0.0002014878	0.0000000000	0.0000000000
ASV_840	0.004066363	0.004962003	0.002847549	0.004274150
ASV_896	0.0009263688	0.0052314818	0.0034498682	0.0048638689
ASV_1004	0.0140200014	0.0001946813	0.0000000000	0.0000000000
ASV_1015	0.0139460438	0.0001930219	0.0000000000	0.0002208325
ASV_1075	0.002864437	0.001774976	0.004533582	0.005014023
ASV_861	0.006917053	0.002616519	0.003439929	0.001184460
ASV_936	0.0139341219	0.0001946813	0.0000000000	0.0006624974
ASV_1035	0.007997220	0.002005633	0.002438994	0.001245317
ASV_1255	0.002323272	0.004943642	0.002665232	0.004729489
ASV_1334	0.003862898	0.003995821	0.003940417	0.001931855
ASV_1394	0.003177941	0.004330447	0.001604381	0.004727092
ASV_929	0.0127944012	0.0001946813	0.0004665506	0.0008168629
ASV_932	0.0002763866	0.0008035575	0.0000000000	0.0125653129
ASV_960	0.0190145795	0.0002159342	0.0000000000	0.0000000000
ASV_1037	0.0143402615	0.0001965548	0.0002074555	0.0002011182
ASV_1273	0.0139337768	0.0003904663	0.0000000000	0.0000000000
ASV_843	0.0168742	0.0000000	0.0000000	0.0000000
ASV_948	0.001801153	0.003379045	0.003881756	0.004778537
ASV_1027	0.0129760766	0.0002103899	0.0000000000	0.0006635090
ASV_1105	0.0007800426	0.0008079094	0.0008492498	0.0114431821
ASV_1301	0.004178634	0.003415724	0.003116663	0.003026547
ASV_1431	0.0121225511	0.0002021476	0.0006843096	0.0004022364
ASV_1495	0.01616083	0.00000000	0.00000000	0.00000000
ASV_1009	0.0008088281	0.0028643314	0.0071746381	0.0031900030
ASV_1072	0.004352499	0.003336768	0.003122058	0.002279496
ASV_1237	0.0122101571	0.0003987024	0.0002503486	0.0003935441
ASV_897	0.011074155	0.001010256	0.001075715	0.000000000
ASV_927	0.0074840851	0.0007995554	0.0024506634	0.0026781037
ASV_980	0.004077763	0.004268741	0.002522209	0.002645868
ASV_1138	0.004129533	0.003679674	0.002502621	0.003152249
ASV_1147	0.003044188	0.004224075	0.003187054	0.002850467
ASV_1459	0.002472021	0.002194660	0.006129149	0.002512046
ASV_921	0.01530696	0.00000000	0.00000000	0.00000000
ASV_946	0.0125547	0.0000000	0.0000000	0.0000000
ASV_1353	0.003038410	0.003425458	0.004118902	0.002470143
ASV_873	0.0107013744	0.0003977944	0.0004471062	0.0000000000
ASV_987	0.0001935779	0.0012337150	0.0000000000	0.0115552578
ASV_999	0.0127695767	0.0002012396	0.0004339610	0.0006635090
ASV_916	0.002428614	0.003418482	0.005686280	0.001450425
ASV_1019	0.01166168	0.00000000	0.00000000	0.00000000
ASV_1029	0.006415457	0.001840017	0.001949778	0.002618333
ASV_1150	0.002870252	0.004587778	0.003200043	0.001903187
ASV_1340	0.001321645	0.003204732	0.006118081	0.002044264
ASV_998	0.0132454941	0.0000000000	0.0000000000	0.0002011182
ASV_1013	0.002683554	0.002991430	0.004024589	0.002376564
ASV_1014	0.003186791	0.001798398	0.003559811	0.003530240
ASV_1097	0.002563916	0.002285558	0.002253137	0.004791853
ASV_849	0.003207842	0.001523705	0.003450527	0.004088524
ASV_910	0.004079515	0.001392398	0.005050211	0.002297578
ASV_983	0.01387186	0.00000000	0.00000000	0.00000000
ASV_984	0.003163127	0.001629727	0.003094138	0.004731493
ASV_1023	0.002569166	0.003563362	0.002352028	0.003850518
ASV_1067	0.01120062	0.00000000	0.00000000	0.00000000
ASV_1086	0.01361456	0.00000000	0.00000000	0.00000000
ASV_1104	0.003346874	0.004563126	0.003362203	0.000625220
ASV_1306	0.0021523156	0.0009872701	0.0088920888	0.0004090968
ASV_1458	0.002015633	0.003365669	0.003373863	0.003219894
ASV_889	0.003174432	0.002832430	0.003265254	0.002476481
ASV_985	0.002996949	0.003561022	0.002049154	0.003465392
ASV_1018	0.0101569053	0.0008021572	0.0000000000	0.0000000000
ASV_1025	0.001574470	0.002750213	0.002584707	0.004689712
ASV_1066	0.007729916	0.001752132	0.001988408	0.000400124
ASV_1080	0.002947914	0.001735836	0.003148333	0.003936233
ASV_1127	0.0007665381	0.0005951958	0.0107297083	0.0004416649
ASV_1135	0.0100960809	0.0004000064	0.0018688506	0.0000000000
ASV_1140	0.002851351	0.002863820	0.003400494	0.002913566
ASV_1161	0.01135937	0.00000000	0.00000000	0.00000000
ASV_1234	0.0058571806	0.0026279190	0.0004476406	0.0024922118
ASV_1278	0.001420634	0.001413482	0.002160520	0.006668071
ASV_1349	0.0118112872	0.0002103899	0.0000000000	0.0000000000
ASV_938	0.01327057	0.00000000	0.00000000	0.00000000
ASV_962	0.001626601	0.001823316	0.002609551	0.005780383
ASV_969	0.0091014558	0.0008001033	0.0018571948	0.0005928033
ASV_978	0.001988603	0.002991646	0.002954993	0.003986034
ASV_1000	0.003325390	0.003627763	0.003051356	0.001702400
ASV_1040	0.01087336	0.00000000	0.00000000	0.00000000
ASV_1078	0.001432104	0.003925179	0.001777076	0.005097541
ASV_1110	0.0088576230	0.0004051820	0.0002396507	0.0013177069
ASV_1134	0.0053892404	0.0039875965	0.0007012295	0.0008444506
ASV_1155	0.002745533	0.001400022	0.005138885	0.002314345
ASV_906	0.011630066	0.000000000	0.000000000	0.000469715
ASV_1028	0.0014730858	0.0075451003	0.0017853755	0.0002034207
ASV_1055	0.000000000	0.004033459	0.002208425	0.005064361
ASV_1082	0.001080286	0.007817904	0.001328961	0.001064685
ASV_1178	0.002114938	0.002815709	0.004518552	0.002213364
ASV_1192	0.005907431	0.001640487	0.002860469	0.001907758
ASV_1300	0.003971585	0.002401425	0.002624594	0.002152640
ASV_941	0.0000000000	0.0028483562	0.0006855372	0.0081980730
ASV_977	0.005066750	0.002220200	0.002827615	0.001661505
ASV_1005	0.006390053	0.000400249	0.002131954	0.001804580
ASV_1174	0.002678030	0.001965548	0.004951490	0.001324995
ASV_1212	0.002889479	0.001188200	0.001536163	0.005582151
ASV_1228	0.0010855298	0.0004034118	0.0009191630	0.0084610201
ASV_1409	0.003049772	0.003568020	0.001314253	0.004544606
ASV_1016	0.00000000	0.00000000	0.01166365	0.00000000
ASV_1017	0.0089111565	0.0007938781	0.0007229797	0.0002089917
ASV_1189	0.0137442490	0.0000000000	0.0000000000	0.0002131287
ASV_1466	0.0009769772	0.0007735370	0.0023427131	0.0067177734
ASV_931	0.003768435	0.001714168	0.001502092	0.003612538
ASV_1050	0.001934706	0.003854745	0.002129617	0.003016409
ASV_1299	0.004968347	0.001802721	0.001317111	0.002479518
ASV_1472	0.001969155	0.003187948	0.003505363	0.002087106
ASV_1047	0.0003388636	0.0020059947	0.0048257316	0.0037255581
ASV_1073	0.0013597117	0.0025465656	0.0005006972	0.0057577279
ASV_1163	0.008971868	0.001079671	0.001053945	0.000000000
ASV_1207	0.0000000000	0.0099877114	0.0002129617	0.0000000000
ASV_1282	0.0014834164	0.0028710194	0.0008729156	0.0053465850
ASV_1380	0.000000	0.000000	0.011661	0.000000
ASV_1418	0.003649992	0.001187031	0.003008572	0.002614992
ASV_950	0.004124556	0.002265209	0.002644347	0.001666661
ASV_981	0.000000000	0.000000000	0.007151325	0.003885378
ASV_1241	0.0102937676	0.0008191553	0.0002535889	0.0000000000
ASV_1012	0.0005532463	0.0023747543	0.0033516199	0.0038023881
ASV_1020	0.009488475	0.001400022	0.000000000	0.000000000
ASV_1074	0.0000000000	0.0029852959	0.0008822913	0.0060684684
ASV_1107	0.005254679	0.002002439	0.001124079	0.001435600
ASV_1181	0.0115935693	0.0000000000	0.0002190422	0.0006511190
ASV_1196	0.0082177597	0.0004068588	0.0000000000	0.0010217877
ASV_1270	0.004906121	0.000000000	0.004004991	0.001545827
ASV_1463	0.002380457	0.002455371	0.002984366	0.002522615
ASV_1481	0.000191999	0.009286127	0.000000000	0.000000000
ASV_1031	0.0004155136	0.0004207798	0.0018484837	0.0072079415
ASV_1048	0.00000000	0.00000000	0.00000000	0.00989228
ASV_1051	0.0076965165	0.0000000000	0.0030096260	0.0002131287
ASV_1088	0.001243342	0.000607637	0.003318161	0.004805639
ASV_1115	0.001633850	0.003066902	0.001450324	0.003923994
ASV_1124	0.001823246	0.001397554	0.002966100	0.003862289
ASV_1156	0.000000000	0.003457103	0.001094677	0.005276492
ASV_1253	0.001935032	0.003248724	0.002034897	0.002644648
ASV_1338	0.0086837878	0.0001904631	0.0008444801	0.0002011182
ASV_925	0.001986530	0.000000000	0.004652208	0.003253099
ASV_973	0.009501607	0.000000000	0.000000000	0.000000000
ASV_1007	0.000672378	0.002633461	0.003572223	0.002963972
ASV_1041	0.0079560457	0.0000000000	0.0008952812	0.0004416649
ASV_1064	0.0002297773	0.0000000000	0.0098749330	0.0000000000
ASV_1069	0.0094409832	0.0002103899	0.0000000000	0.0000000000
ASV_1071	0.001781168	0.002620965	0.001729058	0.003217644
ASV_1238	0.009179509	0.000000000	0.000000000	0.000000000
ASV_1321	0.001756150	0.001803144	0.001977379	0.003929148
ASV_1364	0.001348673	0.003112067	0.001775122	0.003721019
ASV_1393	0.001746846	0.002988404	0.003819522	0.001268128
ASV_1415	0.001564512	0.002242226	0.002199272	0.003735449
ASV_961	0.008798075	0.000000000	0.000000000	0.000000000
ASV_1036	0.0083026196	0.0001965548	0.0004469922	0.0002112057
ASV_1109	0.0101365554	0.0001965548	0.0002190422	0.0000000000
ASV_1183	0.009607216	0.001199394	0.000463471	0.000000000
ASV_1188	0.01046499	0.00000000	0.00000000	0.00000000
ASV_1327	0.001701767	0.001204264	0.003100345	0.003529405
ASV_1054	0.002202809	0.001623947	0.002263648	0.003207142
ASV_1056	0.0009853162	0.0024073994	0.0017935424	0.0039655190
ASV_1087	0.0090149241	0.0000000000	0.0000000000	0.0001882644
ASV_1094	0.0008086056	0.0013840221	0.0012777702	0.0058036938
ASV_1242	0.0075611637	0.0002012396	0.0004633103	0.0004541623
ASV_1342	0.002149202	0.002387228	0.002973442	0.001832904
ASV_1347	0.008851767	0.000000000	0.000000000	0.000000000
ASV_1389	0.000000000	0.003185224	0.001336847	0.004524802
ASV_1406	0.002490054	0.002478066	0.002377973	0.002458037
ASV_1068	0.008477169	0.000000000	0.000000000	0.000000000
ASV_1153	0.0031567040	0.0009930632	0.0028350543	0.0022233642
ASV_1244	0.0018837986	0.0004000064	0.0020499709	0.0048625239
ASV_1271	0.0084534094	0.0002159342	0.0002107890	0.0006033547
ASV_990	0.002569116	0.002085869	0.001752338	0.003730923
ASV_1065	0.008317706	0.000000000	0.000210789	0.000000000
ASV_1118	0.0070403696	0.0000000000	0.0015020917	0.0001967033
ASV_1232	0.0094988988	0.0000000000	0.0002190422	0.0000000000
ASV_1370	0.002840651	0.001987077	0.001529005	0.002416906
ASV_1397	0.0009007185	0.0026734751	0.0021745367	0.0032743547
ASV_1433	0.0077741025	0.0001946813	0.0009427724	0.0000000000
ASV_1057	0.002507012	0.001226146	0.003697242	0.001411286
ASV_1170	0.0034917131	0.0030418058	0.0006897226	0.0016328894
ASV_1177	0.0000000000	0.0002036942	0.0004526124	0.0076503058
ASV_1266	0.005730424	0.000401491	0.002002123	0.001423005
ASV_1329	0.0017108166	0.0009792343	0.0041115316	0.0023078926
ASV_1345	0.008380402	0.000000000	0.000000000	0.000000000
ASV_1108	0.002536765	0.004429058	0.001359246	0.000406398
ASV_1122	0.0051725220	0.0006000096	0.0011688660	0.0014681108
ASV_1187	0.0078248039	0.0000000000	0.0000000000	0.0004320382
ASV_1190	0.0000000000	0.0006043216	0.0024728498	0.0058080954
ASV_993	0.001547093	0.000606862	0.002803175	0.003938830
ASV_1083	0.0004853678	0.0026259679	0.0030717883	0.0019724750
ASV_1093	0.001233987	0.002240595	0.002033412	0.002847569
ASV_1112	0.0084272276	0.0000000000	0.0009402318	0.0010076159
ASV_1125	0.0032590411	0.0013770419	0.0004693908	0.0030171042
ASV_1166	0.002464163	0.002593607	0.001608813	0.001435574
ASV_1210	0.0083046255	0.0000000000	0.0002231719	0.0000000000
ASV_1248	0.0032340099	0.0007845321	0.0027142996	0.0016474163
ASV_1470	0.002839644	0.001773273	0.002063298	0.001448818
ASV_1098	0.002508690	0.002026497	0.002097391	0.001274466
ASV_1103	0.000000000	0.001445059	0.001372690	0.005374519
ASV_1186	0.009602941	0.000000000	0.000000000	0.000201094
ASV_1219	0.002795247	0.002490790	0.001127807	0.002428290
ASV_1224	0.003078193	0.001591664	0.002229988	0.001034125
ASV_1239	0.010519943	0.000000000	0.000000000	0.000201094
ASV_1322	0.002337515	0.002604739	0.001844037	0.001229970
ASV_1365	0.0027687517	0.0008063628	0.0032530768	0.0014644119
ASV_1386	0.000669948	0.002809716	0.001224566	0.003315477
ASV_1412	0.003263682	0.002890828	0.001970078	0.001068048
ASV_1443	0.0007432181	0.0021273196	0.0020471971	0.0028507735
ASV_1095	0.003080660	0.001232842	0.002386245	0.001222906
ASV_1132	0.0054690098	0.0005974087	0.0015997100	0.0007940644
ASV_1176	0.0000000000	0.0002000032	0.0050205426	0.0028155845
ASV_1274	0.007951776	0.000000000	0.000000000	0.000000000
ASV_1319	0.000000000	0.001196571	0.001104119	0.005336539
ASV_1355	0.001375583	0.000396558	0.002231164	0.003778984
ASV_1432	0.000000000	0.000000000	0.007492753	0.001002484
ASV_1483	0.007893172	0.000000000	0.000000000	0.000000000
ASV_1130	0.0009509576	0.0000000000	0.0000000000	0.0065788089
ASV_1226	0.002110211	0.001590486	0.002460441	0.001246106
ASV_1272	0.006158834	0.000000000	0.001254983	0.000000000
ASV_1296	0.0021629357	0.0007618525	0.0020027889	0.0026463516
ASV_1351	0.0012571554	0.0029244229	0.0009140496	0.0022841463
ASV_1354	0.0045671780	0.0004051820	0.0009251879	0.0021208472
ASV_1414	0.001377964	0.002048198	0.002558589	0.001858437
ASV_1450	0.001884597	0.001003577	0.001809622	0.003154334
ASV_1475	0.0044306776	0.0014309257	0.0007309981	0.0012623469
ASV_972	0.006869847	0.000000000	0.000000000	0.000000000
ASV_1133	0.0064181934	0.0000000000	0.0002396507	0.0001882644
ASV_1152	0.0024398455	0.0011427788	0.0002503486	0.0031116872
ASV_1162	0.007180397	0.000000000	0.000000000	0.000000000
ASV_1201	0.002420286	0.001607027	0.001726762	0.001709557
ASV_1230	0.0001970707	0.0000000000	0.0075206740	0.0002011182
ASV_1269	0.0044176428	0.0027065887	0.0002074555	0.0000000000
ASV_1335	0.002106405	0.001227207	0.002423093	0.001510560
ASV_1474	0.0005929792	0.0013393336	0.0036890481	0.0019578266
ASV_1494	0.006897485	0.000000000	0.000000000	0.000000000
ASV_1058	0.000000000	0.000000000	0.000000000	0.006916305
ASV_1167	0.0008486724	0.0008002554	0.0009052248	0.0045470443
ASV_1252	0.0006878011	0.0026832647	0.0002535889	0.0035714265
ASV_1263	0.002059743	0.001000016	0.002548299	0.001453790
ASV_1268	0.0010112114	0.0041598250	0.0016074081	0.0002052798
ASV_1284	0.001422763	0.000818183	0.002299471	0.002776801
ASV_1325	0.0000000000	0.0004000064	0.0012245664	0.0054289553
ASV_1330	0.002293209	0.000985111	0.001986442	0.001850697
ASV_1407	0.0045689906	0.0008233258	0.0008571216	0.0006200967
ASV_1440	0.0008294264	0.0010132334	0.0009240236	0.0043249666
ASV_1137	0.0023139844	0.0007845321	0.0015507740	0.0023086358
ASV_1164	0.002617762	0.001417175	0.001626875	0.001984416
ASV_1209	0.0059717368	0.0002000032	0.0002396507	0.0000000000
ASV_1217	0.0009339814	0.0015668111	0.0020725546	0.0022496687
ASV_1240	0.005602421	0.000000000	0.001339032	0.000000000
ASV_1359	0.0008450275	0.0031663913	0.0002231719	0.0029262971
ASV_1372	0.001908973	0.001190479	0.003150107	0.000623053
ASV_1419	0.003111375	0.001216570	0.001092344	0.001707257
ASV_1471	0.0017043073	0.0018211906	0.0029393562	0.0006382651
ASV_1084	0.0064397315	0.0000000000	0.0002503486	0.0000000000
ASV_1193	0.001087370	0.001419322	0.002458979	0.001856897
ASV_1198	0.0037554682	0.0006068620	0.0017206327	0.0008113173
ASV_1208	0.006673192	0.000000000	0.000000000	0.000000000
ASV_1233	0.0001858045	0.0046000736	0.0020027889	0.0000000000
ASV_1260	0.002831722	0.001366316	0.001397969	0.001275687
ASV_1315	0.0062686847	0.0001904631	0.0000000000	0.0001882644
ASV_1387	0.002509028	0.001858333	0.001179011	0.001256060
ASV_1420	0.0008540152	0.0012173086	0.0023900102	0.0023082874
ASV_1456	0.0025564583	0.0018020482	0.0009832389	0.0014634409
ASV_1465	0.0032264546	0.0014150333	0.0013142658	0.0008044729
ASV_1121	0.0011482526	0.0019628934	0.0008880998	0.0022740512
ASV_1154	0.0004841434	0.0010137350	0.0018520914	0.0033365990
ASV_1310	0.0000000000	0.0057708161	0.0005006972	0.0000000000
ASV_1316	0.001930335	0.000000000	0.002509536	0.002284495
ASV_1320	0.0003698718	0.0021982031	0.0009486519	0.0028882577
ASV_1157	0.0015784054	0.0008000128	0.0028172362	0.0012461059
ASV_1205	0.0022005441	0.0022143432	0.0006537994	0.0010139142
ASV_1206	0.0058695268	0.0000000000	0.0004633103	0.0000000000
ASV_1227	0.001250307	0.001604675	0.001973641	0.001464915
ASV_1283	0.002650456	0.001842787	0.001167132	0.001033823
ASV_1287	0.0012310688	0.0000000000	0.0007114862	0.0042858576
ASV_1362	0.0029811048	0.0006064428	0.0007510458	0.0022399365
ASV_1444	0.0007432181	0.0025233884	0.0015995868	0.0012237270
ASV_1482	0.0057269619	0.0001946813	0.0000000000	0.0000000000
ASV_1489	0.006366199	0.000000000	0.000000000	0.000000000
ASV_1061	0.0016209029	0.0009523157	0.0022531375	0.0013924436
ASV_1136	0.0015632112	0.0029961092	0.0009280837	0.0010655559
ASV_1160	0.0055141117	0.0002021476	0.0000000000	0.0000000000
ASV_1175	0.0007605053	0.0012046266	0.0025749453	0.0015873753
ASV_1202	0.0010865230	0.0018389015	0.0025987936	0.0008100297
ASV_1216	0.0030213231	0.0008216314	0.0013448652	0.0012661087
ASV_1371	0.0007681806	0.0008000128	0.0025304585	0.0021162876
ASV_1425	0.001728116	0.001167694	0.001582410	0.001652706
ASV_1439	0.0018493173	0.0008017400	0.0008649264	0.0025394896
ASV_1464	0.0028110745	0.0007850605	0.0013099165	0.0012855420
ASV_1486	0.007806716	0.000000000	0.000000000	0.000000000
ASV_1236	0.0003736362	0.0052223391	0.0000000000	0.0000000000
ASV_1264	0.0009744149	0.0009887547	0.0017784315	0.0022333866
ASV_1303	0.0000000000	0.0014016802	0.0004428625	0.0039903571
ASV_1363	0.0016142165	0.0005809295	0.0008846247	0.0026732962
ASV_1404	0.0009766252	0.0020058000	0.0009391261	0.0018737809
ASV_1169	0.0015978734	0.0000000000	0.0002129617	0.0038462610
ASV_1295	0.001533611	0.000000000	0.001001394	0.003510860
ASV_1317	0.0012398521	0.0023353448	0.0011643982	0.0008254447
ASV_1337	0.0038749059	0.0000000000	0.0004767609	0.0020111822
ASV_1401	0.0003818124	0.0010053722	0.0004628226	0.0037018202
ASV_1402	0.0014972364	0.0014410490	0.0007011435	0.0020626097
ASV_1447	0.0009336284	0.0020640785	0.0012333979	0.0017257194
ASV_1461	0.0023359856	0.0008233975	0.0013101923	0.0014668732
ASV_1318	0.0013579307	0.0002014878	0.0006223666	0.0031977329
ASV_1323	0.0007676005	0.0008019001	0.0011763159	0.0027134598
ASV_1344	0.0001935779	0.0049372506	0.0000000000	0.0000000000
ASV_1358	0.0015878185	0.0022726514	0.0004665506	0.0012822312
ASV_1369	0.000389394	0.001206614	0.002101084	0.001820342
ASV_1377	0.0000000000	0.0001946813	0.0055482751	0.0002112057
ASV_1449	0.0013326332	0.0007925522	0.0022497298	0.0012487403
ASV_1493	0.005919483	0.000000000	0.000000000	0.000000000
ASV_1199	0.001933944	0.000000000	0.002451830	0.001044971
ASV_1286	0.000402559	0.001429304	0.002464628	0.001054058
ASV_1298	0.0000000000	0.0012485043	0.0009074753	0.0031383398
ASV_1307	0.0002763866	0.0027795112	0.0021250781	0.0000000000
ASV_1324	0.0000000000	0.0028461459	0.0004298312	0.0018360449
ASV_1331	0.0020879929	0.0017959654	0.0008885803	0.0004153686
ASV_1333	0.000581393	0.001212595	0.001641497	0.001897511
ASV_1408	0.0013779574	0.0007679442	0.0008810672	0.0020278252
ASV_1428	0.001230604	0.001172327	0.001703204	0.001138025
ASV_1438	0.000000000	0.002528636	0.000000000	0.002422840
ASV_1441	0.001281049	0.001207235	0.001380656	0.001377632
ASV_1485	0.0049663031	0.0004042952	0.0000000000	0.0004022364
ASV_1185	0.0044408989	0.0000000000	0.0002503486	0.0000000000
ASV_1262	0.0017093550	0.0002014878	0.0008630522	0.0024828395
ASV_1382	0.000000000	0.003000048	0.002253137	0.000000000
ASV_1384	0.0050766967	0.0002014878	0.0000000000	0.0000000000
ASV_1245	0.0005793659	0.0011757068	0.0009642026	0.0021203568
ASV_1289	0.0007432181	0.0023923168	0.0002285124	0.0012483038
ASV_1339	0.0020892886	0.0009523157	0.0010013944	0.0007779218
ASV_1360	0.0002297773	0.0020243264	0.0011018541	0.0015966690
ASV_1395	0.001551307	0.000000000	0.001117405	0.002305675
ASV_1396	0.0004668142	0.0016688070	0.0020287113	0.0010338227
ASV_1416	0.001355454	0.001006198	0.001314253	0.001718289
ASV_1304	0.0008618370	0.0022197273	0.0004793014	0.0010055668
ASV_1308	0.0003388636	0.0000000000	0.0050133029	0.0000000000
ASV_1346	0.0038597875	0.0002159342	0.0000000000	0.0004021879
ASV_1367	0.001906601	0.000000000	0.001348939	0.001855175
ASV_1398	0.0010366167	0.0009725892	0.0009585014	0.0016803802
ASV_1423	0.0013390152	0.0009883668	0.0012938275	0.0008659181
ASV_1429	0.0038794052	0.0010061982	0.0002074555	0.0006049403
ASV_1436	0.0037558880	0.0004036354	0.0000000000	0.0000000000
ASV_1437	0.004119102	0.000000000	0.000000000	0.000000000
ASV_1469	0.000802200	0.003418870	0.000000000	0.000201094
ASV_1490	0.00432397	0.00000000	0.00000000	0.00000000
ASV_1159	0.0040076776	0.0001930219	0.0000000000	0.0000000000
ASV_1229	0.0043845229	0.0000000000	0.0000000000	0.0002011182
ASV_1288	0.0014245248	0.0008272474	0.0004821013	0.0018531991
ASV_1452	0.0036523978	0.0001946813	0.0002074555	0.0002034207
ASV_1487	0.004093729	0.000000000	0.000000000	0.000000000
ASV_1257	0.0022138821	0.0001904631	0.0010013944	0.0008027862
ASV_1332	0.0003787079	0.0004000064	0.0020578598	0.0014723828
ASV_1462	0.0020160493	0.0006046514	0.0006973409	0.0008473598
ASV_1259	0.0009939594	0.0013332419	0.0005006972	0.0010159149
ASV_1292	0.0009544866	0.0002000032	0.0022793628	0.0006187894
ASV_1305	0.0014878218	0.0000000000	0.0009140496	0.0013949737
ASV_1378	0.0019900122	0.0007803053	0.0006685932	0.0006828437
ASV_1383	0.0036482578	0.0002036942	0.0002129617	0.0000000000
ASV_1336	0.002419324	0.000000000	0.000000000	0.001766660
ASV_1379	0.0015416341	0.0012260151	0.0006286092	0.0004124124
ASV_1492	0.00364084	0.00000000	0.00000000	0.00000000
ASV_1484	0.003421007	0.000000000	0.000000000	0.000000000
ASV_1281	0.0003802336	0.0000000000	0.0018194004	0.0012033625
ASV_1381	0.0011287703	0.0014156608	0.0008856453	0.0000000000
ASV_1348	0.002924583	0.000000000	0.000000000	0.000000000
ASV_1421	0.0006479957	0.0003977944	0.0016052162	0.0006432439
ASV_1442	0.0003716091	0.0013561314	0.0004788610	0.0008158180
ASV_1478	0.0001816372	0.0021964592	0.0006281849	0.0000000000
ASV_1480	0.000000000	0.002946448	0.000000000	0.000000000
ASV_1479	0.0024217529	0.0001930219	0.0000000000	0.0002076843
