OTUID	All	HMAT	LMAT	MD	NC
ASV_1	4.218166	6.348323	1.330658	2.657246	6.536439
ASV_2	4.153571	6.5005669	4.0464218	5.7896329	0.2776629
ASV_3	4.214495	6.7463368	7.9230936	1.4341822	0.7543685
ASV_10	2.213509	1.3188888	1.6940059	5.7160216	0.1251192
ASV_11	1.904152	1.4145174	0.3242452	5.5809541	0.2968901
ASV_4	1.634725	0.6457993	5.4906974	0.3682044	0.0342001
ASV_6	1.481044	0.01777695	0.03480075	0.04797468	5.82362527
ASV_7	1.37879	0.9398270	1.9619156	2.3592172	0.2541987
ASV_13	1.418679	1.83269953	3.66357942	0.07653682	0.10189925
ASV_8	1.457967	0.31649963	1.44593456	0.09100837	3.97842648
ASV_9	1.365155	1.9112916	1.9895802	0.8133638	0.7463859
ASV_16	1.211399	1.90685535	0.61252506	0.00960648	2.31661104
ASV_17	1.034608	0.7593616	0.1952609	2.9101133	0.2736963
ASV_22	0.998845	0.56189206	0.82884354	2.56133275	0.04331251
ASV_15	0.979078	0.6873450	0.4734404	2.5535456	0.2019809
ASV_1385	0.965092	1.99709668	1.79466687	0.03677216	0.03183311
ASV_37	1.11358	0.03880031	0.03241841	0.01289902	4.37020259
ASV_19	0.957101	1.4167361	0.4562254	0.4950291	1.4604119
ASV_20	0.88415	0.78195129	0.67549767	2.01702776	0.06212301
ASV_12	0.850533	2.15077262	0.88439646	0.35530682	0.01165514
ASV_21	0.857957	0.8917453	0.8478509	1.0757893	0.6164443
ASV_29	0.822642	0.78708476	0.61258633	1.81804259	0.07285376
ASV_28	0.767242	0.59220239	0.58084942	1.82609147	0.06982534
ASV_14	0.753084	0.1833483	0.5409629	0.6896208	1.5984022
ASV_39	0.825978	0.2285571	0.2040017	0.0386609	2.8326936
ASV_24	0.686727	0.7528300	1.2958439	0.4128525	0.2853826
ASV_26	0.657944	1.1276041	0.9285946	0.4157819	0.1597949
ASV_23	0.644729	0.7725132	0.5907299	0.7931802	0.4224934
ASV_34	0.729265	0.01916838	0.01937170	0.02163365	2.85688626
ASV_31	0.647277	0.8062496	0.3599122	1.1976159	0.2253313
ASV_25	0.620822	1.338281	0.728009	0.235831	0.181166
ASV_32	0.613356	1.09798491	0.39636759	0.91860585	0.04046594
ASV_119	0.582439	0.67789158	0.49751324	1.08898356	0.06536655
ASV_157	0.595817	0.6675158	0.8015106	0.5760954	0.3381453
ASV_33	0.589291	0.77437554	1.25136737	0.31803375	0.01338628
ASV_46	0.510775	0.2670443	0.4877946	1.0192884	0.2689717
ASV_74	0.531015	0.011175099	0.003908867	0.020176677	2.088799255
ASV_41	0.520249	0.39910246	1.59102940	0.07871014	0.01215588
ASV_38	0.502562	0.75056590	0.81199749	0.40901503	0.03867073
ASV_65	0.476119	0.20487519	0.71486228	0.94435378	0.04038504
ASV_60	0.44534	0.38488155	0.23904385	1.13525371	0.02218266
ASV_72	0.548829	0.0009046065	0.0039249104	0.0065801566	2.1839075552
ASV_48	0.494564	0.1455085	0.6064547	0.2024951	1.0237982
ASV_47	0.434784	0.40639345	0.21823933	1.08757693	0.02692634
ASV_50	0.445654	0.9510465826	0.8282438015	0.0008085905	0.0025169215
ASV_52	0.465522	0.4225013	0.2227894	0.3158073	0.9009897
ASV_35	0.438545	0.3930328	0.7287337	0.1757795	0.4566349
ASV_54	0.435943	0.132263651	1.591170140	0.012781091	0.007556518
ASV_62	0.415973	0.7111769	0.2962779	0.5113419	0.1450943
ASV_44	0.42855	0.6591129	0.5320855	0.3850071	0.1379950
ASV_1214	0.402022	0.4784006	0.3206224	0.6953091	0.1137544
ASV_30	0.412268	0.02820191	0.06505281	0.04143704	1.51438073
ASV_49	0.404313	0.4437887	0.2618234	0.7650115	0.1466270
ASV_42	0.391043	0.50701938	0.34118499	0.67298193	0.04298492
ASV_120	0.398248	0.64151597	0.37618756	0.53893395	0.03635427
ASV_55	0.373312	0.4706747	0.2909623	0.4085375	0.3230734
ASV_51	0.379146	0.3947555	0.6842048	0.2302299	0.2073945
ASV_27	0.392388	0.36549636	0.76360061	0.04748148	0.39297530
ASV_43	0.367355	0.3777531	0.7739315	0.1449994	0.1727341
ASV_1390	0.349988	0.28354630	0.23881844	0.79395123	0.08363688
ASV_100	0.388419	0.14360181	0.08010681	0.07726957	1.25269819
ASV_218	0.335151	0.27419911	0.22951177	0.77553712	0.06135691
ASV_63	0.357001	0.3700662	0.2231871	0.1343501	0.7003993
ASV_70	0.320519	0.20715996	0.20049839	0.84578451	0.02863379
ASV_61	0.33957	0.2918882	0.4509168	0.2266139	0.3888613
ASV_64	0.315925	0.4622382	0.2854138	0.4088914	0.1071552
ASV_59	0.3181	0.39271462	0.27712337	0.57956834	0.02299367
ASV_80	0.308395	0.45631628	0.26517975	0.48690022	0.02518504
ASV_91	0.312288	0.08591954	0.13016011	0.93227955	0.10079325
ASV_82	0.3187	0.6136851	0.2149848	0.2577779	0.1883529
ASV_56	0.34213	0.02995033	0.29028895	0.11416662	0.93411402
ASV_67	0.331961	0.1832437	0.1710276	0.2945196	0.6790541
ASV_77	0.291835	0.46374553	0.34938586	0.29772457	0.05648564
ASV_53	0.289347	0.52973985	0.24265004	0.36508543	0.01991326
ASV_1277	0.279627	0.13815288	0.21951653	0.71985132	0.04098886
ASV_88	0.275864	0.2432938	0.1835892	0.5634131	0.1131614
ASV_118	0.334218	0.010278905	0.011827817	0.008648453	1.306116964
ASV_69	0.307266	1.216015084	0.006916933	0.002791231	0.003339446
ASV_135	0.273577	0.3329992	0.2204541	0.4380119	0.1028442
ASV_105	0.31329	0.004290393	0.003319057	0.006799108	1.238749722
ASV_965	0.266951	0.19222548	0.29071748	0.51696692	0.06789527
ASV_103	0.307759	0.464353332	0.003041837	0.035795353	0.727844328
ASV_79	0.255174	0.40800024	0.21672945	0.36537805	0.03058721
ASV_36	0.249651	0.004172156	0.009355185	0.014040403	0.971036956
ASV_87	0.254442	0.32229105	0.58642593	0.06043582	0.04861546
ASV_57	0.269326	0.05304341	0.04869159	0.03961715	0.93595199
ASV_84	0.252115	0.06227345	0.23754983	0.55671759	0.15191873
ASV_76	0.245414	0.1594648	0.1458075	0.2666515	0.4097328
ASV_85	0.24459	0.04539486	0.63875782	0.10073996	0.19346891
ASV_66	0.234922	0.31935127	0.33439195	0.21173083	0.07421541
ASV_89	0.258872	0.052632964	0.008391689	0.111762604	0.862701765
ASV_104	0.237297	0.33611713	0.41179756	0.15589559	0.04537853
ASV_73	0.229047	0.2263720	0.2732785	0.2065329	0.2100063
ASV_134	0.231132	0.503265131	0.404138013	0.013308655	0.003815397
ASV_83	0.229134	0.01677371	0.18331646	0.17816541	0.53827895
ASV_108	0.220824	0.01610407	0.32982135	0.47269643	0.06467228
ASV_156	0.212788	0.005286432	0.813779489	0.024454361	0.007630517
ASV_101	0.23431	0.05785420	0.05616502	0.08434887	0.73887012
ASV_98	0.212938	0.171597629	0.392307443	0.283190298	0.004657266
ASV_112	0.211221	0.63172760	0.13163991	0.07559382	0.00592088
ASV_99	0.206708	0.283224755	0.086717621	0.447530229	0.009361013
ASV_78	0.19933	0.13845034	0.04849906	0.57757264	0.03279920
ASV_552	0.220147	0.13700989	0.09854751	0.14493827	0.50009122
ASV_71	0.204173	0.15440718	0.39769260	0.06903849	0.19555430
ASV_81	0.207411	0.33928219	0.09642204	0.27826645	0.11567236
ASV_148	0.210938	0.1546446	0.1034591	0.2047735	0.3808762
ASV_96	0.201683	0.25310956	0.34101138	0.18971026	0.02290256
ASV_867	0.205848	0.3751840	0.1219758	0.2100141	0.1162182
ASV_94	0.205523	0.04895868	0.24992354	0.07879193	0.44441711
ASV_110	0.196688	0.26030508	0.31113397	0.15291214	0.06240131
ASV_107	0.207099	0.007467324	0.369330275	0.169273491	0.282324902
ASV_75	0.192432	0.24840395	0.16148977	0.33489056	0.02494324
ASV_109	0.207661	0.06883297	0.28127666	0.08519961	0.39533319
ASV_164	0.194915	0.1476593	0.2092194	0.1667878	0.2559954
ASV_113	0.197806	0.1643821	0.2280877	0.1211287	0.2776236
ASV_122	0.187352	0.245226576	0.307148286	0.191081698	0.005950417
ASV_219	0.189188	0.64419711	0.04360595	0.01790454	0.05104536
ASV_45	0.172685	0.01886420	0.02073273	0.01691620	0.63422687
ASV_129	0.189509	0.19792266	0.39447619	0.07158196	0.09405405
ASV_151	0.174242	0.29668490	0.09647934	0.23692397	0.06687968
ASV_126	0.177265	0.068490067	0.377850417	0.259552607	0.003167431
ASV_1446	0.16924	0.20076068	0.10474342	0.30709575	0.06435921
ASV_114	0.171943	0.25673203	0.09784171	0.20641378	0.12678555
ASV_181	0.166977	0.6672294991	0.0000000000	0.0000000000	0.0006777272
ASV_86	0.168369	0.27165280	0.18808679	0.19804198	0.01569457
ASV_123	0.162048	0.17578248	0.08164997	0.38055624	0.01020502
ASV_1343	0.16169	0.198478257	0.147157162	0.296583075	0.004539586
ASV_128	0.17304	0.10779116	0.23316217	0.07713132	0.27407709
ASV_68	0.163484	0.25532961	0.13889119	0.02889692	0.23081935
ASV_131	0.167879	0.08521367	0.16089430	0.10363569	0.32177163
ASV_97	0.163564	0.16874285	0.29098487	0.08573032	0.10879719
ASV_133	0.153781	0.047769873	0.199444135	0.360469650	0.007439225
ASV_92	0.161588	0.03593808	0.43318454	0.06546599	0.11176501
ASV_132	0.160522	0.18877910	0.26351344	0.11329193	0.07650438
ASV_275	0.173334	0.06283678	0.14623788	0.02951805	0.45474138
ASV_143	0.155306	0.10839964	0.08500956	0.18011910	0.24769514
ASV_167	0.151601	0.09174057	0.29889666	0.14535577	0.07041072
ASV_137	0.146227	0.16762439	0.13742684	0.20925626	0.07059934
ASV_145	0.142346	0.17828016	0.13581302	0.20857894	0.04671368
ASV_570	0.139152	0.12585999	0.09609901	0.31985954	0.01479031
ASV_130	0.147023	0.14945967	0.27268603	0.08161974	0.08432776
ASV_170	0.145651	0.20150713	0.17182475	0.09153224	0.11773861
ASV_111	0.13993	0.22717839	0.14549254	0.17200562	0.01504218
ASV_125	0.146105	0.06389861	0.32592945	0.04430156	0.15028975
ASV_136	0.139458	0.22141806	0.10380143	0.19906961	0.03354287
ASV_189	0.133017	0.13765219	0.09032677	0.26848225	0.03560549
ASV_115	0.139319	0.10677747	0.09133356	0.20920592	0.14995834
ASV_127	0.133262	0.010562880	0.170044719	0.007303986	0.345136224
ASV_573	0.139102	0.15074547	0.11999253	0.08120472	0.20446467
ASV_102	0.147113	0.07853080	0.07536754	0.06044707	0.37410840
ASV_90	0.149405	0.01416903	0.01723316	0.05867379	0.50754229
ASV_121	0.132006	0.11192503	0.10808474	0.24009771	0.06791834
ASV_192	0.131607	0.28163086	0.02387898	0.20478096	0.01613694
ASV_147	0.136987	0.10153788	0.12283206	0.07458784	0.24899050
ASV_150	0.133479	0.16811857	0.22942007	0.08243842	0.05393827
ASV_124	0.138511	0.03772007	0.06492949	0.03920212	0.41219244
ASV_161	0.137614	0.015445957	0.011144846	0.007558737	0.516305930
ASV_160	0.126669	0.24062154	0.12391633	0.07596023	0.06617745
ASV_159	0.135409	0.00454889	0.05010314	0.00246140	0.48452352
ASV_117	0.12335	0.15743521	0.10708524	0.21124728	0.01763183
ASV_213	0.121585	0.349943673	0.133160715	0.002003010	0.001233866
ASV_1427	0.118812	0.10500320	0.04366830	0.26972279	0.05685175
ASV_153	0.12065	0.15875350	0.17822053	0.06552564	0.08010050
ASV_141	0.124256	0.08165827	0.07050208	0.07832199	0.26654143
ASV_1200	0.110971	0.0471035	0.1120148	0.2607364	0.0240279
ASV_175	0.115133	0.13736964	0.16671141	0.12634142	0.03011138
ASV_165	0.121742	0.08507494	0.11521320	0.06895903	0.21771895
ASV_231	0.115235	0.003813396	0.362313252	0.086732597	0.008081004
ASV_173	0.110709	0.18800553	0.13949495	0.06426487	0.05106913
ASV_453	0.109523	0.12744928	0.07914404	0.21037426	0.02112305
ASV_224	0.144129	0.0009955301	0.0000000000	0.0004029756	0.5751156595
ASV_174	0.108045	0.10600641	0.07234870	0.23559805	0.01822809
ASV_176	0.112162	0.001701523	0.001278458	0.002406433	0.443261243
ASV_195	0.11333	0.003037069	0.003396410	0.004814024	0.442070951
ASV_235	0.10757	0.03693645	0.08197472	0.15516170	0.15620656
ASV_202	0.104523	0.07432113	0.05045276	0.20597245	0.08734660
ASV_1368	0.102641	0.14637950	0.08002853	0.09293947	0.09121489
ASV_190	0.108628	0.01439460	0.01195876	0.09273790	0.31541940
ASV_214	0.097266	0.03860947	0.05047599	0.28669014	0.01328826
ASV_196	0.099171	0.10819762	0.07712912	0.16942485	0.04193243
ASV_171	0.099298	0.14175408	0.14565047	0.06445268	0.04533567
ASV_191	0.10797	0.04946265	0.05879632	0.03249528	0.29112526
ASV_183	0.100175	0.128252242	0.168672936	0.096980787	0.006795559
ASV_217	0.097357	0.2722340359	0.1151539098	0.0016517020	0.0003871557
ASV_222	0.095794	0.083879893	0.110642374	0.181296074	0.007356438
ASV_1309	0.095646	0.06957799	0.03542617	0.24765354	0.02992745
ASV_1405	0.090936	0.051430246	0.071286438	0.234132639	0.006893697
ASV_185	0.093018	0.09869392	0.06173989	0.20405948	0.00757920
ASV_166	0.098654	0.14009559	0.06641116	0.02137190	0.16673575
ASV_206	0.091364	0.05627158	0.07962576	0.19614888	0.03341099
ASV_373	0.092821	0.11979265	0.16792388	0.07051809	0.01304977
ASV_237	0.090698	0.05701027	0.06132943	0.18855739	0.05589324
ASV_146	0.092488	0.151337786	0.090640392	0.118503081	0.009472507
ASV_194	0.088686	0.10253008	0.03337115	0.20191414	0.01692791
ASV_203	0.088767	0.07108137	0.08705837	0.16617334	0.03075604
ASV_426	0.089579	0.192222134	0.140643372	0.023610667	0.001839194
ASV_306	0.089704	0.08201738	0.15266651	0.11264974	0.01148350
ASV_162	0.087778	0.10335872	0.08472862	0.12625766	0.03676678
ASV_225	0.087676	0.04637320	0.07305215	0.18536002	0.04591696
ASV_177	0.089372	0.10467322	0.14525467	0.09002200	0.01753805
ASV_193	0.088252	0.15631844	0.07023708	0.10751981	0.01893270
ASV_172	0.087046	0.042279494	0.258084666	0.039491190	0.008327237
ASV_182	0.086279	0.08659606	0.10561697	0.07345104	0.07945272
ASV_1445	0.082325	0.09482257	0.07442675	0.14293618	0.01711582
ASV_328	0.082858	0.064001014	0.072647399	0.188610568	0.006174154
ASV_604	0.0869	0.07976691	0.15411057	0.04410850	0.06961574
ASV_187	0.084865	0.16331477	0.07661197	0.08660511	0.01292705
ASV_184	0.083381	0.05563677	0.04595070	0.16406159	0.06787540
ASV_169	0.083402	0.03566656	0.11619433	0.16922015	0.01252538
ASV_188	0.086929	0.06463774	0.09304667	0.06640012	0.12363095
ASV_207	0.085573	0.0264032964	0.3121135211	0.0007720875	0.0030047317
ASV_266	0.087691	0.04846325	0.08551693	0.06224031	0.15454306
ASV_180	0.085197	0.07770911	0.10070517	0.04213106	0.12024362
ASV_144	0.081126	0.13611609	0.08974887	0.01650893	0.08212937
ASV_472	0.082624	0.186034138	0.069941838	0.065800502	0.008719654
ASV_226	0.076864	0.10351771	0.06381743	0.12188038	0.01824016
ASV_210	0.079784	0.19419533	0.06006218	0.03665564	0.02822148
ASV_211	0.077728	0.10094339	0.04091198	0.15884801	0.01020718
ASV_229	0.079126	0.12716291	0.11786226	0.05383094	0.01764705
ASV_204	0.07754	0.101872210	0.073205263	0.132144554	0.002938648
ASV_40	0.073781	0.012871954	0.048772552	0.225711766	0.007769192
ASV_250	0.076825	0.1954745318	0.1076137825	0.0037522821	0.0004595546
ASV_158	0.072738	0.099816490	0.131045941	0.052419244	0.007671166
ASV_215	0.080116	0.12339894	0.07510939	0.03392955	0.08802762
ASV_583	0.074527	0.10052998	0.06762054	0.10966366	0.02029201
ASV_163	0.069064	0.0008833298	0.0025059039	0.0024260037	0.2704408937
ASV_238	0.07471	0.08042122	0.14674805	0.06090881	0.01076322
ASV_274	0.07491	0.03835030	0.05507878	0.10150791	0.10470240
ASV_247	0.084134	0.0579729818	0.0767739003	0.0003860437	0.2014014525
ASV_251	0.076525	0.095335909	0.140617707	0.005692675	0.064452885
ASV_197	0.067906	0.082638221	0.015845946	0.171443523	0.001697523
ASV_290	0.075941	0.02805902	0.11904197	0.03518498	0.12147779
ASV_212	0.069951	0.101666445	0.022303528	0.147265691	0.008568316
ASV_1467	0.070632	0.06182378	0.03746657	0.15980963	0.02342975
ASV_357	0.082069	0.0009046065	0.0012457726	0.0024734581	0.3236513827
ASV_154	0.079573	0.002971932	0.003884010	0.004796220	0.306638900
ASV_263	0.069326	0.05874312	0.04324269	0.10480864	0.07050984
ASV_205	0.073055	0.0624441563	0.2094038109	0.0007791533	0.0195935056
ASV_233	0.06642	0.039790016	0.032187789	0.186101704	0.007600533
ASV_234	0.067656	0.08791926	0.11005865	0.06253778	0.01010946
ASV_293	0.074244	0.10428766	0.06267387	0.01378203	0.11623095
ASV_209	0.067016	0.03057623	0.05028129	0.10561204	0.08159536
ASV_198	0.068355	0.05326919	0.05937116	0.11486896	0.04591140
ASV_223	0.06727	0.10195444	0.05547767	0.10070587	0.01094211
ASV_276	0.068746	0.06731089	0.05242415	0.06019720	0.09505334
ASV_243	0.06578	0.10807579	0.07352206	0.06674520	0.01477779
ASV_317	0.066221	0.08174544	0.10007894	0.07221035	0.01084993
ASV_1356	0.064529	0.10879627	0.08836956	0.04585777	0.01509241
ASV_282	0.060496	0.0004224115	0.2366342351	0.0008072708	0.0041207102
ASV_979	0.063007	0.12041113	0.06305032	0.02898209	0.03958346
ASV_428	0.065956	0.0004153686	0.0004589725	0.0036362500	0.2593133489
ASV_239	0.066705	0.04835856	0.09916284	0.04128246	0.07801703
ASV_280	0.067606	0.01864556	0.21990596	0.02829457	0.00357831
ASV_260	0.063647	0.109387545	0.130579504	0.012465450	0.002153919
ASV_883	0.060963	0.01583601	0.08945676	0.11799576	0.02056330
ASV_199	0.061935	0.053860817	0.126717865	0.061872251	0.005289437
ASV_244	0.064007	0.05937087	0.10040369	0.03021489	0.06603884
ASV_262	0.070979	0.007302377	0.008991792	0.010847286	0.256775940
ASV_230	0.062538	0.02259554	0.08519773	0.12218702	0.02017257
ASV_232	0.064309	0.04782313	0.11174000	0.03660424	0.06106866
ASV_178	0.060763	0.07907745	0.04288123	0.10243477	0.01865971
ASV_338	0.065294	0.013491670	0.004793031	0.064325706	0.178564078
ASV_471	0.060024	0.058229480	0.083344805	0.096569475	0.001953216
ASV_316	0.059518	0.022734228	0.002589405	0.187817250	0.024929270
ASV_261	0.059289	0.0758290945	0.0686576769	0.0918209350	0.0008467103
ASV_315	0.065629	0.009065533	0.082772847	0.007413250	0.163263016
ASV_200	0.059636	0.09183863	0.01526436	0.08022397	0.05121618
ASV_254	0.058401	0.05432005	0.05086161	0.10317092	0.02525214
ASV_383	0.059612	0.03817688	0.07327711	0.05826078	0.06873472
ASV_278	0.059404	0.05455321	0.05008040	0.09102359	0.04195948
ASV_297	0.05664	0.033927861	0.073240115	0.115191213	0.004199395
ASV_240	0.065019	0.011385345	0.007562508	0.007561509	0.233565784
ASV_1128	0.056998	0.01695458	0.03008480	0.16928759	0.01166534
ASV_288	0.061752	0.05546120	0.05500430	0.01688306	0.11965861
ASV_271	0.057307	0.048158672	0.114029125	0.065718723	0.001320769
ASV_236	0.055988	0.03325110	0.10146945	0.06823576	0.02099389
ASV_272	0.057256	0.06306489	0.11601713	0.03914292	0.01079811
ASV_249	0.058498	0.04668768	0.07243794	0.02144685	0.09341781
ASV_255	0.055862	0.1705017472	0.0512956199	0.0008068235	0.0008435526
ASV_259	0.055146	0.09668211	0.05866035	0.05426154	0.01097928
ASV_257	0.057373	0.07845535	0.05880347	0.01447294	0.07775875
ASV_300	0.052077	0.026134538	0.016619440	0.158749552	0.006802705
ASV_322	0.056684	0.09347095	0.09880549	0.01870387	0.01575711
ASV_296	0.058799	0.067424682	0.088203657	0.007458048	0.072110983
ASV_360	0.054035	0.002199288	0.141910735	0.066394040	0.005637873
ASV_1357	0.058536	0.051622747	0.095841830	0.004767459	0.081911159
ASV_423	0.059085	0.000000000	0.001828158	0.001651702	0.232858419
ASV_287	0.0531	0.04099191	0.04655962	0.08193751	0.04291240
ASV_301	0.052855	0.070579639	0.068289897	0.068796558	0.003753401
ASV_291	0.052371	0.06447139	0.07068808	0.06232710	0.01199762
ASV_351	0.051788	0.042278390	0.033295905	0.127675123	0.003901356
ASV_295	0.052693	0.06271335	0.09222826	0.04460160	0.01122720
ASV_252	0.054578	0.06168368	0.08420092	0.03224215	0.04018411
ASV_1211	0.051109	0.06449942	0.04242438	0.08520459	0.01230882
ASV_256	0.055523	0.01910188	0.04179214	0.02860512	0.13259263
ASV_308	0.052011	0.003312938	0.001699394	0.003994176	0.199037818
ASV_228	0.051989	0.01867203	0.07783710	0.09981677	0.01162841
ASV_303	0.050324	0.094763253	0.066089353	0.037501923	0.002942735
ASV_208	0.051245	0.008893393	0.009643981	0.010245497	0.176196067
ASV_321	0.0551	0.0003765287	0.0004649130	0.0008138894	0.2187446492
ASV_305	0.050919	0.095958806	0.083527388	0.016028996	0.008161013
ASV_359	0.060251	0.001742387	0.001258845	0.001196186	0.236806611
ASV_283	0.048336	0.02711034	0.02562309	0.12258561	0.01802401
ASV_246	0.054448	0.002550030	0.001288762	0.029638235	0.184316469
ASV_326	0.049511	0.07940143	0.02906155	0.07140310	0.01817682
ASV_366	0.048606	0.04731138	0.05066182	0.03795831	0.05849158
ASV_350	0.062728	0.0008136829	0.0004589725	0.0011854478	0.2484542309
ASV_320	0.048805	0.056855491	0.082905674	0.005204423	0.050254844
ASV_277	0.052039	0.02234060	0.04388331	0.02623168	0.11570116
ASV_365	0.046357	0.01084204	0.04229130	0.11103456	0.02126169
ASV_1454	0.045216	0.04357038	0.11394921	0.02071187	0.00263335
ASV_354	0.044434	0.01697232	0.03904320	0.02514259	0.09657919
ASV_465	0.045974	0.04198581	0.04232339	0.03217477	0.06741157
ASV_284	0.046134	0.02025718	0.01282074	0.05495950	0.09649903
ASV_407	0.055263	0.013620318	0.002560088	0.003584367	0.201285441
ASV_341	0.049707	0.027885324	0.006204096	0.011768169	0.152970266
ASV_435	0.046773	0.05904589	0.04572840	0.03572941	0.04659023
ASV_302	0.046693	0.01040287	0.10076329	0.01044343	0.06516438
ASV_142	0.051566	0.006954874	0.003391458	0.003576249	0.192340723
ASV_216	0.046646	0.002110182	0.003435341	0.008794342	0.172243402
ASV_314	0.044701	0.04138377	0.02106880	0.04124619	0.07510492
ASV_994	0.041873	0.026281337	0.069168437	0.066904779	0.005139324
ASV_333	0.043305	0.080946398	0.045026552	0.042089430	0.005156986
ASV_258	0.042505	0.072503759	0.077091218	0.016996310	0.003428241
ASV_332	0.046057	0.017612588	0.007023973	0.023302466	0.136288878
ASV_434	0.040992	0.160979447	0.001757438	0.000000000	0.001230500
ASV_265	0.044679	0.017445466	0.007052934	0.003208029	0.151009002
ASV_253	0.043529	0.03546728	0.03198661	0.04954703	0.05711659
ASV_389	0.040317	0.006948607	0.035228844	0.117398519	0.001693421
ASV_415	0.052079	0.0000000000	0.0004103372	0.0000000000	0.2079040821
ASV_420	0.04253	0.04702615	0.03482205	0.04460841	0.04366183
ASV_1477	0.040672	0.02462327	0.02590151	0.09618239	0.01598245
ASV_310	0.041602	0.02252868	0.04433422	0.05021548	0.04932771
ASV_270	0.041919	0.091294285	0.036198866	0.033423041	0.006758233
ASV_330	0.039987	0.04601605	0.03931363	0.05641395	0.01820587
ASV_393	0.043587	0.0004153686	0.0025990086	0.0008085905	0.1705269573
ASV_409	0.049604	0.001281135	0.001245773	0.000000000	0.195887330
ASV_139	0.046409	0.002076843	0.003859840	0.002820433	0.176880809
ASV_352	0.040182	0.048696708	0.023064086	0.085312048	0.003656816
ASV_318	0.040916	0.03732787	0.06842656	0.01573501	0.04217471
ASV_378	0.041752	0.07200116	0.01472400	0.01161001	0.06867296
ASV_422	0.047813	0.0004977650	0.0004091486	0.0000000000	0.1903440483
ASV_451	0.040208	0.159148067	0.000000000	0.001683119	0.000000000
ASV_402	0.042639	0.01197394	0.01068132	0.05491145	0.09299058
ASV_269	0.038992	0.04850032	0.04839536	0.04877965	0.01029264
ASV_1400	0.039554	0.05928048	0.03312930	0.04684460	0.01896325
ASV_431	0.050143	0.021584168	0.012785604	0.005172555	0.161029798
ASV_345	0.038052	0.033162796	0.026542339	0.083959285	0.008544578
ASV_201	0.038859	0.060264470	0.037608793	0.004410765	0.053150944
ASV_286	0.039803	0.06824897	0.05271857	0.01891818	0.01932709
ASV_518	0.038387	0.01394944	0.03341039	0.04684688	0.05934218
ASV_331	0.037997	0.054365277	0.030712232	0.061417535	0.005491379
ASV_510	0.038472	0.04610367	0.03412541	0.02601353	0.04764611
ASV_425	0.037505	0.049159029	0.049585768	0.047572619	0.003703487
ASV_395	0.042166	0.001290171	0.001674829	0.032297556	0.133401242
ASV_1468	0.036529	0.01307913	0.09723035	0.02393986	0.01186731
ASV_410	0.037079	0.02536948	0.09927972	0.01002544	0.01364030
ASV_319	0.037825	0.03192595	0.04601575	0.01323208	0.06012490
ASV_404	0.036363	0.044868130	0.033963879	0.056625624	0.009994433
ASV_281	0.036674	0.046238354	0.033030920	0.059698244	0.007727906
ASV_375	0.037404	0.05099024	0.06182581	0.01461203	0.02218893
ASV_367	0.037859	0.03312140	0.05658061	0.02135777	0.04037750
ASV_299	0.035711	0.074750974	0.019826167	0.040128125	0.008138081
ASV_530	0.035784	0.04669234	0.02916444	0.05547526	0.01180416
ASV_248	0.035097	0.03913022	0.02266118	0.06676511	0.01183040
ASV_379	0.037578	0.06379949	0.03772311	0.01410317	0.03468516
ASV_457	0.034459	0.02706213	0.02062431	0.05746931	0.03268219
ASV_312	0.035079	0.053471125	0.035425367	0.044853870	0.006566872
ASV_742	0.035296	0.1007402310	0.0395619759	0.0004207798	0.0004595546
ASV_337	0.046423	0.0009394299	0.0025766296	0.0012017000	0.1809742184
ASV_874	0.035327	0.01956347	0.02109653	0.05473935	0.04590925
ASV_369	0.034263	0.05406788	0.03718972	0.03110423	0.01469086
ASV_329	0.034966	0.0801429487	0.0289240328	0.0298604255	0.0009367713
ASV_1399	0.035983	0.041178115	0.069597804	0.031996674	0.001158309
ASV_358	0.036241	0.03754410	0.06071780	0.02289565	0.02380661
ASV_267	0.036514	0.068365294	0.054140182	0.002421365	0.021129706
ASV_289	0.034354	0.01194636	0.02819295	0.06988589	0.02738962
ASV_482	0.034937	0.02882428	0.03720373	0.03198524	0.04173547
ASV_387	0.033391	0.047416272	0.011076673	0.069964726	0.005107381
ASV_356	0.033919	0.02873550	0.07647254	0.01712487	0.01334132
ASV_340	0.033317	0.015210703	0.043565495	0.068704741	0.005786582
ASV_400	0.034855	0.003189799	0.115757673	0.019328200	0.001144541
ASV_544	0.034996	0.03386310	0.03277554	0.02709198	0.04625330
ASV_324	0.034226	0.03199280	0.01744419	0.03280117	0.05466560
ASV_406	0.033785	0.03096126	0.03654345	0.02624075	0.04139507
ASV_349	0.032611	0.045630825	0.042540329	0.035017422	0.007256474
ASV_468	0.032006	0.01879039	0.01788428	0.08034268	0.01100557
ASV_424	0.035442	0.001667033	0.006596120	0.001648830	0.131856541
ASV_363	0.034458	0.014129256	0.057708424	0.002354317	0.063640974
ASV_347	0.031718	0.047453629	0.033300686	0.042505446	0.003613218
ASV_384	0.032637	0.03805875	0.03145219	0.02314243	0.03789496
ASV_432	0.033854	0.03357760	0.02999435	0.01598023	0.05586418
ASV_346	0.03163	0.04072621	0.01630527	0.05766115	0.01182778
ASV_362	0.031316	0.040471909	0.021658331	0.054752476	0.008380199
ASV_561	0.03236	0.03236841	0.02980678	0.02173322	0.04553044
ASV_1254	0.030369	0.04950491	0.01891863	0.04285080	0.01019993
ASV_405	0.032369	0.03661152	0.04354620	0.02189253	0.02742483
ASV_372	0.031453	0.04008219	0.03221077	0.02876338	0.02475461
ASV_294	0.032398	0.081345849	0.009993999	0.001186767	0.037064936
ASV_361	0.031857	0.02350380	0.04889858	0.02084167	0.03418485
ASV_1215	0.03013	0.02604598	0.05855893	0.02504660	0.01086876
ASV_382	0.031318	0.01191744	0.03701417	0.02996103	0.04638022
ASV_313	0.028158	0.0417542799	0.0017166292	0.0683923144	0.0007679961
ASV_469	0.033019	0.0000000000	0.0004393596	0.0008068235	0.1308290715
ASV_273	0.028524	0.024289005	0.006875136	0.076988617	0.005944230
ASV_343	0.029841	0.03622185	0.02089557	0.05165866	0.01058813
ASV_442	0.030363	0.0008640764	0.1113239444	0.0051208712	0.0041437140
ASV_437	0.033856	0.073909573	0.013429666	0.004330324	0.043752558
ASV_264	0.029504	0.01456656	0.02771783	0.04151724	0.03421616
ASV_309	0.029765	0.01877396	0.01731702	0.02907571	0.05389433
ASV_327	0.029842	0.059929491	0.038727685	0.015419164	0.005292647
ASV_377	0.029027	0.03912150	0.05110149	0.02588544	0.00000000
ASV_376	0.028406	0.02666657	0.01703088	0.05480909	0.01511910
ASV_397	0.030431	0.007156050	0.035022209	0.005194843	0.074349455
ASV_507	0.028208	0.02763024	0.03605238	0.01742418	0.03172487
ASV_418	0.028813	0.03555630	0.02418298	0.03508133	0.02043330
ASV_1434	0.02937	0.0004153686	0.0008182971	0.0020230281	0.1142213744
ASV_454	0.030382	0.001687977	0.003515470	0.001176383	0.115148484
ASV_394	0.028669	0.003297368	0.008543622	0.007227538	0.095609069
ASV_464	0.029127	0.02722080	0.02265529	0.01627069	0.05036220
ASV_488	0.030578	0.04958016	0.01254867	0.01395797	0.04622429
ASV_408	0.026935	0.02295303	0.03488104	0.02604773	0.02385957
ASV_334	0.026229	0.032588925	0.015236991	0.053000892	0.004090951
ASV_448	0.026032	0.022002809	0.010064155	0.065990457	0.006070768
ASV_381	0.026991	0.010240397	0.044075452	0.048083769	0.005563375
ASV_477	0.026932	0.02611179	0.01531202	0.04577042	0.02053522
ASV_449	0.024815	0.0008448229	0.0765729190	0.0212911398	0.0005527733
ASV_467	0.026528	0.01731908	0.03920212	0.02148562	0.02810340
ASV_438	0.026303	0.018509255	0.032419637	0.046993729	0.007290215
ASV_429	0.025507	0.019342221	0.010480030	0.068716156	0.003488041
ASV_374	0.028822	0.0038875681	0.0004393596	0.0000000000	0.1109598035
ASV_323	0.025742	0.02574231	0.03041676	0.02512173	0.02168773
ASV_344	0.02553	0.028337903	0.021555820	0.046723794	0.005502294
ASV_371	0.025711	0.0235801185	0.0508773618	0.0276168721	0.0007711538
ASV_612	0.027062	0.03086455	0.02270300	0.01854354	0.03613769
ASV_421	0.025591	0.01285580	0.01497385	0.03967533	0.03486092
ASV_512	0.025565	0.02407799	0.04174914	0.01458162	0.02185181
ASV_456	0.026701	0.02150622	0.03375883	0.01512112	0.03641982
ASV_385	0.024547	0.026371754	0.015752058	0.052638845	0.003424139
ASV_411	0.026023	0.01656270	0.02648740	0.01951132	0.04152874
ASV_491	0.02831	0.0000000000	0.0000000000	0.0004207798	0.1128190757
ASV_626	0.025667	0.02167967	0.02821180	0.01708354	0.03569127
ASV_391	0.024741	0.044699604	0.023246937	0.027279546	0.003736683
ASV_479	0.025849	0.02035100	0.03806490	0.01671552	0.02826335
ASV_386	0.025229	0.03218305	0.03273955	0.00477688	0.03121547
ASV_416	0.024337	0.0004416649	0.0012887618	0.0007787252	0.0948389406
ASV_307	0.024588	0.01451669	0.02081600	0.03531381	0.02770504
ASV_430	0.024758	0.006134036	0.015679041	0.009990848	0.067228851
ASV_427	0.024228	0.03105884	0.02372462	0.01536461	0.02676208
ASV_450	0.023294	0.014781009	0.018682368	0.057755221	0.001956359
ASV_796	0.02419	0.01725588	0.02305838	0.01017034	0.04627619
ASV_487	0.022765	0.01154770	0.00927495	0.03931226	0.03092649
ASV_446	0.022108	0.033832505	0.032129382	0.014330901	0.008138924
ASV_502	0.025433	0.005989459	0.006694174	0.011848929	0.077200523
ASV_342	0.023738	0.01059709	0.03126819	0.01787532	0.03521025
ASV_444	0.023593	0.03162954	0.03235839	0.01597753	0.01440466
ASV_484	0.021947	0.028270218	0.009021608	0.049337573	0.001158309
ASV_417	0.024272	0.009110933	0.019854472	0.008408380	0.059715491
ASV_513	0.022214	0.020527508	0.012883925	0.052554249	0.002889028
ASV_499	0.021509	0.004948335	0.055528291	0.001226731	0.024333159
ASV_466	0.024878	0.004680832	0.008267996	0.010003492	0.076558698
ASV_539	0.026406	0.0004068414	0.0060436345	0.0003931096	0.0987816285
ASV_439	0.02302	0.005627120	0.014781098	0.006790612	0.064880181
ASV_495	0.02167	0.014530799	0.015260451	0.048204583	0.008683286
ASV_765	0.022398	0.00000000	0.00000000	0.00000000	0.08959105
ASV_617	0.022511	0.01773795	0.02633657	0.02633385	0.01963364
ASV_481	0.022101	0.0450952646	0.0285070948	0.0144145051	0.0003871557
ASV_644	0.022162	0.02109183	0.01670872	0.02856662	0.02228169
ASV_440	0.022675	0.01753589	0.02195750	0.01038374	0.04082470
ASV_837	0.021467	0.01405995	0.02469494	0.03402571	0.01308750
ASV_589	0.022724	0.01800123	0.02170868	0.02431594	0.02686979
ASV_370	0.021871	0.040773185	0.004974079	0.009295776	0.032442424
ASV_628	0.021838	0.02159383	0.02444461	0.01507898	0.02623416
ASV_525	0.02478	0.0083251908	0.0012310116	0.0007960851	0.0887678017
ASV_152	0.022199	0.007747437	0.004773722	0.000825075	0.075449182
ASV_494	0.022302	0.02748704	0.02228685	0.01596059	0.02347238
ASV_608	0.020503	0.0008485063	0.0071052102	0.0012168649	0.0728422402
ASV_648	0.02161	0.009190573	0.032062826	0.044165393	0.001019587
ASV_412	0.022315	0.006690927	0.018989500	0.010997790	0.052582141
ASV_414	0.021238	0.022324026	0.021757062	0.008887539	0.031984830
ASV_516	0.021646	0.01990303	0.01219539	0.03323750	0.02124861
ASV_569	0.021598	0.01904788	0.04229216	0.01020293	0.01484922
ASV_555	0.020851	0.024234418	0.008530348	0.044426737	0.006213888
ASV_221	0.020933	0.003408881	0.002578113	0.001958427	0.075787615
ASV_546	0.021191	0.02010427	0.01843218	0.02937058	0.01685748
ASV_606	0.02063	0.0250421485	0.0004091486	0.0561504958	0.0009191092
ASV_517	0.020737	0.021459295	0.016769418	0.041145605	0.003574015
ASV_509	0.021423	0.013180454	0.008537771	0.012488730	0.051483071
ASV_501	0.01915	0.0000000000	0.0757923081	0.0008059511	0.0000000000
ASV_526	0.022182	0.0004068414	0.0000000000	0.0003893626	0.0879333428
ASV_577	0.022467	0.009147047	0.018387299	0.003175292	0.059156840
ASV_455	0.02112	0.02649985	0.02315592	0.01138051	0.02344373
ASV_893	0.022387	0.0000000000	0.0109809638	0.0003860437	0.0781793373
ASV_462	0.020541	0.01590433	0.02547092	0.02524832	0.01553860
ASV_492	0.023597	0.00000000	0.00000000	0.00000000	0.09438708
ASV_311	0.021247	0.0239440297	0.0319176417	0.0007791533	0.0283476193
ASV_475	0.020801	0.010529383	0.007414514	0.017304901	0.047957086
ASV_496	0.022186	0.0016211503	0.0013828579	0.0004207798	0.0853176841
ASV_399	0.020777	0.01305723	0.01257342	0.03511396	0.02236171
ASV_814	0.020159	0.01219213	0.04168269	0.01865158	0.00811096
ASV_485	0.020753	0.02096559	0.02146787	0.01918413	0.02139487
ASV_519	0.020681	0.01970320	0.01802559	0.01877448	0.02621934
ASV_336	0.019822	0.052845027	0.008551846	0.007148990	0.010740139
ASV_348	0.018378	0.029482037	0.003555385	0.038218331	0.002257541
ASV_592	0.020298	0.01147145	0.02353594	0.01682092	0.02936342
ASV_538	0.020374	0.006930373	0.033522235	0.012357585	0.028684759
ASV_392	0.019118	0.026764319	0.006185769	0.007064385	0.036457798
ASV_563	0.024014	0.0000000000	0.0000000000	0.0004042952	0.0956513888
ASV_1294	0.020949	0.012463679	0.009946485	0.012985224	0.048402260
ASV_511	0.019173	0.0142853041	0.0568126494	0.0007890193	0.0048039839
ASV_476	0.019114	0.017067804	0.022340301	0.008306026	0.028743129
ASV_802	0.021785	0.0009131337	0.0013632451	0.0003893626	0.0844740465
ASV_534	0.019303	0.024316112	0.028454066	0.008840136	0.015601585
ASV_637	0.018177	0.01068064	0.01005258	0.01501324	0.03696262
ASV_529	0.01892	0.02273337	0.02226878	0.01214279	0.01853529
ASV_643	0.01768	0.01435647	0.01313462	0.03291780	0.01031030
ASV_768	0.018317	0.02690117	0.01732150	0.01343764	0.01560809
ASV_527	0.020479	0.007281200	0.006355948	0.003937442	0.064339583
ASV_528	0.018967	0.009285676	0.057281537	0.007681609	0.001618808
ASV_662	0.019146	0.01864536	0.01617454	0.01430159	0.02746444
ASV_600	0.019216	0.009296366	0.041969809	0.001589296	0.024008894
ASV_1011	0.016746	0.007455425	0.005786924	0.050792590	0.002949051
ASV_401	0.018481	0.007674186	0.012059887	0.010934441	0.043255361
ASV_447	0.018073	0.026935566	0.023273365	0.012995767	0.009088408
ASV_478	0.018268	0.008979845	0.008323252	0.037487876	0.018280720
ASV_1275	0.017451	0.000000000	0.000000000	0.002018837	0.067784388
ASV_459	0.018117	0.004526419	0.006432900	0.002787696	0.058722491
ASV_621	0.016929	0.0004416649	0.0000000000	0.0004207798	0.0668524736
ASV_566	0.01798	0.003358678	0.012033512	0.029481018	0.027045204
ASV_498	0.017249	0.031097766	0.016234800	0.020433961	0.001227551
ASV_625	0.021777	0.0004068414	0.0000000000	0.0000000000	0.0867023204
ASV_610	0.021007	0.0000000000	0.0000000000	0.0007936578	0.0832355893
ASV_325	0.017593	0.0305117248	0.0132110071	0.0003860437	0.0262618065
ASV_388	0.017228	0.022731918	0.015470639	0.023098459	0.007611032
ASV_486	0.017766	0.009838754	0.006127235	0.012678311	0.042419480
ASV_458	0.017141	0.018526057	0.006123794	0.030540327	0.013372705
ASV_461	0.017482	0.007600304	0.017608969	0.002006332	0.042711724
ASV_689	0.017032	0.004400600	0.054195146	0.005646986	0.003885822
ASV_713	0.017322	0.01137892	0.01665620	0.01621694	0.02503427
ASV_504	0.017861	0.0008307373	0.0071885867	0.0012131180	0.0622107731
ASV_603	0.02021	0.001296705	0.000000000	0.000000000	0.079543354
ASV_398	0.019974	0.05075278	0.00000000	0.00000000	0.02914227
ASV_557	0.016567	0.033122499	0.015603494	0.016381037	0.001161467
ASV_547	0.016026	0.03215272	0.01800311	0.01394894	0.00000000
ASV_571	0.01698	0.025517920	0.016041759	0.007616205	0.018743200
ASV_241	0.016108	0.002467124	0.010376824	0.045697973	0.005889450
ASV_536	0.017621	0.002472189	0.010206740	0.003541085	0.054265367
ASV_764	0.016401	0.018914289	0.024502740	0.016055401	0.006133458
ASV_540	0.018112	0.0004153686	0.0000000000	0.0000000000	0.0720307117
ASV_506	0.017287	0.009361742	0.004906822	0.015811138	0.039067064
ASV_675	0.018162	0.0000000000	0.0000000000	0.0004042952	0.0722433621
ASV_523	0.015721	0.017242523	0.026349052	0.007570889	0.011720053
ASV_524	0.018404	0.0011987388	0.0015804379	0.0004207798	0.0704166210
ASV_460	0.015873	0.01716848	0.01776389	0.02400690	0.00455145
ASV_549	0.017214	0.008245893	0.006157252	0.008240029	0.046213231
ASV_627	0.020451	0.0009955301	0.0004393596	0.0000000000	0.0803675760
ASV_642	0.018845	0.0000000000	0.0000000000	0.0008072708	0.0745745702
ASV_869	0.017938	0.0000000000	0.0000000000	0.0008085905	0.0709423039
ASV_463	0.015493	0.023541552	0.018129567	0.013054355	0.007245751
ASV_971	0.016253	0.01823468	0.01390467	0.01038132	0.02249294
ASV_576	0.016553	0.012131380	0.004044569	0.024025055	0.026012657
ASV_520	0.015755	0.015825757	0.023869790	0.014992374	0.008331952
ASV_562	0.015676	0.003072401	0.028088541	0.030602666	0.000939929
ASV_641	0.016884	0.039803446	0.008983774	0.002768624	0.015979527
ASV_565	0.016416	0.001324995	0.015482647	0.003988076	0.044868211
ASV_656	0.015402	0.0000000000	0.0217815764	0.0391481970	0.0006777272
ASV_707	0.017178	0.0229402785	0.0000000000	0.0004207798	0.0453500335
ASV_535	0.015726	0.011040534	0.006430626	0.004345147	0.041087318
ASV_696	0.015367	0.01215601	0.02089599	0.01357338	0.01484343
ASV_579	0.015616	0.009608638	0.010041842	0.027146412	0.015667464
ASV_717	0.01571	0.01155471	0.01814068	0.01327628	0.01986950
ASV_966	0.015218	0.01545880	0.01181755	0.01671650	0.01687842
ASV_533	0.015859	0.000000000	0.045396217	0.004632525	0.013405391
ASV_618	0.017183	0.014564627	0.012103323	0.008462487	0.033600765
ASV_572	0.015107	0.008116315	0.019357341	0.017695463	0.015258787
ASV_661	0.0147	0.007876638	0.013517355	0.016433044	0.020974299
ASV_567	0.014149	0.002792603	0.017056504	0.022405790	0.014343047
ASV_473	0.014984	0.013364494	0.007232765	0.015210985	0.024129150
ASV_559	0.01546	0.019262068	0.020623438	0.008916012	0.013038007
ASV_646	0.013747	0.0013114479	0.0000000000	0.0532905420	0.0003871557
ASV_480	0.015527	0.009573244	0.006031875	0.010229955	0.036271296
ASV_659	0.014858	0.000497765	0.052683681	0.003167853	0.003081457
ASV_521	0.014472	0.026329355	0.004747965	0.021790114	0.005021407
ASV_630	0.014112	0.005336538	0.003324104	0.019508846	0.028278390
ASV_584	0.014767	0.016177431	0.020669316	0.009244646	0.012977689
ASV_531	0.017351	0.0004224115	0.0004649130	0.0003931096	0.0681224378
ASV_543	0.01483	0.01538513	0.01121088	0.01725163	0.01547393
ASV_1476	0.014133	0.007570071	0.005954704	0.039101228	0.003904514
ASV_657	0.018187	0.0000000000	0.0004103372	0.0007862192	0.0715526172
ASV_680	0.015352	0.0401566824	0.0204442915	0.0004207798	0.0003871557
ASV_711	0.016972	0.0000000000	0.0000000000	0.0004207798	0.0674684179
ASV_1001	0.014883	0.017867157	0.031908720	0.008430704	0.001327085
ASV_335	0.015862	0.0007989402	0.0013180788	0.0008250750	0.0605076792
ASV_483	0.013834	0.003840201	0.010438159	0.039610067	0.001448881
ASV_992	0.014089	0.008918026	0.011026461	0.019485144	0.016927994
ASV_639	0.013989	0.01607891	0.01110798	0.01687763	0.01189291
ASV_554	0.015171	0.0000000000	0.0000000000	0.0004042952	0.0602784088
ASV_674	0.014801	0.0000000000	0.0003904298	0.0231766204	0.0356380936
ASV_551	0.013996	0.009563073	0.011229792	0.035191455	0.000000000
ASV_390	0.01342	0.010598330	0.003472681	0.037005532	0.002604033
ASV_474	0.014013	0.006802191	0.018102541	0.023626388	0.007521625
ASV_629	0.01346	0.010722923	0.010008493	0.030772899	0.002337214
ASV_838	0.013737	0.010912076	0.012548665	0.024952054	0.006536416
ASV_599	0.015115	0.0000000000	0.0004393596	0.0000000000	0.0600215313
ASV_647	0.01377	0.004285085	0.023719948	0.021412951	0.005660154
ASV_106	0.013702	0.011329962	0.038041037	0.002340779	0.003097246
ASV_508	0.014113	0.005399214	0.002821753	0.011095689	0.037134898
ASV_522	0.015089	0.0012516644	0.0025476072	0.0008085905	0.0557484418
ASV_745	0.015484	0.00000000	0.00000000	0.00000000	0.06193411
ASV_865	0.013869	0.027627528	0.015350306	0.004380506	0.008116841
ASV_635	0.013411	0.00176666	0.02582690	0.01248238	0.01356775
ASV_396	0.01502	0.002049763	0.001190008	0.017165044	0.039673256
ASV_515	0.013173	0.016055967	0.012596022	0.020264154	0.003776194
ASV_844	0.013272	0.029822716	0.010459741	0.005616516	0.007190823
ASV_594	0.013724	0.011162718	0.012824383	0.006419608	0.024491072
ASV_750	0.013053	0.000000000	0.000000000	0.001572383	0.050639137
ASV_500	0.013217	0.009138480	0.019336889	0.001197953	0.023194849
ASV_620	0.013208	0.013308287	0.023648731	0.008463175	0.007411788
ASV_671	0.01317	0.0521287565	0.0000000000	0.0000000000	0.0005527733
ASV_690	0.013644	0.00000000	0.00000000	0.00000000	0.05457594
ASV_532	0.013632	0.0036568419	0.0008494022	0.0004042952	0.0496157401
ASV_609	0.012491	0.007466476	0.001376917	0.037936103	0.003183924
ASV_733	0.012636	0.009793444	0.029013702	0.006744035	0.004993995
ASV_709	0.013784	0.0000000000	0.0004649130	0.0004042952	0.0542687013
ASV_587	0.01414	0.002991519	0.009497095	0.011207524	0.032861901
ASV_537	0.0133	0.036282156	0.003741670	0.001185448	0.011992042
ASV_1448	0.012572	0.007135682	0.015425097	0.018522078	0.009203612
ASV_560	0.01432	0.0026499894	0.0004091486	0.0000000000	0.0542196022
ASV_653	0.013617	0.008563410	0.012229331	0.005615121	0.028060148
ASV_687	0.012968	0.008749126	0.011357644	0.015277319	0.016487417
ASV_595	0.011769	0.01587934	0.01737241	0.00000000	0.01382393
ASV_779	0.015769	0.002036519	0.004244623	0.003966506	0.052829207
ASV_1180	0.011776	0.00000000	0.01157428	0.03344497	0.00208447
ASV_575	0.011571	0.005514934	0.021796403	0.017102297	0.001870400
ASV_649	0.012288	0.021296826	0.004266714	0.016627721	0.006960104
ASV_797	0.012003	0.004698516	0.015060585	0.010455693	0.017798551
ASV_785	0.01175	0.0000000000	0.0003904298	0.0299670583	0.0166415733
ASV_997	0.012685	0.0008570335	0.0148412148	0.0055097865	0.0295330405
ASV_650	0.012268	0.026647766	0.007678946	0.005990716	0.008752656
ASV_403	0.013662	0.004093833	0.002945264	0.003595839	0.044013915
ASV_550	0.011803	0.028993313	0.011653297	0.005499732	0.001064883
ASV_780	0.012184	0.0011684261	0.0406371121	0.0003931096	0.0065391126
ASV_605	0.011916	0.017227222	0.015887631	0.005534145	0.009015564
ASV_616	0.011713	0.021993371	0.016414445	0.008446061	0.000000000
ASV_1038	0.013435	0.0000000000	0.0003904298	0.0004207798	0.0529286868
ASV_490	0.011461	0.009024846	0.031765154	0.005053843	0.000000000
ASV_721	0.011384	0.012205673	0.010716855	0.014095212	0.008518906
ASV_660	0.013437	0.0347928283	0.0008740616	0.0004207798	0.0176586351
ASV_682	0.015327	0.0000000000	0.0004103372	0.0008237554	0.0600745129
ASV_654	0.011669	0.0462867658	0.0003904298	0.0000000000	0.0000000000
ASV_681	0.011453	0.0000000000	0.0000000000	0.0004207798	0.0453910439
ASV_732	0.012559	0.0008570335	0.0004393596	0.0004207798	0.0485182757
ASV_588	0.012131	0.0008181936	0.0275457891	0.0016831192	0.0184759717
ASV_726	0.013177	0.0007833702	0.0074207865	0.0045402681	0.0399623566
ASV_678	0.013595	0.002374208	0.003968502	0.003215523	0.044822542
ASV_591	0.010972	0.014084312	0.003935123	0.023268963	0.002598249
ASV_1251	0.011758	0.020839542	0.007808629	0.007202456	0.011181727
ASV_636	0.011315	0.010608632	0.013995878	0.009122793	0.011533624
ASV_684	0.011296	0.012813847	0.028814694	0.003556771	0.000000000
ASV_493	0.011026	0.007455919	0.018893540	0.016648772	0.001105547
ASV_597	0.011301	0.018678990	0.016117813	0.004070875	0.006334738
ASV_668	0.010802	0.013905455	0.025468514	0.000000000	0.003833059
ASV_842	0.012823	0.0000000000	0.0013828579	0.0003893626	0.0495203847
ASV_638	0.010953	0.010898184	0.008311839	0.013919128	0.010682090
ASV_664	0.011189	0.033918272	0.005633722	0.001576130	0.003626778
ASV_758	0.011352	0.00000000	0.00000000	0.00000000	0.04540859
ASV_564	0.010987	0.016966593	0.008964266	0.010353164	0.007662031
ASV_788	0.011303	0.01449408	0.01017212	0.00832036	0.01222711
ASV_806	0.011074	0.005547588	0.014354133	0.011791622	0.012603327
ASV_1496	0.01263	0.0013114479	0.0007995783	0.0020175172	0.0463914160
ASV_775	0.010629	0.0029736372	0.0374621960	0.0016211602	0.0004595546
ASV_640	0.0107	0.010232279	0.013709782	0.007953241	0.010905402
ASV_776	0.011106	0.008579904	0.011474095	0.008151863	0.016216408
ASV_705	0.010552	0.006174606	0.026916483	0.004715885	0.004401297
ASV_619	0.011023	0.004097008	0.004703876	0.004016313	0.031276372
ASV_778	0.010584	0.00000000	0.00000000	0.00000000	0.04233744
ASV_1280	0.010967	0.016591367	0.016664086	0.002814919	0.007796203
ASV_692	0.010868	0.005934843	0.016449287	0.006716305	0.014371361
ASV_857	0.01056	0.0004224115	0.0067446968	0.0189178467	0.0161560478
ASV_704	0.010394	0.018496547	0.013796820	0.005545704	0.003735738
ASV_624	0.010071	0.010673889	0.021024092	0.004432120	0.004155588
ASV_708	0.010486	0.005201837	0.005938789	0.025231191	0.005571037
ASV_759	0.010374	0.012424146	0.006417745	0.014515326	0.008138828
ASV_611	0.010287	0.0117946994	0.0162468003	0.0126394519	0.0004668142
ASV_655	0.009621	0.0071436633	0.0008297894	0.0300434213	0.0004668142
ASV_703	0.010474	0.0000000000	0.0000000000	0.0004207798	0.0414762474
ASV_1034	0.010126	0.006231887	0.009944596	0.006921082	0.017405026
ASV_812	0.010057	0.0058940497	0.0330754706	0.0007974048	0.0004595546
ASV_807	0.012077	0.000497765	0.000000000	0.000000000	0.047811441
ASV_633	0.010483	0.011547886	0.002567515	0.001969240	0.025849220
ASV_811	0.010789	0.003670071	0.005746447	0.007056762	0.026683151
ASV_631	0.010088	0.018296140	0.010905242	0.007487572	0.003661126
ASV_976	0.01005	0.007907229	0.009678668	0.008476037	0.014140020
ASV_699	0.009926	0.0004416649	0.0327663559	0.0003931096	0.0061018519
ASV_735	0.010805	0.00000000	0.00000000	0.00000000	0.04322115
ASV_762	0.01064	0.0004977650	0.0004393596	0.0000000000	0.0416239254
ASV_1285	0.010138	0.0149793281	0.0179016391	0.0067449413	0.0009263688
ASV_834	0.009877	0.006604020	0.011599421	0.008964501	0.012341014
ASV_623	0.009945	0.017559951	0.018707871	0.003512095	0.000000000
ASV_816	0.00968	0.012255013	0.011986128	0.006763477	0.007714262
ASV_782	0.009623	0.005327789	0.017089781	0.013998675	0.002074053
ASV_581	0.010064	0.001315959	0.008375746	0.001206999	0.029357109
ASV_578	0.009636	0.011710323	0.015036944	0.009672291	0.002125134
ASV_900	0.009888	0.007180743	0.008689415	0.008858545	0.014822862
ASV_1146	0.009728	0.013130867	0.006947054	0.009010841	0.009822266
ASV_935	0.009495	0.009662042	0.008659382	0.010366139	0.009292234
ASV_443	0.00872	0.0008570335	0.0012878677	0.0004042952	0.0323313914
ASV_497	0.010725	0.005343305	0.006387736	0.001585549	0.029584578
ASV_601	0.009553	0.012082152	0.015677121	0.009143793	0.001310367
ASV_995	0.009387	0.009479746	0.011222170	0.007563166	0.009282043
ASV_697	0.009253	0.010107044	0.004782634	0.015364968	0.006756907
ASV_622	0.00937	0.0127488364	0.0095226816	0.0146548497	0.0005527733
ASV_791	0.009736	0.018783245	0.006260252	0.004817771	0.009081149
ASV_683	0.01	0.0007833702	0.0392170972	0.0000000000	0.0000000000
ASV_688	0.009402	0.009897956	0.009539109	0.009818139	0.008354456
ASV_1424	0.009508	0.002893758	0.013326317	0.009262064	0.012549594
ASV_731	0.010391	0.016546049	0.003479613	0.005191663	0.016345623
ASV_445	0.010551	0.0008570335	0.0008485082	0.0000000000	0.0404989181
ASV_739	0.009683	0.007658980	0.004254532	0.008728815	0.018091109
ASV_1091	0.009383	0.007338594	0.012646722	0.009308224	0.008239793
ASV_1144	0.009285	0.006975902	0.009088567	0.011470743	0.009606526
ASV_585	0.009171	0.009036689	0.021118673	0.000000000	0.006527967
ASV_1101	0.009179	0.003372064	0.006118337	0.014854627	0.012369859
ASV_1024	0.009321	0.015374852	0.011148452	0.005911607	0.004849811
ASV_895	0.008861	0.012954850	0.001376917	0.018650254	0.002461001
ASV_715	0.009063	0.0000000000	0.0331246608	0.0023585116	0.0007679961
ASV_666	0.010471	0.0000000000	0.0003904298	0.0008237554	0.0406711703
ASV_772	0.008351	0.0011947223	0.0004589725	0.0011830205	0.0305683297
ASV_380	0.008405	0.004975896	0.002675383	0.001975359	0.023995360
ASV_514	0.008267	0.0129191526	0.0004589725	0.0196882311	0.0000000000
ASV_744	0.00851	0.0004416649	0.0104914945	0.0177866485	0.0053211279
ASV_632	0.008657	0.021139827	0.012308951	0.001179329	0.000000000
ASV_677	0.008769	0.005690566	0.009782955	0.018497391	0.001105547
ASV_580	0.008836	0.0009046065	0.0032879521	0.0121901665	0.0189618186
ASV_852	0.009112	0.005698295	0.012688914	0.006455573	0.011605536
ASV_767	0.008995	0.009998709	0.004854156	0.015216716	0.005911731
ASV_841	0.01092	0.0003765287	0.0004393596	0.0000000000	0.0428656013
ASV_558	0.008795	0.0343090098	0.0004649130	0.0004042952	0.0000000000
ASV_702	0.010091	0.0007918973	0.0028691997	0.0003931096	0.0363081650
ASV_747	0.008454	0.009681804	0.010402250	0.005527457	0.008202669
ASV_1142	0.008359	0.005878928	0.007875781	0.018158123	0.001521280
ASV_695	0.008926	0.004656677	0.004236497	0.014422037	0.012387165
ASV_1076	0.008619	0.005877214	0.011403321	0.007026091	0.010168700
ASV_614	0.008624	0.018556751	0.007929868	0.005462918	0.002548320
ASV_956	0.008654	0.006318548	0.012405472	0.005668536	0.010221987
ASV_1261	0.008299	0.006321511	0.003538847	0.019541421	0.003792395
ASV_743	0.008583	0.012004631	0.014638510	0.007689798	0.000000000
ASV_227	0.008583	0.0008307373	0.0084104081	0.0149899628	0.0101005262
ASV_663	0.00816	0.011383751	0.008168649	0.012703501	0.000383998
ASV_761	0.008958	0.015756295	0.009563588	0.001206999	0.009305204
ASV_694	0.008393	0.006418041	0.006758551	0.009953991	0.010441347
ASV_755	0.008761	0.004152260	0.007128079	0.008293293	0.015471169
ASV_722	0.008581	0.01021323	0.02410927	0.00000000	0.00000000
ASV_822	0.008183	0.008391633	0.011010983	0.005123963	0.008206771
ASV_723	0.008387	0.004333441	0.005293804	0.015715318	0.008203999
ASV_541	0.007282	0.0004416649	0.0000000000	0.0004042952	0.0282834479
ASV_670	0.007758	0.008894397	0.009449284	0.009956179	0.002730670
ASV_820	0.008026	0.008480926	0.011201562	0.003597018	0.008822979
ASV_832	0.007675	0.0000000000	0.0302793709	0.0004207798	0.0000000000
ASV_794	0.008075	0.003974984	0.015699928	0.012623394	0.000000000
ASV_596	0.008109	0.0215208242	0.0041520074	0.0008101424	0.0059521996
ASV_751	0.007787	0.0275811846	0.0008494022	0.0016136471	0.0011055465
ASV_757	0.008072	0.0086907767	0.0107522871	0.0004207798	0.0124230145
ASV_847	0.007964	0.010825460	0.007095126	0.004796828	0.009138753
ASV_686	0.007914	0.008554711	0.003618882	0.013754994	0.005727934
ASV_828	0.008035	0.002969415	0.029171646	0.000000000	0.000000000
ASV_756	0.007636	0.012736548	0.011232186	0.003569721	0.003003787
ASV_738	0.007753	0.009275561	0.011324469	0.004039278	0.006374679
ASV_673	0.007451	0.007907103	0.011913671	0.000000000	0.009983949
ASV_878	0.007795	0.001286488	0.003992559	0.014016307	0.011883477
ASV_714	0.007689	0.020306385	0.009437756	0.000000000	0.001012328
ASV_728	0.008392	0.018763094	0.005314012	0.002828767	0.006662943
ASV_716	0.008247	0.0000000000	0.0004103372	0.0000000000	0.0325765676
ASV_957	0.00805	0.0016444202	0.0021734216	0.0008101424	0.0275735344
ASV_720	0.008003	0.0079315747	0.0008787192	0.0004207798	0.0227807513
ASV_749	0.008376	0.001822760	0.000000000	0.001210246	0.030470751
ASV_719	0.007594	0.016388373	0.003719680	0.002945459	0.007321338
ASV_975	0.008435	0.0004068414	0.0000000000	0.0000000000	0.0333313239
ASV_470	0.007832	0.0009955301	0.0052593468	0.0011905144	0.0238822306
ASV_672	0.007183	0.003367729	0.003889053	0.011909225	0.009565351
ASV_1231	0.007338	0.004546049	0.004203015	0.011694145	0.008909492
ASV_748	0.007943	0.0000000	0.0000000	0.0000000	0.0317732
ASV_923	0.007486	0.006654080	0.010076243	0.005934926	0.007279492
ASV_880	0.008461	0.0092557095	0.0055076694	0.0007862192	0.0182950427
ASV_882	0.007856	0.0000000000	0.0306339764	0.0007890193	0.0000000000
ASV_827	0.007847	0.000000000	0.000000000	0.000825075	0.030561287
ASV_817	0.007284	0.005298682	0.007715208	0.007517261	0.008604878
ASV_1375	0.007265	0.006461755	0.010780330	0.004866045	0.006950422
ASV_864	0.007249	0.007783575	0.008077542	0.005990195	0.007143074
ASV_727	0.007088	0.0121389860	0.0142098098	0.0011581312	0.0008467103
ASV_691	0.007272	0.009678584	0.017201210	0.000000000	0.002206267
ASV_1243	0.007075	0.013045288	0.005242603	0.002010523	0.008002899
ASV_413	0.006363	0.0003765287	0.0008681210	0.0004042952	0.0238035830
ASV_607	0.007004	0.0008136829	0.0054838501	0.0020241357	0.0196949350
ASV_798	0.006937	0.006399615	0.015470765	0.003618498	0.002260698
ASV_789	0.007078	0.003225231	0.008109925	0.006350657	0.010624373
ASV_795	0.007419	0.00000000	0.00000000	0.00000000	0.02967656
ASV_934	0.007295	0.014106981	0.013456924	0.001616094	0.000000000
ASV_598	0.007013	0.0003765287	0.0276761852	0.0000000000	0.0000000000
ASV_651	0.00665	0.006756544	0.005655801	0.012790584	0.001396326
ASV_890	0.006974	0.006319199	0.009089756	0.003989110	0.008496125
ASV_826	0.008179	0.001259859	0.002597525	0.001183020	0.027675530
ASV_700	0.007798	0.0000000000	0.0000000000	0.0004042952	0.0307876586
ASV_886	0.007631	0.010795698	0.003793477	0.005085279	0.010849821
ASV_911	0.007209	0.008332660	0.007118785	0.005742573	0.007640293
ASV_790	0.006805	0.004172170	0.005366089	0.003645740	0.014037431
ASV_913	0.006895	0.013302850	0.005152462	0.002848103	0.006277872
ASV_917	0.006687	0.001129586	0.006559952	0.009998545	0.009058913
ASV_556	0.006643	0.003396818	0.013742883	0.004531010	0.004901598
ASV_770	0.006468	0.001590838	0.002255637	0.003170672	0.018854121
ASV_871	0.006564	0.005547773	0.005168603	0.007949442	0.007590420
ASV_1197	0.007599	0.0137014631	0.0022263196	0.0004042952	0.0140655948
ASV_1003	0.007731	0.00000000	0.00000000	0.00000000	0.03092306
ASV_792	0.007202	0.0004068414	0.0019708677	0.0007974048	0.0256333862
ASV_339	0.007019	0.001722800	0.002899006	0.001598929	0.021853476
ASV_685	0.006255	0.003473481	0.012781443	0.006257523	0.002509132
ASV_815	0.00635	0.005009236	0.011898648	0.005605700	0.002886844
ASV_1256	0.006374	0.004387457	0.005674225	0.006421571	0.009012850
ASV_829	0.006254	0.011311429	0.003415728	0.010289459	0.000000000
ASV_698	0.006316	0.022256856	0.001777051	0.001229370	0.000000000
ASV_1139	0.006398	0.006518128	0.004590972	0.005963344	0.008518200
ASV_741	0.006339	0.009473885	0.010155959	0.003203909	0.002523205
ASV_1495	0.007609	0.00000000	0.00000000	0.00000000	0.03043638
ASV_545	0.00623	0.004706125	0.007606470	0.003973144	0.008634078
ASV_652	0.006025	0.004250262	0.012055402	0.001569492	0.006223006
ASV_868	0.006337	0.0013249947	0.0004393596	0.0020236885	0.0215604167
ASV_774	0.006343	0.007298854	0.007711953	0.004446017	0.005915846
ASV_877	0.006223	0.0147929975	0.0019919638	0.0008059511	0.0072995905
ASV_960	0.008826	0.00000000	0.00000000	0.00000000	0.03530551
ASV_803	0.006094	0.0058436290	0.0008752502	0.0097486701	0.0079101853
ASV_634	0.007358	0.01791028	0.00000000	0.00000000	0.01152136
ASV_1010	0.006438	0.008517733	0.004564852	0.002767250	0.009900252
ASV_866	0.006007	0.001270918	0.019194819	0.002021261	0.001539150
ASV_1049	0.006925	0.0035190307	0.0004103372	0.0000000000	0.0237710806
ASV_821	0.005931	0.008581765	0.006849975	0.003231508	0.005060078
ASV_1105	0.006206	0.0224601068	0.0011712894	0.0008059511	0.0003871557
ASV_1099	0.006062	0.004668621	0.004643190	0.008430021	0.006506362
ASV_872	0.006138	0.0020860851	0.0216769787	0.0004042952	0.0003839980
ASV_983	0.006739	0.00000000	0.00000000	0.00000000	0.02695659
ASV_1100	0.005849	0.006503521	0.005915983	0.003997048	0.006977794
ASV_773	0.005849	0.004562161	0.008792929	0.010042516	0.000000000
ASV_729	0.005636	0.007530574	0.009638422	0.000000000	0.005375972
ASV_1081	0.005694	0.001667033	0.001668888	0.002845464	0.016593976
ASV_1173	0.005862	0.005689181	0.009824496	0.002745074	0.005187985
ASV_725	0.006083	0.008862562	0.003326481	0.002834278	0.009308570
ASV_835	0.005757	0.003811170	0.006943992	0.004955106	0.007318593
ASV_875	0.005642	0.005491349	0.004184217	0.011493070	0.001400443
ASV_891	0.005585	0.006777517	0.008583391	0.001181701	0.005796339
ASV_1213	0.005731	0.004760535	0.006205282	0.006662191	0.005295052
ASV_810	0.006374	0.014301720	0.003543696	0.001199933	0.006452030
ASV_419	0.005166	0.000000000	0.000000000	0.001230922	0.019433831
ASV_881	0.005902	0.005264168	0.002176496	0.008164833	0.008003669
ASV_783	0.005848	0.005513259	0.003955124	0.007116555	0.006805225
ASV_1129	0.005811	0.003061705	0.003979395	0.006816468	0.009386449
ASV_706	0.005404	0.0046009674	0.0146962171	0.0019335376	0.0003871557
ASV_781	0.00558	0.010864043	0.006538494	0.002041940	0.002875468
ASV_967	0.006177	0.012300796	0.004483025	0.002034427	0.005888632
ASV_964	0.005852	0.012080074	0.004781442	0.001613647	0.004932627
ASV_1126	0.005516	0.007967870	0.006511957	0.003195899	0.004388459
ASV_1077	0.005688	0.000000000	0.007960553	0.006510113	0.008279439
ASV_870	0.006239	0.00000000	0.00000000	0.00000000	0.02495627
ASV_1204	0.005298	0.007793142	0.005311940	0.001164769	0.006923412
ASV_996	0.006792	0.0004153686	0.0008693097	0.0000000000	0.0258820190
ASV_1037	0.006205	0.0000000000	0.0000000000	0.0003931096	0.0244271797
ASV_921	0.0067	0.00000000	0.00000000	0.00000000	0.02680132
ASV_988	0.00523	0.007899967	0.002050009	0.009907072	0.001061725
ASV_855	0.005328	0.013399126	0.004285038	0.002398333	0.001230708
ASV_888	0.005942	0.0009131337	0.0008787192	0.0000000000	0.0219749817
ASV_1016	0.005245	0.00000000	0.02098177	0.00000000	0.00000000
ASV_645	0.005464	0.0024566187	0.0070446965	0.0007936578	0.0115603892
ASV_808	0.005004	0.001267234	0.005729269	0.010636923	0.002382702
ASV_1045	0.005491	0.001233562	0.008109431	0.005016388	0.007606582
ASV_1148	0.005685	0.010295197	0.004822948	0.001648383	0.005974491
ASV_1002	0.005661	0.000000000	0.001278458	0.000825075	0.020539824
ASV_1123	0.005389	0.007219344	0.004972811	0.001631026	0.007733159
ASV_1221	0.005214	0.004945020	0.005460282	0.003609024	0.006841447
ASV_887	0.00563	0.0003765287	0.0021964031	0.0007923382	0.0191550488
ASV_901	0.005087	0.005924420	0.010060997	0.001586424	0.002777118
ASV_1117	0.005071	0.005423793	0.004949049	0.001197953	0.008712261
ASV_1267	0.005296	0.006566883	0.006692815	0.002411499	0.005511236
ASV_918	0.005144	0.001281135	0.006138417	0.005660133	0.007495490
ASV_793	0.006425	0.0004977650	0.0003904298	0.0000000000	0.0248113355
ASV_924	0.004867	0.003618172	0.005035025	0.006208227	0.004607976
ASV_903	0.004992	0.0000000000	0.0004589725	0.0004207798	0.0190888433
ASV_908	0.005205	0.000000000	0.001308375	0.008507846	0.011001878
ASV_784	0.005164	0.004376630	0.004612166	0.006861710	0.004806184
ASV_830	0.00541	0.0009394299	0.0012111042	0.0007862192	0.0187036922
ASV_955	0.005114	0.002910813	0.008518493	0.003174754	0.005850897
ASV_777	0.005053	0.009040265	0.004758563	0.006414743	0.000000000
ASV_819	0.004861	0.011267188	0.001727227	0.006450275	0.000000000
ASV_800	0.005012	0.00000000	0.00183589	0.00000000	0.01821261
ASV_953	0.004898	0.002563940	0.003836758	0.008695820	0.004497434
ASV_1086	0.005856	0.00000000	0.00000000	0.00000000	0.02342278
ASV_1481	0.004631	0.000000000	0.000000000	0.018140385	0.000383998
ASV_905	0.004945	0.007061267	0.012718052	0.000000000	0.000000000
ASV_760	0.00519	0.015938641	0.001708509	0.001583997	0.001528539
ASV_752	0.004853	0.007661167	0.004012172	0.006800251	0.000939929
ASV_786	0.004966	0.0003765287	0.0157639300	0.0033385681	0.0003839980
ASV_1249	0.005021	0.003777930	0.003533775	0.006660678	0.006112241
ASV_1059	0.005756	0.0153783102	0.0004091486	0.0000000000	0.0072368263
ASV_1273	0.005273	0.00000000	0.00000000	0.00000000	0.02109025
ASV_568	0.004771	0.0004153686	0.0004589725	0.0000000000	0.0182079702
ASV_693	0.005015	0.0038572554	0.0003904298	0.0003893626	0.0154215740
ASV_746	0.00503	0.005088839	0.008376745	0.002399441	0.004253411
ASV_753	0.006018	0.00000000	0.00000000	0.00000000	0.02407115
ASV_801	0.004836	0.00000000	0.00000000	0.00000000	0.01934325
ASV_1032	0.004748	0.004998509	0.006970520	0.002774511	0.004248056
ASV_1374	0.004669	0.003376751	0.007196624	0.001604676	0.006498591
ASV_1326	0.004749	0.005076281	0.002153708	0.007809734	0.003954870
ASV_850	0.004614	0.002649989	0.002262860	0.013544444	0.000000000
ASV_928	0.005488	0.0000000000	0.0000000000	0.0004207798	0.0215322126
ASV_1195	0.004643	0.005495032	0.001705040	0.007819954	0.003550277
ASV_1151	0.004615	0.004210353	0.006771426	0.004700862	0.002779331
ASV_1366	0.004814	0.004379323	0.007028764	0.004861553	0.002988031
ASV_818	0.005065	0.0029387991	0.0044265775	0.0007890193	0.0121065307
ASV_986	0.004748	0.011243570	0.002621796	0.005127619	0.000000000
ASV_1189	0.006287	0.0000000	0.0000000	0.0000000	0.0251467
ASV_734	0.004805	0.006193889	0.005021317	0.003148423	0.004855358
ASV_1033	0.004847	0.004976597	0.006867702	0.002410624	0.005131132
ASV_823	0.005139	0.0004416649	0.0009298260	0.0008415596	0.0183413903
ASV_860	0.005026	0.0000000000	0.0000000000	0.0007936578	0.0193103390
ASV_854	0.005629	0.00000000	0.00167364	0.00000000	0.02084304
ASV_1172	0.004865	0.008318666	0.001640160	0.003526580	0.005973772
ASV_846	0.00459	0.004390483	0.004451720	0.003595180	0.005921824
ASV_954	0.004724	0.0008485063	0.0168729416	0.0004042952	0.0007711538
ASV_843	0.006441	0.00000000	0.00000000	0.00000000	0.02576261
ASV_948	0.004651	0.005939021	0.005159494	0.004712492	0.002792652
ASV_998	0.005208	0.00000000	0.00000000	0.00000000	0.02083369
ASV_1131	0.004862	0.005103391	0.006722129	0.001994038	0.005627248
ASV_922	0.005262	0.0012794450	0.0004393596	0.0032246770	0.0161025295
ASV_919	0.005901	0.0011754689	0.0004589725	0.0007974048	0.0211722115
ASV_1265	0.004514	0.003466523	0.002926839	0.005518266	0.006145145
ASV_1410	0.004841	0.007290823	0.003415434	0.002002585	0.006654095
ASV_1143	0.004613	0.002649989	0.005053527	0.003620997	0.007128839
ASV_968	0.005213	0.0143221546	0.0004649130	0.0003860437	0.0056808615
ASV_1063	0.004541	0.003487770	0.005926287	0.004897910	0.003850498
ASV_1376	0.004626	0.004703799	0.004184217	0.007202009	0.002412770
ASV_1027	0.004765	0.0013270179	0.0000000000	0.0004207798	0.0173130161
ASV_927	0.004626	0.002114899	0.003687497	0.001218185	0.011484689
ASV_1021	0.004268	0.002991519	0.004659810	0.008178237	0.001241126
ASV_848	0.004468	0.004704286	0.005083019	0.005456280	0.002629984
ASV_1149	0.004491	0.002952360	0.006882266	0.003972606	0.004158731
ASV_863	0.004337	0.009576170	0.004403404	0.001967920	0.001399484
ASV_799	0.005191	0.0009394299	0.0003904298	0.0004029756	0.0190319511
ASV_1116	0.004483	0.004084188	0.005754354	0.002778844	0.005315786
ASV_1302	0.004329	0.002972441	0.004802541	0.006051797	0.003487320
ASV_1026	0.00433	0.0059242928	0.0053360969	0.0051236597	0.0009367713
ASV_736	0.004372	0.00000000	0.00000000	0.00000000	0.01748693
ASV_833	0.004717	0.0024408282	0.0012274457	0.0004042952	0.0147959558
ASV_894	0.004303	0.00000000	0.00000000	0.00000000	0.01721236
ASV_1043	0.004158	0.0073275217	0.0037985236	0.0050468320	0.0004595546
ASV_1223	0.004188	0.004180656	0.005841438	0.002087414	0.004641202
ASV_963	0.004306	0.005600329	0.005578940	0.002428431	0.003615399
ASV_1171	0.00444	0.007013506	0.001258845	0.002805733	0.006682884
ASV_1102	0.004426	0.0093473798	0.0034438565	0.0008085905	0.0041042848
ASV_943	0.004233	0.009791574	0.003612217	0.001189195	0.002339413
ASV_970	0.003975	0.006777517	0.004130752	0.000000000	0.004991974
ASV_987	0.004361	0.0170548877	0.0000000000	0.0000000000	0.0003871557
ASV_1183	0.005146	0.0000000000	0.0008496968	0.0019913989	0.0177446651
ASV_574	0.003783	0.00000000	0.00000000	0.00000000	0.01513019
ASV_602	0.003836	0.00000000	0.00000000	0.00000000	0.01534521
ASV_676	0.003763	0.0000000000	0.0004589725	0.0000000000	0.0145919253
ASV_831	0.004256	0.007718808	0.004742322	0.002351164	0.002211093
ASV_974	0.004682	0.001311448	0.002267518	0.002008971	0.013138503
ASV_1225	0.00423	0.0079275426	0.0069791369	0.0015474939	0.0004668142
ASV_884	0.005034	0.00000000	0.00000000	0.00000000	0.02013786
ASV_1350	0.004837	0.0013425880	0.0008494022	0.0007960851	0.0163611945
ASV_1009	0.004235	0.0009046065	0.0099621263	0.0044536876	0.0016176562
ASV_1181	0.005349	0.000497765	0.000000000	0.000000000	0.020897839
ASV_1194	0.003942	0.001628193	0.008049087	0.004384721	0.001704767
ASV_1070	0.005645	0.00000000	0.00000000	0.00000000	0.02258126
ASV_1008	0.004045	0.008510645	0.001650169	0.002810963	0.003206943
ASV_898	0.00433	0.0000000000	0.0000000000	0.0004042952	0.0169142298
ASV_1334	0.003908	0.003461473	0.003274377	0.006744997	0.002152975
ASV_999	0.00484	0.0013270179	0.0004091486	0.0000000000	0.0176220105
ASV_938	0.004908	0.00000000	0.00000000	0.00000000	0.01963181
ASV_1082	0.003964	0.001324995	0.000000000	0.012787452	0.001742610
ASV_1241	0.004558	0.000000000	0.000464913	0.001230922	0.016536720
ASV_989	0.004257	0.009723769	0.001667699	0.001161450	0.004473571
ASV_1090	0.003906	0.007804431	0.002996376	0.002041940	0.002780275
ASV_1141	0.004088	0.004075661	0.003124143	0.005337831	0.003813213
ASV_1145	0.003716	0.0004416649	0.0026209018	0.0118006613	0.0000000000
ASV_1301	0.004062	0.005216276	0.003009051	0.001961801	0.006059409
ASV_1237	0.004178	0.0003765287	0.0004589725	0.0007974048	0.0150805665
ASV_1000	0.003963	0.002593410	0.003642428	0.004474562	0.005142995
ASV_961	0.003552	0.00000000	0.00000000	0.00000000	0.01420793
ASV_845	0.003791	0.007633992	0.002977658	0.003531489	0.001019587
ASV_1435	0.00374	0.0000000	0.0000000	0.0000000	0.0149592
ASV_1422	0.004007	0.004400106	0.002672009	0.004071819	0.004882198
ASV_1044	0.003854	0.001259859	0.005211687	0.003562211	0.005381697
ASV_1394	0.003861	0.004590241	0.001717818	0.004723912	0.004413466
ASV_985	0.003862	0.0057505640	0.0008740616	0.0055258430	0.0032975166
ASV_1127	0.00384	0.0008833298	0.0125346005	0.0007791533	0.0011614672
ASV_1234	0.003836	0.0049844237	0.0008206744	0.0052558380	0.0042827410
ASV_926	0.003746	0.0053997923	0.0091975290	0.0000000000	0.0003871557
ASV_1085	0.004165	0.00000000	0.00000000	0.00000000	0.01666036
ASV_1030	0.003578	0.003729515	0.002107354	0.005933888	0.002541075
ASV_1388	0.003693	0.002131311	0.003992559	0.005463009	0.003184883
ASV_1349	0.003922	0.0000000000	0.0000000000	0.0004207798	0.0152666875
ASV_906	0.004058	0.0009394299	0.0000000000	0.0000000000	0.0152924237
ASV_1300	0.003597	0.003091654	0.003670750	0.002357711	0.005268842
ASV_1174	0.003548	0.002649989	0.004513709	0.003931096	0.003097246
ASV_737	0.003616	0.0117808109	0.0022948623	0.0003893626	0.0000000000
ASV_851	0.003778	0.0003765287	0.0131930232	0.0000000000	0.0015423075
ASV_1046	0.003742	0.001757624	0.004029605	0.004594289	0.004585326
ASV_1297	0.003573	0.002153739	0.004279586	0.004846781	0.003011047
ASV_1222	0.003634	0.0003765287	0.0137752266	0.0000000000	0.0003839980
ASV_1138	0.003828	0.002654036	0.003428798	0.003660673	0.005567448
ASV_1147	0.003696	0.002404520	0.003452479	0.004034211	0.004891627
ASV_1104	0.003464	0.0008570335	0.0033795736	0.0052919283	0.0043288983
ASV_981	0.003627	0.003748684	0.010758914	0.000000000	0.000000000
ASV_1103	0.003637	0.009140189	0.002516599	0.002890118	0.000000000
ASV_1058	0.003458	0.01383261	0.00000000	0.00000000	0.00000000
ASV_548	0.003752	0.006444162	0.001337692	0.002431070	0.004795587
ASV_949	0.003745	0.003486972	0.000464913	0.003552864	0.007473717
ASV_902	0.003914	0.0004416649	0.0049116116	0.0004042952	0.0098987929
ASV_1411	0.003718	0.006919868	0.001797947	0.002837578	0.003314971
ASV_1165	0.003354	0.0038594635	0.0025106585	0.0062003601	0.0008467103
ASV_1114	0.003585	0.003939682	0.002157777	0.004309425	0.003934050
ASV_1255	0.00383	0.007786291	0.001673640	0.001578039	0.004283269
ASV_1072	0.003437	0.003337092	0.001688795	0.004717039	0.004006689
ASV_1353	0.003569	0.002906096	0.005607069	0.002846336	0.002917606
ASV_910	0.003748	0.002208325	0.005672553	0.001582304	0.005530374
ASV_969	0.003798	0.0007833702	0.0013947390	0.0007903390	0.0122234800
ASV_977	0.003672	0.002125131	0.004798292	0.000000000	0.007764951
ASV_1041	0.003294	0.0008833298	0.0016413489	0.0000000000	0.0106501710
ASV_991	0.003428	0.007264379	0.002504715	0.001183020	0.002759248
ASV_1168	0.003469	0.003949051	0.003076405	0.004005433	0.002845222
ASV_1075	0.0034	0.0054628356	0.0052238845	0.0008237554	0.0020887654
ASV_861	0.003454	0.0007530574	0.0043623762	0.0011966334	0.0075047011
ASV_980	0.003572	0.002058799	0.002231366	0.005741753	0.004256569
ASV_1340	0.003396	0.002481543	0.006331985	0.003618051	0.001151994
ASV_984	0.003535	0.0041333302	0.0048845616	0.0004207798	0.0047020463
ASV_1023	0.003575	0.003256386	0.003093838	0.004342842	0.003605542
ASV_1025	0.0033	0.005647972	0.003515081	0.002807480	0.001227551
ASV_1066	0.003578	0.0004068414	0.0009298260	0.0035042635	0.0094700029
ASV_1178	0.003454	0.0004224115	0.0055444581	0.0044092523	0.0034415935
ASV_941	0.003597	0.01438748	0.00000000	0.00000000	0.00000000
ASV_1156	0.003351	0.008525155	0.001240127	0.003636907	0.000000000
ASV_1109	0.00403	0.0000000000	0.0000000000	0.0003931096	0.0157261565
ASV_1239	0.004776	0.00000000	0.00000000	0.00000000	0.01910452
ASV_292	0.003437	0.0074790561	0.0045213630	0.0008138894	0.0009336284
ASV_355	0.003265	0.0052013577	0.0022067067	0.0048038906	0.0008467103
ASV_839	0.003421	0.004517235	0.003929665	0.001234669	0.004003323
ASV_945	0.003844	0.0000000000	0.0000000000	0.0007824722	0.0145948379
ASV_840	0.00417	0.008548300	0.000000000	0.000000000	0.008132726
ASV_896	0.003316	0.004250883	0.003999394	0.003161588	0.001852738
ASV_1015	0.003763	0.0004416649	0.0000000000	0.0003860437	0.0142224093
ASV_936	0.004048	0.0013249947	0.0000000000	0.0003893626	0.0144757370
ASV_1029	0.003563	0.004423870	0.001666805	0.001214438	0.006948047
ASV_1097	0.00312	0.004894873	0.004130752	0.000000000	0.003455982
ASV_1472	0.00324	0.003370247	0.004806707	0.002013822	0.002769858
ASV_1433	0.003335	0.0000000000	0.0017284160	0.0003893626	0.0112216329
ASV_1210	0.003472	0.0000000000	0.0004091486	0.0000000000	0.0134774295
ASV_1310	0.003115	0.0000000000	0.0009179449	0.0115416322	0.0000000000
ASV_489	0.003547	0.0000000000	0.0021559888	0.0007936578	0.0112370887
ASV_920	0.003347	0.001225035	0.000000000	0.000000000	0.012161322
ASV_1150	0.003257	0.002576150	0.001561719	0.004330104	0.004559239
ASV_1306	0.003169	0.0008181936	0.0086877148	0.0007862192	0.0023856522
ASV_1080	0.003088	0.0023968205	0.0049514265	0.0007787252	0.0042239784
ASV_1135	0.003457	0.000000000	0.003426226	0.000000000	0.010401166
ASV_1409	0.003797	0.009089212	0.000000000	0.000000000	0.006099545
ASV_1380	0.003346	0.00000000	0.01338363	0.00000000	0.00000000
ASV_1188	0.003706	0.00000000	0.00000000	0.00000000	0.01482292
ASV_1112	0.004252	0.0004068414	0.0017237584	0.0000000000	0.0148764680
ASV_1432	0.003249	0.0007918973	0.0122047067	0.0000000000	0.0000000000
ASV_679	0.002987	0.001220524	0.001285587	0.002006544	0.007436322
ASV_933	0.003013	0.002182028	0.005127203	0.001647511	0.003097246
ASV_876	0.003068	0.0026712661	0.0013330340	0.0077166705	0.0005527733
ASV_1293	0.00353	0.0004068414	0.0012784582	0.0012144376	0.0112196352
ASV_929	0.003602	0.0008292529	0.0008553428	0.0003893626	0.0123339449
ASV_1013	0.003048	0.0047531289	0.0046878436	0.0019754139	0.0007743114
ASV_849	0.003008	0.002635701	0.006325967	0.000000000	0.003071984
ASV_1073	0.002926	0.0048440254	0.0009179449	0.0050931311	0.0008508122
ASV_1463	0.00313	0.002615166	0.004318109	0.002032074	0.003553418
ASV_1064	0.003007	0.0000000000	0.0115681214	0.0000000000	0.0004595546
ASV_1415	0.003106	0.007068662	0.002510659	0.001611294	0.001233866
ASV_730	0.003113	0.0000000000	0.0004393596	0.0007923382	0.0112212009
ASV_1092	0.00279	0.0025016449	0.0000000000	0.0081069187	0.0005527733
ASV_904	0.003115	0.002103345	0.004296919	0.002456974	0.003604276
ASV_1459	0.003054	0.004613532	0.005773779	0.000000000	0.001829721
ASV_1278	0.002928	0.0075484265	0.0024289461	0.0007974048	0.0009367713
ASV_1055	0.002934	0.008053701	0.000898332	0.002782182	0.000000000
ASV_1192	0.003462	0.002602446	0.002096755	0.001229370	0.007919281
ASV_1393	0.002994	0.0008640764	0.0053924639	0.0051655638	0.0005527733
ASV_1056	0.002887	0.0054857815	0.0029078260	0.0023853809	0.0007679961
ASV_452	0.002874	0.001493295	0.005656404	0.004346577	0.000000000
ASV_1042	0.002929	0.0011754689	0.0004393596	0.0015657453	0.0085353597
ASV_1078	0.003163	0.0097688241	0.0008485082	0.0000000000	0.0020331815
ASV_931	0.002688	0.003388758	0.002753835	0.000000000	0.004611134
ASV_1047	0.002957	0.0034288488	0.0065156985	0.0012069989	0.0006777272
ASV_950	0.002987	0.001750914	0.002125778	0.002473905	0.005596695
ASV_1342	0.002833	0.001590838	0.004291970	0.002767017	0.002683691
ASV_1186	0.003861	0.00000000	0.00000000	0.00000000	0.01544589
ASV_1486	0.0037	0.00000000	0.00000000	0.00000000	0.01480133
ASV_942	0.002686	0.0029170135	0.0069574164	0.0004029756	0.0004668142
ASV_1004	0.003221	0.0000000000	0.0000000000	0.0003893626	0.0124934402
ASV_1035	0.002919	0.002080075	0.002134096	0.001165197	0.006298384
ASV_1458	0.002787	0.0047902240	0.0053822605	0.0004207798	0.0005527733
ASV_1140	0.002839	0.002627407	0.004299099	0.001597163	0.002830702
ASV_1074	0.002728	0.0068442359	0.0004589725	0.0036105569	0.0000000000
ASV_1031	0.002714	0.0091381101	0.0008752502	0.0008415596	0.0000000000
ASV_1051	0.003325	0.000000000	0.003911338	0.000000000	0.009388967
ASV_1088	0.002717	0.0054966560	0.0045292674	0.0000000000	0.0008435526
ASV_1321	0.00269	0.004618346	0.002859191	0.001976734	0.001306265
ASV_1329	0.002906	0.002958894	0.005195951	0.001175063	0.002292226
ASV_1230	0.00277	0.00000000	0.01108084	0.00000000	0.00000000
ASV_1160	0.002562	0.0000000000	0.0000000000	0.0004042952	0.0098445106
ASV_1491	0.002467	0.0000000000	0.0000000000	0.0004042952	0.0094634423
ASV_946	0.002617	0.00000000	0.00000000	0.00000000	0.01046909
ASV_962	0.00266	0.0053538545	0.0020572351	0.0007862192	0.0024435467
ASV_1134	0.00247	0.001270918	0.001285587	0.005404612	0.001919990
ASV_1244	0.002693	0.006429582	0.002553548	0.000000000	0.001790741
ASV_1271	0.002967	0.00000000	0.00000000	0.00000000	0.01186921
ASV_1170	0.002803	0.001272402	0.001264491	0.004460949	0.004215905
ASV_1125	0.002667	0.0039749841	0.0004589725	0.0027540839	0.0034810189
ASV_1132	0.002979	0.0011947223	0.0017493118	0.0007923382	0.0081812444
ASV_1351	0.002555	0.003379292	0.000000000	0.005441457	0.001399484
ASV_1164	0.00295	0.002779783	0.002982604	0.001592615	0.004445952
ASV_1344	0.002457	0.0000000000	0.0000000000	0.0094426328	0.0003871557
ASV_542	0.002598	0.003895792	0.002994793	0.001213118	0.002289276
ASV_669	0.002606	0.0000000000	0.0004393596	0.0000000000	0.0099858615
ASV_912	0.002564	0.004984424	0.005272315	0.000000000	0.000000000
ASV_1431	0.00285	0.0000000000	0.0008681210	0.0004042952	0.0101273246
ASV_916	0.002641	0.0004153686	0.0056635328	0.0020171413	0.0024684684
ASV_1014	0.002556	0.0062560562	0.0030265873	0.0003893626	0.0005527733
ASV_889	0.00254	0.002483685	0.001719006	0.004853615	0.001105547
ASV_1155	0.002572	0.0046286904	0.0048039331	0.0000000000	0.0008539699
ASV_1028	0.002445	0.0004068414	0.0032731885	0.0035675098	0.0025306579
ASV_1212	0.002589	0.004120787	0.001669183	0.001190514	0.003377160
ASV_1050	0.002649	0.000000000	0.003904298	0.002820829	0.003869413
ASV_1124	0.002578	0.0060666427	0.0013330340	0.0004042952	0.0025091320
ASV_1253	0.002505	0.0007530574	0.0033290663	0.0020682905	0.0038700630
ASV_1094	0.002576	0.0051575892	0.0023425787	0.0023361757	0.0004668142
ASV_990	0.003051	0.007461846	0.000000000	0.000000000	0.004744090
ASV_1118	0.002579	0.000000000	0.002753835	0.000000000	0.007563489
ASV_1219	0.002934	0.003618426	0.001264491	0.001262339	0.005590493
ASV_1493	0.002757	0.00000000	0.00000000	0.00000000	0.01102931
ASV_813	0.002478	0.0066356779	0.0008983320	0.0007754064	0.0016040960
ASV_952	0.002522	0.005181247	0.001779523	0.001561626	0.001565101
ASV_909	0.002513	0.0086217011	0.0008787192	0.0000000000	0.0005527733
ASV_1314	0.002308	0.000000000	0.000000000	0.000000000	0.009231841
ASV_951	0.00245	0.0043903527	0.0004393596	0.0049695943	0.0000000000
ASV_885	0.0024	0.000000000	0.003982469	0.005617462	0.000000000
ASV_1466	0.002374	0.0044007004	0.0031539686	0.0004042952	0.0015359921
ASV_1299	0.002437	0.0025393035	0.0008553428	0.0032029620	0.0031505054
ASV_1007	0.002461	0.0047300648	0.0029636877	0.0015963616	0.0005527733
ASV_1153	0.002494	0.0032160952	0.0017047450	0.0007787252	0.0042761354
ASV_1232	0.003018	0.00000000	0.00000000	0.00000000	0.01207191
ASV_1093	0.00246	0.004062679	0.002544433	0.001572811	0.001658320
ASV_1470	0.00242	0.001682603	0.002623373	0.002739151	0.002633350
ASV_1474	0.002451	0.0022591722	0.0063829197	0.0003931096	0.0007679961
ASV_1208	0.002442	0.000000000	0.000000000	0.000000000	0.009766759
ASV_1377	0.002461	0.0004224115	0.0090308322	0.0003893626	0.0000000000
ASV_1418	0.002306	0.0039594867	0.0035541024	0.0003931096	0.0013176264
ASV_1270	0.002504	0.003091654	0.000000000	0.000000000	0.006925019
ASV_1071	0.00224	0.0035962164	0.0000000000	0.0044282124	0.0009367713
ASV_1327	0.002351	0.002595913	0.002979135	0.001594810	0.002232634
ASV_1054	0.002353	0.003551600	0.001752781	0.001245855	0.002859919
ASV_993	0.002509	0.003026851	0.004333767	0.000000000	0.002676224
ASV_1248	0.00237	0.001703547	0.002605552	0.001569064	0.003600880
ASV_1365	0.002427	0.001319975	0.004016611	0.001210246	0.003161938
ASV_1483	0.00244	0.000000000	0.000000000	0.000000000	0.009761212
ASV_1260	0.002376	0.002125116	0.002176496	0.001208927	0.003994043
ASV_665	0.002371	0.0008640764	0.0000000000	0.0000000000	0.0086208728
ASV_897	0.002382	0.0000000000	0.0004393596	0.0012131180	0.0078755532
ASV_978	0.002324	0.001844036	0.003052935	0.002740007	0.001658320
ASV_1017	0.002351	0.0000000000	0.0009238855	0.0008068235	0.0076741302
ASV_1012	0.002235	0.003952401	0.002237307	0.002748393	0.000000000
ASV_1190	0.002393	0.0058609801	0.0029137665	0.0007974048	0.0000000000
ASV_1083	0.002127	0.0011295861	0.0052126725	0.0016119023	0.0005527733
ASV_1224	0.002183	0.001263875	0.001723758	0.002364702	0.003378344
ASV_1443	0.00211	0.0037099377	0.0008553428	0.0038737129	0.0000000000
ASV_1296	0.002157	0.001882644	0.003671780	0.000000000	0.003071984
ASV_1414	0.002315	0.002059789	0.003517054	0.001683119	0.001998511
ASV_1450	0.002312	0.002554046	0.002545524	0.001604676	0.002544025
ASV_1475	0.002379	0.000000000	0.001340163	0.002429983	0.005745626
ASV_1335	0.002161	0.0022083245	0.0029209957	0.0008072708	0.0027069324
ASV_1284	0.002246	0.0026499894	0.0030360879	0.0008138894	0.0024822512
ASV_1420	0.002187	0.0029920277	0.0035824107	0.0016198405	0.0005527733
ASV_553	0.001981	0.0016614746	0.0000000000	0.0004029756	0.0058607886
ASV_754	0.002441	0.0004153686	0.0000000000	0.0000000000	0.0093479840
ASV_959	0.002207	0.0004224115	0.0038190305	0.0029289740	0.0016583198
ASV_1282	0.002211	0.004220152	0.001600345	0.001957107	0.001064883
ASV_1068	0.00192	0.000000000	0.000000000	0.000000000	0.007679961
ASV_1370	0.002124	0.0023243084	0.0016302618	0.0007960851	0.0037470999
ASV_1057	0.002175	0.000000000	0.004091486	0.001633665	0.002975500
ASV_1386	0.002119	0.0017423866	0.0022450384	0.0039370690	0.0005527733
ASV_1167	0.002112	0.0054538142	0.0016595787	0.0003931096	0.0009399290
ASV_1330	0.002071	0.001666191	0.002108248	0.001589296	0.002921916
ASV_1137	0.002115	0.0034370520	0.0008194858	0.0015690642	0.0026333496
ASV_1387	0.002143	0.001290171	0.001394739	0.002491710	0.003395045
ASV_1216	0.00227	0.0016879766	0.0016988045	0.0004207798	0.0052720356
ASV_1303	0.002095	0.0051652047	0.0004103372	0.0028033605	0.0000000000
ASV_1163	0.002352	0.000000000	0.000000000	0.000000000	0.009406628
ASV_1020	0.00261	0.00000000	0.00000000	0.00000000	0.01044083
ASV_1364	0.002133	0.000000000	0.003254391	0.002945459	0.002334071
ASV_1389	0.001958	0.003011281	0.002049309	0.002770391	0.000000000
ASV_1266	0.002494	0.0004416649	0.0017574384	0.0004029756	0.0073728080
ASV_1108	0.002189	0.000000000	0.001688795	0.001995358	0.005073531
ASV_1166	0.001981	0.0008448229	0.0021441046	0.0031405557	0.0017938989
ASV_1176	0.002033	0.002413472	0.005717290	0.000000000	0.000000000
ASV_1201	0.002086	0.0017944702	0.0008297894	0.0028140466	0.0029040772
ASV_1269	0.002083	0.000000000	0.000000000	0.003685704	0.004646351
ASV_1198	0.002098	0.001622635	0.002752916	0.000000000	0.004016866
ASV_1283	0.002181	0.000000000	0.002139742	0.002040620	0.004543495
ASV_1308	0.002166	0.0000000000	0.0079863230	0.0000000000	0.0006777272
ASV_805	0.001851	0.0000000000	0.0004103372	0.0000000000	0.0069936286
ASV_1036	0.001982	0.0004224115	0.0008194858	0.0003931096	0.0062944757
ASV_1406	0.002135	0.0008136829	0.0027337136	0.0008415596	0.0041490798
ASV_1322	0.001915	0.001655974	0.001363245	0.002402666	0.002239879
ASV_1272	0.001929	0.000000000	0.002300803	0.000000000	0.005416798
ASV_1471	0.001933	0.0008742937	0.0034173057	0.0008250750	0.0026166317
ASV_1320	0.00186	0.003348461	0.001320256	0.002771444	0.000000000
ASV_1169	0.001933	0.0056338530	0.0003904298	0.0000000000	0.0017079251
ASV_1447	0.002004	0.002622896	0.001859652	0.001665315	0.001867257
ASV_1408	0.001804	0.0040556503	0.0008485082	0.0003931096	0.0019199902
ASV_1384	0.002025	0.0000000000	0.0000000000	0.0004029756	0.0076957098
ASV_1005	0.001858	0.0008307373	0.0031054276	0.0003931096	0.0031042510
ASV_1107	0.001897	0.001214309	0.001257657	0.002778863	0.002336047
ASV_1115	0.001897	0.000000000	0.001859652	0.002458973	0.003267699
ASV_925	0.001791	0.002397478	0.002001079	0.000000000	0.002765563
ASV_1397	0.001866	0.000000000	0.003198627	0.002879520	0.001385923
ASV_1095	0.001868	0.000000000	0.001283210	0.002054445	0.004135991
ASV_1355	0.001812	0.0046962314	0.0021568828	0.0003931096	0.0000000000
ASV_1354	0.002112	0.0022486788	0.0004393596	0.0004029756	0.0053587775
ASV_1152	0.001628	0.0045183445	0.0004589725	0.0000000000	0.0015359921
ASV_1268	0.001729	0.000000000	0.001742183	0.003545279	0.001628281
ASV_1419	0.001917	0.0017576235	0.0008494022	0.0004207798	0.0046400352
ASV_1157	0.001836	0.0024922118	0.0043935959	0.0000000000	0.0004595546
ASV_1428	0.001773	0.0018826435	0.0019708677	0.0007754064	0.0024612088
ASV_1338	0.001902	0.0000000000	0.0003904298	0.0000000000	0.0072174642
ASV_1412	0.002265	0.001733859	0.000800767	0.000000000	0.006527364
ASV_1440	0.001691	0.0041326155	0.0013083747	0.0004042952	0.0009191092
ASV_1465	0.001691	0.000000000	0.001636594	0.002830067	0.002297773
ASV_1362	0.001858	0.000000000	0.001376917	0.001212886	0.004841519
ASV_1444	0.001579	0.001267234	0.000000000	0.005046777	0.000000000
ASV_1061	0.001697	0.001506115	0.004130752	0.000000000	0.001151994
ASV_1202	0.001742	0.0007989402	0.0035401296	0.0012445351	0.0013859234
ASV_1371	0.001728	0.004232575	0.002677560	0.000000000	0.000000000
ASV_1317	0.001637	0.0008640764	0.0004589725	0.0046706896	0.0005527733
ASV_1401	0.001636	0.0037049237	0.0008485082	0.0016033560	0.0003871557
ASV_1461	0.001827	0.0013249947	0.0016413489	0.0004207798	0.0039190329
ASV_1438	0.001591	0.001689646	0.000000000	0.004676345	0.000000000
ASV_1485	0.001976	0.0000000000	0.0000000000	0.0008085905	0.0070960047
ASV_1262	0.001776	0.0041445597	0.0003904298	0.0004029756	0.0021672717
ASV_1423	0.001622	0.001731836	0.001231012	0.001976734	0.001548623
ASV_615	0.001627	0.000000000	0.000000000	0.000000000	0.006508015
ASV_710	0.001738	0.0004153686	0.0000000000	0.0000000000	0.0065353985
ASV_836	0.001838	0.000000000	0.000000000	0.000000000	0.007350432
ASV_932	0.001696	0.0054399621	0.0000000000	0.0007923382	0.0005527733
ASV_1161	0.001596	0.000000000	0.000000000	0.000000000	0.006383061
ASV_1048	0.001722	0.006889701	0.000000000	0.000000000	0.000000000
ASV_1238	0.00148	0.000000000	0.000000000	0.000000000	0.005918343
ASV_1087	0.001858	0.0003765287	0.0000000000	0.0000000000	0.0070555357
ASV_1274	0.001774	0.000000000	0.000000000	0.000000000	0.007095683
ASV_1263	0.001606	0.002907580	0.003514877	0.000000000	0.000000000
ASV_1217	0.001551	0.001990636	0.002646455	0.001183449	0.000383998
ASV_1205	0.001519	0.0000000000	0.0008182971	0.0040286801	0.0012307084
ASV_1175	0.001581	0.0007530574	0.0023999237	0.0020283270	0.0011445414
ASV_1449	0.001609	0.0004224115	0.0029508122	0.0015851045	0.0014791420
ASV_1298	0.001598	0.0034370520	0.0004589725	0.0024970085	0.0000000000
ASV_1396	0.001689	0.0000000000	0.0037193041	0.0021038989	0.0009336284
ASV_1336	0.001792	0.003533319	0.000000000	0.000000000	0.003636011
ASV_1480	0.001473	0.000000000	0.000000000	0.005892897	0.000000000
ASV_1196	0.001553	0.000000000	0.000000000	0.000000000	0.006212648
ASV_1098	0.001443	0.0004416649	0.0022254255	0.0011750631	0.0019294632
ASV_1193	0.001517	0.0016879766	0.0013947390	0.0008101424	0.0021747392
ASV_1456	0.001532	0.000000000	0.001802605	0.002372215	0.001952257
ASV_1439	0.001501	0.0034636723	0.0004393596	0.0007960851	0.0013062649
ASV_1464	0.001531	0.0017666596	0.0008740616	0.0011891947	0.0022955913
ASV_1318	0.001499	0.0047481093	0.0000000000	0.0004029756	0.0008467103
ASV_1323	0.001486	0.002984476	0.001357304	0.001603800	0.000000000
ASV_1369	0.001471	0.002034207	0.002661711	0.001189195	0.000000000
ASV_1245	0.001476	0.003035917	0.000929826	0.001940175	0.000000000
ASV_1367	0.001688	0.0024796682	0.0008297894	0.0000000000	0.0034415935
ASV_1469	0.001416	0.000000000	0.000000000	0.004422865	0.001241126
ASV_1487	0.001349	0.000000000	0.000000000	0.000000000	0.005394919
ASV_1345	0.001417	0.000000000	0.000000000	0.000000000	0.005669802
ASV_1187	0.001605	0.0008640764	0.0000000000	0.0000000000	0.0055565329
ASV_1154	0.001455	0.0026359338	0.0022384953	0.0003931096	0.0005527733
ASV_1264	0.001405	0.001207266	0.001650464	0.001189195	0.001572361
ASV_1404	0.001351	0.0016896459	0.0004649130	0.0027817349	0.0004668142
ASV_1402	0.001389	0.001190212	0.000464913	0.001648383	0.002251255
ASV_1358	0.001456	0.0004977650	0.0008553428	0.0016666346	0.0028040280
ASV_1199	0.001448	0.0008833298	0.0022023437	0.0000000000	0.0027067075
ASV_1398	0.001385	0.0016879766	0.0013769174	0.0007720875	0.0017016244
ASV_766	0.001208	0.0004153686	0.0008787192	0.0012309222	0.0023071459
ASV_973	0.001152	0.000000000	0.000000000	0.000000000	0.004607976
ASV_1065	0.001378	0.000000000	0.000000000	0.000000000	0.005511975
ASV_1122	0.001419	0.001705540	0.001376917	0.000000000	0.002595091
ASV_1121	0.001221	0.0032933511	0.0004393596	0.0000000000	0.0011519941
ASV_1227	0.001265	0.0013057413	0.0008681210	0.0019588549	0.0009263688
ASV_1425	0.001281	0.0004416649	0.0029010856	0.0004042952	0.0013786638
ASV_1337	0.00168	0.0000000000	0.0008740616	0.0000000000	0.0058467017
ASV_1286	0.001251	0.0012638750	0.0021363759	0.0012168649	0.0003871557
ASV_1333	0.001304	0.0025883608	0.0018418304	0.0004029756	0.0003839980
ASV_1441	0.00127	0.0007530574	0.0017106856	0.0015958429	0.0010195874
ASV_1339	0.001264	0.001129586	0.001835890	0.000000000	0.002088765
ASV_1360	0.001302	0.0023573715	0.0008297894	0.0015624265	0.0004595546
ASV_1416	0.001537	0.003436579	0.000000000	0.000000000	0.002710909
ASV_1429	0.001861	0.0007918973	0.0000000000	0.0000000000	0.0066523178
ASV_1378	0.001349	0.0009394299	0.0004589725	0.0011581312	0.0028379620
ASV_242	0.001138	0.0004153686	0.0008983320	0.0012309222	0.0020091217
ASV_353	0.001212	0.0000000000	0.0029650736	0.0007754064	0.0011055465
ASV_1312	0.001156	0.000000000	0.000000000	0.000000000	0.004625753
ASV_1347	0.001078	0.000000000	0.000000000	0.000000000	0.004312166
ASV_1226	0.001172	0.002492212	0.002196798	0.000000000	0.000000000
ASV_1252	0.001177	0.0008640764	0.0004649130	0.0023679303	0.0010123279
ASV_1316	0.001228	0.0008640764	0.0025582054	0.0000000000	0.0014895446
ASV_1206	0.001337	0.0000000000	0.0008494022	0.0000000000	0.0044981997
ASV_1136	0.001425	0.0013114479	0.0008983320	0.0007791533	0.0027109087
ASV_1363	0.001164	0.0025014537	0.0008496968	0.0000000000	0.0013062649
ASV_1324	0.001127	0.001260192	0.000000000	0.003248064	0.000000000
ASV_1289	0.001102	0.001267234	0.000000000	0.003139680	0.000000000
ASV_1229	0.001296	0.000000000	0.000000000	0.000000000	0.005185564
ASV_1257	0.001127	0.0007530574	0.0018358898	0.0000000000	0.0019199902
ASV_1332	0.001179	0.002518508	0.002196798	0.000000000	0.000000000
ASV_1462	0.001148	0.0008833298	0.0012784582	0.0008068235	0.0016219660
ASV_1383	0.00121	0.0000000000	0.0003904298	0.0000000000	0.0044507482
ASV_1484	0.001119	0.000000000	0.000000000	0.000000000	0.004474626
ASV_1381	0.001165	0.0000000000	0.0008182971	0.0015846764	0.0022575406
ASV_937	0.00096	0.00000000	0.00000000	0.00000000	0.00383998
ASV_1018	0.001154	0.0000000000	0.0000000000	0.0004042952	0.0042097975
ASV_1069	0.001168	0.0000000000	0.0000000000	0.0004207798	0.0042519647
ASV_1162	0.001316	0.000000000	0.000000000	0.000000000	0.005265739
ASV_1325	0.001092	0.002123935	0.002245038	0.000000000	0.000000000
ASV_1359	0.001132	0.0008448229	0.0004091486	0.0015822299	0.0016900550
ASV_1372	0.00108	0.001246106	0.003075517	0.000000000	0.000000000
ASV_1331	0.001085	0.0008307373	0.0008297894	0.0015748104	0.0011055465
ASV_1421	0.001093	0.0012864878	0.0021397416	0.0003931096	0.0005527733
ASV_1442	0.001004	0.0008448229	0.0004589725	0.0027122628	0.0000000000
ASV_824	0.001163	0.0004068414	0.0004589725	0.0000000000	0.0037880856
ASV_804	0.00099	0.0022749751	0.0012274457	0.0000000000	0.0004595546
ASV_1228	0.000982	0.0004224115	0.0016851322	0.0008068235	0.0010123279
ASV_1242	0.001068	0.0004977650	0.0008494022	0.0000000000	0.0029248800
ASV_1489	0.001023	0.000000000	0.000000000	0.000000000	0.004092631
ASV_1295	0.001127	0.000000000	0.001835890	0.000000000	0.002673081
ASV_1382	0.001033	0.000000000	0.004130752	0.000000000	0.000000000
ASV_1159	0.000938	0.0000000000	0.0000000000	0.0003860437	0.0033657134
ASV_1292	0.000968	0.001237579	0.002636158	0.000000000	0.000000000
ASV_771	0.001065	0.0000000000	0.0000000000	0.0004042952	0.0038573268
ASV_1052	0.000768	0.000000000	0.000000000	0.000000000	0.003071984
ASV_1407	0.000821	0.0008222101	0.0000000000	0.0000000000	0.0024623609
ASV_1233	0.000918	0.00000000	0.00367178	0.00000000	0.00000000
ASV_1288	0.000929	0.0003765287	0.0004649130	0.0004207798	0.0024549082
ASV_1452	0.000834	0.0004068414	0.0000000000	0.0003893626	0.0025410752
ASV_1479	0.00103	0.0004153686	0.0000000000	0.0003860437	0.0033166396
ASV_825	0.000743	0.0000000000	0.0004091486	0.0000000000	0.0025609508
ASV_1319	0.000745	0.0017666596	0.0008194858	0.0003931096	0.0000000000
ASV_972	0.000756	0.000000000	0.000000000	0.000000000	0.003025551
ASV_1395	0.000812	0.0017015234	0.0004393596	0.0000000000	0.0011055465
ASV_1304	0.000759	0.0000000000	0.0008787192	0.0016059953	0.0005527733
ASV_1259	0.000706	0.0007530574	0.0009179449	0.0000000000	0.0011519941
ASV_1067	0.000578	0.000000000	0.000000000	0.000000000	0.002310304
ASV_1110	0.000694	0.0009955301	0.0004393596	0.0004029756	0.0009367713
ASV_1130	0.000745	0.001493295	0.000000000	0.000000000	0.001486402
ASV_1209	0.000674	0.0000000000	0.0004393596	0.0000000000	0.0022575554
ASV_1240	0.000614	0.000000000	0.002454891	0.000000000	0.000000000
ASV_1287	0.000653	0.0003765287	0.0009179449	0.0000000000	0.0013176264
ASV_1379	0.000683	0.0004068414	0.0000000000	0.0000000000	0.0023258524
ASV_1348	0.000576	0.000000000	0.000000000	0.000000000	0.002303988
ASV_1084	0.000572	0.0000000000	0.0004589725	0.0000000000	0.0018297213
ASV_1307	0.000533	0.0000000000	0.0000000000	0.0015780386	0.0005527733
ASV_1185	0.000499	0.0000000000	0.0004589725	0.0000000000	0.0015359921
ASV_1281	0.000527	0.0004068414	0.0013180788	0.0000000000	0.0003839980
ASV_1133	0.000396	0.0003765287	0.0004393596	0.0000000000	0.0007679961
ASV_1346	0.000468	0.000000000	0.000000000	0.000000000	0.001873543
ASV_907	0.000315	0.000000000	0.001258845	0.000000000	0.000000000
ASV_873	0.000346	0.0000000000	0.0004393596	0.0003931096	0.0005527733
ASV_1040	0.000307	0.000000000	0.000000000	0.000000000	0.001227551
ASV_1494	0.000391	0.000000000	0.000000000	0.000000000	0.001565101
ASV_1436	0.000299	0.0000000000	0.0000000000	0.0008072708	0.0003871557
ASV_1492	0.000381	0.000000000	0.000000000	0.000000000	0.001524437
ASV_1478	0.000298	0.000000000	0.000000000	0.001192867	0.000000000
ASV_1488	0.000198	0.0000000000	0.0000000000	0.0004029756	0.0003871557
ASV_1207	0.000203	0.0000000000	0.0003904298	0.0004207798	0.0000000000
ASV_1177	0.000207	0.0000000000	0.0008297894	0.0000000000	0.0000000000
ASV_1315	0.000232	0.0003765287	0.0000000000	0.0000000000	0.0005527733
ASV_1482	9.7e-05	0.0000000000	0.0000000000	0.0003893626	0.0000000000
ASV_1236	9.6e-05	0.000000000	0.000000000	0.000000000	0.000383998
ASV_1305	9.4e-05	0.0003765287	0.0000000000	0.0000000000	0.0000000000
