Genus	NC1	NC2	NC3	NC4	NC5	NC6	NC7	NC8	NC9	NC10	NC11	NC12	NC13	NC14	NC15	HD1	HD2	HD3	HD4	HD5	HD6	HD7	HD8	HD9	HD10	HD11	HD12	HD13	HD14	HD15
Bacteria|Acidobacteria|Acidobacteria_Gp15|Unassigned|Unassigned|Gp15	0.0637337023818195	0.00346482338062817	0.0123324113387713	0.0751019850820148	0.00174052285306506	0.0306356905795251	0.0276582136251275	0.33296724369367	0.0480060918075121	0.039866447401206	0.0363545912021889	0.0219579139981702	0.029508765839264	0.0728931087976375	0.0495986185866231	0.00179169727482844	0	0.00190817845284891	0	0.00177122816961281	0	0	0	0	0	0	0	0	0	0.00184297825285662
Bacteria|Actinobacteria|Actinobacteria|Bifidobacteriales|Bifidobacteriaceae|Bifidobacterium	0.291354068031175	1.44656376141226	0.445728581244164	0.0682745318927407	1.01472482333693	0.0272317249595779	0.409687289322201	0.882101703188466	0.0546276217119966	0.0996661185030149	0.143504965271798	0.109789569990851	0.206561360874848	0.0149524325738744	0.159817771001341	0.0609177073441671	0.0397240980824094	0.112582528718086	0.0335095688435475	0.0389670197314818	0.0145761970701844	0.00527361260041837	0.00354126458558351	0.0093179276928811	0.0129220431596242	0.0330044469149528	0.0272808761058498	0.00719515046858417	0.0115185256287195	0.0165868042757095
Bacteria|Actinobacteria|Coriobacteriia|Coriobacteriales|Atopobiaceae|Olsenella	0.34962488163741	1.2178854182908	0.401684255034266	0.0477921723249185	0.835450969471229	0.21615181686665	0.252381199329288	1.08780921499922	0.160572100183747	0.255809704157738	0.0344411916652316	0.0969807868252516	0.112827634091304	0.0261667570042801	0.110219152414718	0.102126744665221	0.142645624932288	0.265236804945999	0.0651574949735647	0.0478231605795459	0.00728809853509219	0.0105472252008367	0.0106237937567505	0.00372717107715244	0.00923003082830297	0.00173707615341857	0	0.00359757523429209	0.00383950854290651	0
Bacteria|Actinobacteria|Coriobacteriia|Eggerthellales|Eggerthellaceae|Adlercreutzia	0.244009031976109	0.44522980441072	0.0704709219358362	0.134842200488163	0.466460124621436	0.302952940175304	0.0950751093363757	0.364346355664801	0.0943568011389031	0.0647829770269597	0.0133937967587012	0.0128087831655993	0.0104148585315049	0.0149524325738744	0.0275547881036795	0.0447924318707111	0.0722256328771081	0.041979925962676	0.0893588502494601	0.0212547380353537	0.0510166897456454	0.014062966934449	0.00531189687837527	0.0279537830786433	0.0369201233132119	0.0052112284602557	0.0155890720604856	0.00359757523429209	0.0211172969859858	0.0147438260228529
Bacteria|Actinobacteria|Coriobacteriia|Eggerthellales|Eggerthellaceae|Enteroscipio	0.0837642945589628	0.294509987353395	0.0880886524197953	0.114359840920341	0.224527448045393	0.0578674155391031	0.0691455340628187	0.174328399839618	0.0695260639970865	0.0348831414760552	0.0248741939804451	0.0237877401646844	0.0329803853497657	0.00560716221520289	0.0330657457244154	0.0268754591224267	0.0216676898631324	0.00381635690569782	0.0093082135676521	0.0159410535265153	0.0109321478026383	0.014062966934449	0	0	0	0	0	0	0	0
Bacteria|Actinobacteria|Coriobacteriia|Eggerthellales|Eggerthellaceae|Unassigned	0.0710175540825989	0.294509987353395	0.0510914184034813	0.141669653677437	0.428168621854005	0.013615862479789	0.0155577451641342	0.0104597039903771	0.0165538247612111	0.013288815800402	0.00382679907391462	0	0.00173580975525082	0.00373810814346859	0.0055109576207359	0.0107501836489707	0.0018056408219277	0.0133572491699424	0	0.00531368450883843	0.00546607390131915	0.0070314834672245	0.00177063229279176	0.00559075661572866	0.0147680493252847	0	0	0	0	0.00184297825285662
Bacteria|Actinobacteria|Unassigned|Unassigned|Unassigned|Unassigned	0.00728385170077937	0.0121268818321986	0.00880886524197953	0.0341372659463704	0.0104431371183904	0.0306356905795251	0.0155577451641342	0.0313791119711312	0.0480060918075121	0.0348831414760552	0.0631421847195913	0.0384263494967978	0.00520742926575247	0.0859764872997776	0.113893124161875	0.00537509182448534	0.0126394857534939	0.124031599435179	0.00372328542706084	0.00708491267845124	0.00182202463377305	0	0.00177063229279176	0.00186358553857622	0.00923003082830297	0.00694830461367426	0.13835301453681	0.00359757523429209	0.0307160683432521	0.00737191301142646
Bacteria|Bacteroidetes|Bacteroidia|Bacteroidales|Bacteroidaceae|Bacteroides	0.560856580960012	0.403651923843182	0.49505822659925	0.4147677812484	0.469941170327566	0.401667943153774	0.36819996888451	0.29635827972735	0.321144200367495	0.496669490540024	1.03706254903086	0.78316559926807	0.383613955910432	0.366334598059922	0.868894318202693	1.2093956605092	2.71387815535734	0.744189596611075	1.47255938640256	2.14141485706189	1.35740835216092	0.611739061648531	0.45328186695469	0.922474841595229	1.4288087722213	1.18121178432462	4.8891227249698	0.527044771823791	2.75292762526397	0.674530040545522
Bacteria|Bacteroidetes|Bacteroidia|Bacteroidales|Bacteroidaceae|Phocaeicola	0.00728385170077937	0.0121268818321986	0.0105706382903754	0.0119480430812296	0.00174052285306506	0.00170198280997362	0.00345727670314094	0.00348656799679236	0.0115876773328478	0.0033222039501005	0.00191339953695731	0.0219579139981702	0.00347161951050165	0.0112143244304058	0.0385767033451513	0.0913765610162507	0.0108338449315662	0.110674350265237	0.0614342095465038	0.0513656169187715	0.142117921434298	0.0263680630020919	0.0424951750270021	0.0260901975400671	0.169832567240775	0.204974986103391	0.448185821738961	0.0233842390228986	0.191975427145325	0.0552893475856985
Bacteria|Bacteroidetes|Bacteroidia|Bacteroidales|Muribaculaceae|Duncaniella	7.57520576881055	7.23281880706131	10.341607794084	4.07598955399662	5.76461168935148	1.74793634584291	3.35528704039828	4.76265188361836	2.45824297703984	1.92355608710819	9.34312993896256	12.9313815187557	7.29560840131922	16.9934396202082	12.6605066407039	2.2611219608335	3.69795240330793	7.82925619203908	7.21758880035744	4.08268093095753	6.77428758836819	3.92708351644488	1.87332896577368	3.52590383898621	5.71892710121652	2.93913285158421	3.23473245255076	1.09546165884194	3.21174889614129	2.42535938075931
Bacteria|Bacteroidetes|Bacteroidia|Bacteroidales|Muribaculaceae|Muribaculum	9.06475344161993	6.57623477643227	10.5230704180687	4.53001519108335	5.270303199081	4.22091736873458	6.50659475531124	4.59878318776912	4.25929911105961	3.55309712463248	1.89809234066165	2.94419030192132	1.49626800902621	3.03160570435303	4.14056615904624	3.09067779907907	3.85323751399372	11.2239056596573	7.75188025914067	5.59885224414609	6.77975366226951	4.14681737479565	1.54399135931441	2.26612001490868	3.46126156061361	1.06482768204558	1.13020772438521	0.554026586080981	1.00403148397005	0.676373018798378
Bacteria|Bacteroidetes|Bacteroidia|Bacteroidales|Muribaculaceae|Paramuribaculum	8.39828101099862	8.19603970687594	9.93639999295291	3.30790107020329	7.0787064434156	3.49417070887584	8.31302183270238	8.29977511636421	5.43627605158172	3.75409046361356	2.08177869620956	2.67520585544373	1.86946710640514	1.96250677532101	3.06776640887632	2.61229462669987	2.98652991946842	7.49150860588482	8.10373073199792	4.30408445215913	9.27410538590482	4.95368010265966	1.74938470527825	4.99068207230712	5.00636872127153	1.89515008337966	1.98955532171947	0.793265339161405	2.12900748704166	1.2403243641725
Bacteria|Bacteroidetes|Bacteroidia|Bacteroidales|Muribaculaceae|Unassigned	0.149318959865977	0.220016284669889	0.267789503356178	0.109239251028385	0.328958819229296	1.38541400731853	1.74246745838303	1.43123616268326	1.1289708487146	1.18602681018588	0.792147408300327	1.50228728270814	0.890470404443673	1.20180176812515	1.14627918511307	0.331463995843262	0.240150229316384	0.234705949700416	0.834015935661628	0.403840022671721	0.949274834195758	0.585370998646439	0.148733112594507	0.197540067089079	0.27874693101475	0.356100611450806	0.198760668771191	0.17268361124602	0.370512574390478	0.121636564688537
Bacteria|Bacteroidetes|Bacteroidia|Bacteroidales|Porphyromonadaceae|Parabacteroides	0.0109257775511691	0.0138592935225127	0.0105706382903754	0.0204823595678222	0.00348104570613012	0.0340396561994724	0.0138291068125637	0.0540418039502815	0.0132430598089689	0.0116277138253517	0.055488586571762	0.0237877401646844	0.0312445755945148	0.00373810814346859	0.0257178022301008	0.0501675236951965	0.0902820410963851	0.0343472121512804	0.057710924119443	0.0797052676325764	0.0929232563224255	0.0263680630020919	0.0513483364909609	0.0689526649273202	0.0683022281294419	0.0955391884380211	0.442339919716279	0.0125915133200223	0.197734689959685	0.0903059343899742
Bacteria|Bacteroidetes|Bacteroidia|Bacteroidales|Porphyromonadaceae|Porphyromonas	0.191201107145459	0.192297697624864	0.264265957259386	0.215064775462133	0.167090193894246	0.660369330269764	0.454631886463033	0.920453951153182	0.486682447979606	0.141193667879271	0.363545912021889	0.35864592863678	0.548515882659261	0.325215408481767	0.666825872109043	0.0304588536720836	0.455021487125781	0.00572453535854673	0.385360041700797	0.0354245633922562	0.978427228336127	0.532634872642256	0.246117888698054	1.20760342899739	2.06198888704288	1.29933296275709	2.65598815230523	0.563020524166712	2.83931656747936	1.11684482123111
Bacteria|Bacteroidetes|Bacteroidia|Bacteroidales|Porphyromonadaceae|Unassigned	0.69924976327482	0.452159451171976	1.10110815524744	0.291873623841467	0.438611758972395	0.134456641987916	0.212622517243168	0.209194079807541	0.142362892946415	0.149499177754522	0.114803972217439	0.188472095150961	0.109356014580802	0.100928919873652	0.38944100519867	0.125418809237991	0.120977935069156	0.129756134793726	0.277384764316032	0.212547380353537	0.23321915312295	0.19512366621548	0.118632363617048	0.285128587402162	0.37289324546344	0.0781684269038355	0.0662535562570638	0.0323781771086288	0.0844691879439432	0.0755621083671213
Bacteria|Bacteroidetes|Bacteroidia|Bacteroidales|Prevotellaceae|Prevotella	0.775730206133003	0.27545345875994	0.493296453550854	0.669090412548859	0.57437254151147	0.250191473066122	0.910992411277637	0.786221083276677	0.83762353291728	0.109632730353316	4.94039760442378	3.22781335773102	2.78771046693282	2.15688839878138	4.26731818432316	0.0573343127945102	0.146256906576144	0.879670266763348	0.685084518579194	0.0637642141060611	0.526565119160411	0.19512366621548	0.136338686544965	0.093179276928811	0.132912443927563	0.104224569205114	0.19486340075607	0.043170902811505	0.132463044730275	0.0995208256542573
Bacteria|Bacteroidetes|Bacteroidia|Bacteroidales|Prevotellaceae|Prevotellamassilia	1.31291426906548	0.672175735841865	2.38720248057645	0.638366873197126	0.42642809900094	0.548038464811505	0.693183978979758	0.674650907379321	1.27298912413713	0.26909851995814	1.16717371754396	2.81061299176578	0.699531331366082	0.211203110105975	0.780718996270919	0.225753856628384	0.397240980824094	1.61622714956303	0.856355648223993	0.292252647986114	4.87938196924422	0.302353789090653	0.0478070719053774	0.169586284010436	0.550109837366857	0.731309060589216	3.07299582992322	0.255427841634738	1.62411211364945	0.49023221525986
Bacteria|Bacteroidetes|Bacteroidia|Bacteroidales|Rikenellaceae|Alistipes	0.511690581979751	0.337820279611247	0.514437730131604	0.650314916278355	0.492567967417412	0.859501319036678	0.489204653494442	0.981468891097049	1.08427552185933	0.543180345841431	1.93253353232689	2.23970722781336	2.34160735983336	2.30267461637665	4.18832779175928	0.157669360184903	0.386407135892528	0.685036064572759	1.0406582768635	0.154096850756314	1.02215581954668	0.45353068363598	0.343502664801601	0.469623555721208	1.63556146277529	1.75444691495275	2.78264936279668	0.359757523429209	1.60491457093492	0.827497235532621
Bacteria|Bacteroidetes|Bacteroidia|Bacteroidales|Rikenellaceae|Rikenella	0.0145677034015587	0	0.00176177304839591	0	0	0.250191473066122	0.0743314491175301	0.15515227585726	0.0264861196179377	0.124582648128769	0.0631421847195913	0.0988106129917658	0.0676965804547822	0	0.17451365798997	0	0	0.00190817845284891	0	0	0	0.00351574173361225	0	0.00559075661572866	0.00184600616566059	0.241453585325181	0.0448185821738961	0.118719982731639	0.188135918602419	0.0810910431256911
Bacteria|Bacteroidetes|Bacteroidia|Bacteroidales|Unassigned|Unassigned	0.00910481462597421	0.00346482338062817	0.00704709219358362	0.00341372659463704	0.00522156855919518	0.00340396561994724	0.0051859150547114	0.00174328399839618	0.00165538247612111	0.0116277138253517	0.0153071962956585	0.0164684354986276	0.00867904877625412	0.00934527035867148	0.020206844609365	0.0286671563972551	0.0198620490412047	0.0496126397740717	0.111698562811825	0.0442807042403202	0.038262517309234	0.00527361260041837	0.0513483364909609	0.00186358553857622	0.00184600616566059	0.039952751528627	0.0857398963326708	0.00899393808573022	0.0844691879439432	0.0350165868042757
Bacteria|Candidatus_Saccharibacteria|Unassigned|Unassigned|Unassigned|Saccharibacteria_genera_incertae_sedis	0.340520067011436	0.472948391455746	0.327689787001638	0.175806919623807	0.819786263793643	0.158284401327547	0.210893878891597	0.101110471906978	0.114221390852356	0.174415707380276	0.133937967587012	0.129917657822507	0.223919458427356	0.0934527035867148	0.325146499623418	0.00358339454965689	0	0.0248063198870358	0.035371211557078	0.00531368450883843	0.00546607390131915	0	0	0.016772269847186	0.00184600616566059	0.00868538076709283	0.0370240461436533	0.00359757523429209	0.0307160683432521	0
Bacteria|Deferribacteres|Deferribacteres|Deferribacterales|Deferribacteraceae|Mucispirillum	0.145677034015587	0.107409524799473	0.227268723243072	0.945602266714459	0.0591777770042121	0.0782912092587865	0.364742692181369	0.0174328399839618	0.225132016752471	0.194348931080879	0.0478349884239328	0.0274473924977127	0.0451310536365214	0.0542025680802946	0.0238808163565222	20.647519395123	0.82517785562096	0.0896843872838988	0.169409486931268	8.42396117467852	1.81655855987173	1.02483871534797	0.683464065017618	3.85203130823705	0.286130955677392	0.229294052251251	0.830118087220858	2.84208443509075	1.89095795738146	1.80243273129377
Bacteria|Firmicutes|Bacilli|Lactobacillales|Lactobacillaceae|Lactobacillus	3.48532303882293	7.43551097482806	1.03239900636	1.0138767986072	3.18863786681519	0.408475874393669	2.26451624055731	7.4839182051148	1.01474945786224	0.712612747296557	1.06576354208522	0.521500457456542	1.058843950703	0.104667028017121	0.420669765049507	0.193503305681472	0.0956989635621682	0.10494981490669	0.0502643532653213	0.0797052676325764	0.038262517309234	0.0246101921352857	0.00531189687837527	0.00186358553857622	0.00923003082830297	0.0104224569205114	0.0214349740831677	0.00899393808573022	0.00767901708581302	0.00552893475856985
Bacteria|Firmicutes|Bacilli|Lactobacillales|Lactobacillaceae|Ligilactobacillus	0.269502512928837	0.744937026835057	0.412254893324642	0.187754962705037	0.461238556062241	0.071483278018892	0.382029075697073	0.657218067395359	0.0645599165687232	0.116277138253517	0.637162045806785	0.435498627630375	0.973789272695713	0.34390594919911	0.562117677315061	0.179169727482844	0.184175363836626	0.0228981414341869	0.392806612554918	0.0814764958021892	0.377159099191021	0.73479002232496	0.0566602333693362	0.765933656354827	0.182754610400399	0.967551417454141	0.705405510736973	0.201464213120357	0.249568055288923	0.164025064504239
Bacteria|Firmicutes|Bacilli|Lactobacillales|Lactobacillaceae|Limosilactobacillus	0.34962488163741	0.239072813263344	0.11627702119413	0.114359840920341	0.214084310927002	0.0595693983490767	0.186692941969611	0.198734375817164	0.0827691238060554	0.0531552632016079	0.164552360178329	0.10064043915828	0.116299253601805	0.0205595947890772	0.0753164208167239	0.12721050651282	0.018056408219277	0.00190817845284891	0.0316479261300171	0.0194835098657409	0.0674149114496028	0.0123050960676429	0	0.0391352963101006	0.0258440863192483	0.0138966092273485	0.0857398963326708	0.0485672656629432	0.207333461316951	0.0147438260228529
Bacteria|Firmicutes|Clostridia|Clostridiales|Christensenellaceae|Christensenella	0.0855852574841576	0.0589019974706789	0.0475678723066895	0.0256029494597778	0.0539562084450169	0.049357501489235	0.134833791422497	0.0749612119310357	0.0480060918075121	0.0315609375259547	0.172205958326158	0.0695333943275389	0.0538101024127756	0.0616787843672317	0.235134191818065	0.00179169727482844	0.0018056408219277	0	0.00186164271353042	0	0.00182202463377305	0	0	0	0.00369201233132119	0.00173707615341857	0.0019486340075607	0	0	0
Bacteria|Firmicutes|Clostridia|Clostridiales|Clostridiaceae_2|Alkaliphilus	0.344161992861825	0.110874348180102	0.211412765807509	0.0614470787034666	0.240192153722978	4.42855927155136	1.22214731456032	9.05461708766975	3.69646906917843	0.214282154781482	10.8585423722327	1.45471180237877	5.12931782676619	4.29321720277368	0.238808163565222	0.0824180746421085	0.0722256328771081	0.0782353165668053	0.0986670638171122	0.115129831024833	0.0783470592522411	0.0457046425369592	0.065513394833295	0.0633619083115915	0.0609182034667996	0.0486381322957198	0.0701508242721852	0.0377745399600669	0.0364753311576118	0.0331736085514191
Bacteria|Firmicutes|Clostridia|Clostridiales|Clostridiales_Incertae_Sedis_XIII|Aminipila	0.156602811566757	0.155917052128268	0.167368439597611	0.252615768003141	0.160128102481986	0.120840779508127	0.155577451641342	0.0104597039903771	0.0496614742836332	0.101327220478065	0.0229607944434877	0.0311070448307411	0.0190939073077591	0.0112143244304058	0.020206844609365	0.179169727482844	0.287096890686505	0.0744189596611075	0.137761560801251	0.212547380353537	0.114787551927702	0.263680630020919	0.109779202153089	0.180767797241893	0.230750770707574	0.0625347415230684	0.0565103862192603	0.0917381684744482	0.0767901708581302	0.0552893475856985
Bacteria|Firmicutes|Clostridia|Clostridiales|Clostridiales_Incertae_Sedis_XIII|Ihubacter	0.0965110350353267	0.223481108050517	0.0722326949842321	0.116066704217659	0.342883002053817	0.241681559016254	0.152120174938201	0.395725467635933	0.183747454849443	0.101327220478065	0.0153071962956585	0.0182982616651418	0.0433952438812706	0.0299048651477487	0.0367397174715726	0.00537509182448533	0.0162507673973493	0.00381635690569782	0.0204780698488346	0.0177122816961281	0	0.0070314834672245	0.00354126458558351	0.00745434215430488	0.00369201233132119	0.00694830461367426	0.0272808761058498	0.00179878761714604	0.023037051257439	0.00184297825285662
Bacteria|Firmicutes|Clostridia|Clostridiales|Clostridiales_Incertae_Sedis_XI|Unassigned	0.0437031102046762	0.0294509987353395	0.036997234016314	0.052912762216874	0.0330699342082362	0.0204237937196834	0.00864319175785234	0.0139462719871694	0.0132430598089689	0.0315609375259547	0.0440081893500182	0.0311070448307411	0.0260371463287624	0.0242977029325458	0.0257178022301009	0.0394173400462258	0.0288902531508432	0.0400717475098271	0.0204780698488346	0.0141698253569025	0.0327964434079149	0.0123050960676429	0.014165058342334	0.0093179276928811	0.0147680493252847	0.0208449138410228	0.0350754121360926	0.0143903009371683	0.0115185256287195	0.00921489126428308
Bacteria|Firmicutes|Clostridia|Clostridiales|Eubacteriaceae|Eubacterium	1.93568358948212	1.22135024167143	1.39180070823277	0.657142369467629	0.476903261739827	0.161688366947494	0.193607495375892	0.449767271586214	0.264861196179377	0.159465789604824	0.1568987620305	0.0457456541628545	0.0364520048602673	0.0112143244304058	0.0165328728622077	0.732804185404834	0.702394279729876	1.96542380643438	2.43316702658426	0.244429487406568	0.318854310910283	0.479898746638072	0.0548896010765444	0.0894521058516586	0.0756862527920843	0.0364785992217899	0.0935344323629136	0.0125915133200223	0.0287963140717988	0.0276446737928492
Bacteria|Firmicutes|Clostridia|Clostridiales|Heliobacteriaceae|Hydrogenispora	0.140214145240003	0.109141936489787	0.179700850936382	0.0921706180552	0.107912416890034	0.0527614671091822	0.0605023423049664	0.0993671879085822	0.0811137413299343	0.0664440790020099	0.0727091824043778	0.104300091491308	0.0815830584967887	0.0691550006541689	0.090012307805353	0.120043717413506	0.0650030695893973	0.0954089226424455	0.0837739221088689	0.0566793014276099	0.0783470592522411	0.0404310299365409	0.0442658073197939	0.0484532240029817	0.0572261911354784	0.0694830461367426	0.0623562882419424	0.043170902811505	0.0710309080437704	0.0405455215628456
Bacteria|Firmicutes|Clostridia|Clostridiales|Lachnospiraceae|Acetatifactor	0.194843032995848	0.19922734438612	0.348831063582389	0.319183436598563	0.487346398858217	0.891838992426176	0.318069456688966	0.129003015881317	0.158916717707626	0.275742927858341	1.10403153282437	0.58188472095151	0.623155702135046	0.214941218249444	0.598857394786634	0.842097719169369	0.834206059730598	0.778536808762355	1.58425794921439	0.329448439547983	0.572115735004737	1.54692636278939	3.61386050958797	3.9731643682445	1.41034871056469	2.23214285714286	2.46891928757941	3.22702498516	1.57803801113457	3.96240324364172
Bacteria|Firmicutes|Clostridia|Clostridiales|Lachnospiraceae|Anaerocolumna	0.227620365649355	0.197494932695806	3.39317489121051	0.568385478007066	0.268040519372019	2.38788188239299	0.330169925149959	0.130746299879713	0.743266731778377	0.629557648544044	0.449648891184968	2.25251601097896	0.682173233813574	0.261667570042801	1.35753256057461	1.2595631842044	1.31270087754144	0.221348700530474	0.642266736167995	0.759856884763895	0.559361562568326	0.731274280591348	0.874692352639127	0.475214312336936	0.906389027339351	0.627084491384102	0.438442651701157	0.55942294893242	0.863889422153964	0.486546258754147
Bacteria|Firmicutes|Clostridia|Clostridiales|Lachnospiraceae|Anaerosporobacter	0.0473450360550659	0.0155917052128268	0.0334736879195222	0.0307235393517333	0.0330699342082362	0.0119138796698153	0.0103718301094228	0.00871641999198089	0.0314522670463011	0.0149499177754522	0.0746225819413352	0.0567246111619396	0.069432390210033	0.0112143244304058	0.0587835479545162	0.0125418809237991	0.00541692246578311	0.0114490707170935	0.201057413061285	0.00354245633922562	0.0874571824211063	0.184576441014643	0.0531189687837527	0.361535594483787	0.457809529083827	0.887645914396887	1.0015978798862	0.116921195114493	0.581685544250336	0.464430519719867
Bacteria|Firmicutes|Clostridia|Clostridiales|Lachnospiraceae|Anaerostipes	0.151139922791172	0.0675640559222494	0.507390637938021	0.116066704217659	0.156647056775855	0.146370521657731	0.055316427250255	0.0889074839182051	0.0695260639970865	0.0581385691267587	0.00574019861087194	0.0969807868252516	0.029508765839264	0.00560716221520289	0.18737255910502	0.00716678909931378	0.00722256328771081	0.00954089226424455	0.0130314989947129	0.0106273690176769	0.00182202463377305	0.00175787086680612	0.00177063229279176	0.00372717107715244	0.00738402466264237	0.00694830461367426	0	0.00179878761714604	0.00383950854290651	0.00184297825285662
Bacteria|Firmicutes|Clostridia|Clostridiales|Lachnospiraceae|Anaerotaenia	0.11654162721247	1.28371706252274	1.71420517608922	0.689572772116681	0.941622863508198	4.90000850991405	5.6077028124946	1.70667503442986	2.48472909665778	6.50155313034667	1.50201863651149	1.72186642268984	0.696059711855581	0.207465001962507	0.843176515972592	0.0412090373210542	0.0722256328771081	0.0572453535854673	0.502643532653213	0.0389670197314818	0.165804241673347	0.181060699281031	0.127485525081006	0.104360790160268	0.0609182034667996	0.0868538076709283	0.0467672161814568	0.0737502923029878	0.0614321366865041	0.123479542941393
Bacteria|Firmicutes|Clostridia|Clostridiales|Lachnospiraceae|Anaerotignum	0.0892271833345473	0.0710288793028775	0.209650992759113	0.098998071244474	0.0661398684164723	0.0255297421496043	0.0829746408753824	0.0278925439743389	0.0645599165687232	0.0664440790020099	0.0956699768478656	0.0878316559926807	0.0260371463287624	0.125226622806198	0.0881753219317743	0.301005142171179	0.299736376439999	0.0725107812082586	0.093082135676521	0.474689149456233	0.0182202463377305	0.121293089809623	0.0177063229279176	0.0670890793887439	0.0775322589577449	0.0660088938299055	0.0643049222495031	0.116921195114493	0.0806296794010367	0.0442314780685588
Bacteria|Firmicutes|Clostridia|Clostridiales|Lachnospiraceae|Blautia	0.11654162721247	0.0935502312769607	0.169130212646007	0.397699148275215	0.243673199429109	0.142966556037784	0.25929575273557	0.0958806199117898	0.291347315797315	0.33222039501005	2.10856628972696	1.72186642268984	1.31747960423538	0.0971908117301834	0.341679372485626	0.555426155196818	0.236538947672529	0.440789222608098	0.988532280884653	0.21431860852315	0.510166897456454	0.349816302494419	0.612638773305948	0.648527767424525	0.862084879363497	1.63111450806003	2.32082310300479	0.124116345583077	1.6836244960645	1.19977884260966
Bacteria|Firmicutes|Clostridia|Clostridiales|Lachnospiraceae|Caecibacterium	0.284070216330396	0.0363806454965958	0.459822765631331	0.488162903033096	0.107912416890034	0.0561654327291294	0.103718301094228	0.0104597039903771	0.00827691238060554	0.189365625155728	0.086102979163079	0.184812442817932	0.0867904877625412	0.162607704240884	0.00734794349431453	0.00358339454965689	0	0	0.00186164271353042	0	0	0.00175787086680612	0	0.00186358553857622	0	0.00173707615341857	0.0019486340075607	0.00179878761714604	0	0.00368595650571323
Bacteria|Firmicutes|Clostridia|Clostridiales|Lachnospiraceae|Clostridium_XlVa	0.968752276203656	2.77012629281222	0.311833829566075	1.55665932715449	1.03735162042678	2.75721215215726	3.28095559128075	2.26801248191343	2.09736959724544	1.55977475457218	0.480263283776285	0.817932296431839	0.994618989758722	0.471001626077042	0.81929569961607	1.49427552720692	0.319598425481203	0.566729000496126	0.714870801995681	0.228488433880052	1.24079877559945	1.08460632481938	1.26600208934611	0.881475959746552	0.34151114064721	0.602765425236242	1.50824272185198	0.793265339161405	1.48780956037627	1.51124216734243
Bacteria|Firmicutes|Clostridia|Clostridiales|Lachnospiraceae|Dorea	0.00364192585038969	0.0415778805675381	0.00176177304839591	0.00170686329731852	0.57089149580534	0	0.0121004684609933	0.00174328399839618	0	0.00498330592515074	0	0.00731930466605672	0	0	0	0	0	0	0	0	0.00182202463377305	0	0	0	0	0	0	0	0	0
Bacteria|Firmicutes|Clostridia|Clostridiales|Lachnospiraceae|Eisenbergiella	5.32085366741933	1.07063042461411	3.33855992671024	4.00600815880656	2.79702022487555	1.62369160071483	1.58343273003855	0.400955319631121	1.14552467347581	4.26737097390409	3.2049442244035	3.2644098810613	13.4681478909911	4.19976449918696	5.03150430773187	2.15541182161862	1.30728395507566	2.57604091134603	3.2802144612406	0.676609160792093	3.27964434079149	4.18900627559899	5.07463215114117	2.66306373462542	4.13505381107973	6.03112840466926	5.34315444873144	7.88588491356826	4.25225571126896	7.04386288241799
Bacteria|Firmicutes|Clostridia|Clostridiales|Lachnospiraceae|Enterocloster	8.21982664432952	4.71215979765431	3.25751836648403	6.16519022991449	8.20656525220176	1.25606331376053	1.18757454752891	1.53931977058383	8.59474581602079	1.20596003388648	2.56012858044888	2.17566331198536	2.73390036452005	5.1118628861933	1.29691202674651	2.27545553903213	9.72157018525875	5.02995840170973	4.07327425720456	9.4990966736335	2.10808250127542	6.64123613479354	12.6759565840962	5.65970928065598	4.45441287773901	4.53724291272929	4.55590630967692	7.86609824977965	6.71722019581494	4.83044600073719
Bacteria|Firmicutes|Clostridia|Clostridiales|Lachnospiraceae|Faecalicatena	0.0473450360550659	0.0467751156384803	0.0510914184034813	0.0375509925410074	0.0435130713266265	0.013615862479789	0.0138291068125637	0.0104597039903771	0.0165538247612111	0.00830550987525124	0.030614392591317	0.0256175663311985	0.0104148585315049	0.0242977029325458	0.0312287598508367	0.0412090373210542	0.0108338449315662	0.0190817845284891	0.00744657085412168	0.00885614084806405	0.0163982217039574	0.00527361260041837	0.0318713812702516	0.0298173686172195	0.0239980801535877	0.0156336853807671	0.0253322420982891	0.00539636285143813	0.0249568055288923	0.0129008477699963
Bacteria|Firmicutes|Clostridia|Clostridiales|Lachnospiraceae|Faecalimonas	0.0182096292519484	0.0502399390191085	0.0281883687743345	0.155324560055985	0.114874508302294	0.107224917028338	0.0829746408753824	0.0453253839583006	0.0827691238060554	0.297337253533994	0.0688823833304632	0.0640439158279963	0.0815830584967888	0.0691550006541689	0.17451365798997	0.116460322863849	0.066808710411325	0.0763271381139564	0.141484846228312	0.0690778986148996	0.158516143138255	0.0808620598730817	0.16112753864405	0.0354081252329482	0.0258440863192483	0.32657031684269	0.210452472816556	0.174482398863166	0.0844691879439432	0.0903059343899742
Bacteria|Firmicutes|Clostridia|Clostridiales|Lachnospiraceae|Herbinix	0	0	0	0	0	0	0	0	0	0	0	0	0.00173580975525082	0	0	0.00179169727482844	0.0036112816438554	0.114490707170935	0.00372328542706084	0	0.036440492675461	0	0.378915310657436	0.00745434215430488	0	0.217134519177321	0	0.266220567337614	0.00191975427145325	0
Bacteria|Firmicutes|Clostridia|Clostridiales|Lachnospiraceae|Hespellia	0.0364192585038969	0.0277185870450254	0.0317119148711263	0.179220646218444	0.121836599714554	0.328482682324909	0.0968037476879462	0.115056743894148	0.446953268552699	0.345509210810452	0.0382679907391462	0.0640439158279963	0.135393160909564	0.0168214866456087	0.106545180667561	0.180961424757673	0.101115886027951	0.062969888944014	0.13217663266066	0.0974175493287045	0.165804241673347	0.0457046425369592	0.309860651238557	0.093179276928811	0.138450462424545	0.279669260700389	0.120815308468763	0.23204360261184	0.220771741217124	0.309620346479912
Bacteria|Firmicutes|Clostridia|Clostridiales|Lachnospiraceae|Hungatella	0.264039624153252	0.133395700154185	0.121562340339317	1.85023981429327	0.751905872524106	0.67228320993958	0.625767083268509	0.207450795809145	1.26636759423265	1.13785485290942	1.13081912634177	0.349496797804209	0.322860614476653	3.17552286787657	1.05626687730771	0.551842760647161	3.86407135892528	0.223256878983323	0.701839303000968	2.25477345991711	0.522921069892865	0.606465449048113	2.21683163057528	1.47968691762952	2.61948274907238	1.06482768204558	0.596282006313574	1.5235731117227	3.13303897101171	1.81533357906377
Bacteria|Firmicutes|Clostridia|Clostridiales|Lachnospiraceae|Kineothrix	4.10445043338918	4.11621017618627	3.51297545850144	11.1236281086248	4.48880843805479	6.4777465747596	6.88689519265674	2.9182574133152	7.92431591319174	9.29220444843109	8.52036813807091	7.5224153705398	10.4790834924492	14.8029082481356	6.42761357165163	10.1678820346514	23.1428984146474	3.49005839026066	9.49623948171867	26.1681249778596	6.18212958239195	8.54325241267776	9.74910140411141	10.8125232948192	7.7901460190877	11.4282240133407	8.39276667056393	13.9621894842876	16.2353618736802	18.8591964614818
Bacteria|Firmicutes|Clostridia|Clostridiales|Lachnospiraceae|Lachnospiracea_incertae_sedis	0.986961905455605	1.71335516172063	0.946072126988601	3.93431990031918	6.3163574337731	1.18968598417156	2.4702242043942	0.676394191377717	1.47991193365227	2.19929901496653	1.10403153282437	0.620311070448307	1.46675924318695	0.332691624768705	1.21057369068832	2.31666457635318	1.99884438987397	1.42159294737244	2.37917938789188	1.10347514966878	2.21375993003425	2.19382284177404	1.25537829558936	1.51882221393962	1.15375385353787	1.13083657587549	2.23313457266456	0.980339251344594	2.66845843732002	1.97014375230372
Bacteria|Firmicutes|Clostridia|Clostridiales|Lachnospiraceae|Lachnotalea	0.00182096292519484	0.00173241169031409	0	0.00170686329731852	0.0087026142653253	0.0221257765296571	0.00345727670314094	0.0122029879887733	0.00165538247612111	0	0.00191339953695731	0.00731930466605672	0.00173580975525082	0.121488514662729	0	0.361922849515346	0.0018056408219277	0.0248063198870358	0.128453347233599	0.00354245633922562	0.00546607390131915	0.11777734807601	0.0106237937567505	0.18263138278047	0.0775322589577449	0	0.0077945360302428	0.00539636285143813	0.0671913995008639	0.00552893475856985
Bacteria|Firmicutes|Clostridia|Clostridiales|Lachnospiraceae|Lacrimispora	2.66042683370967	6.53812171924536	5.70109758460915	10.3982112072644	4.93960385699864	11.3130797378946	5.37606527338415	7.12480170144518	9.27179724875432	10.2705935117357	3.81914547576679	15.0741079597438	6.03020308974136	12.5918172812739	4.33161268989841	7.73117374088474	4.41479180961323	4.23806434377743	9.10715615459081	0.867901803110277	14.0696742219955	21.6182959199817	11.0186447580431	14.9217294073798	11.3695519743036	22.3110061145081	12.553100276706	15.001888726998	8.40852370896525	7.03833394765942
Bacteria|Firmicutes|Clostridia|Clostridiales|Lachnospiraceae|Marvinbryantia	0.0528079248306504	0.0363806454965958	0.0475678723066895	0.0716882584873777	0.0504751627388868	0.0255297421496043	0.0328441286798389	0.0209194079807541	0.0711814464732076	0.0448497533263567	0.0631421847195913	0.0969807868252516	0.0503384829022739	0.063547838438966	0.157980785127762	0.204253489330443	0.281679968220722	0.0706026027554097	0.351850472857249	0.162952991604378	0.036440492675461	0.441225587568337	0.396621633585353	0.672754379426016	0.267670894020786	0.248401889938855	0.208503838808995	0.34536722249204	0.449222499520061	0.425727976409878
Bacteria|Firmicutes|Clostridia|Clostridiales|Lachnospiraceae|Mediterraneibacter	0.0910481462597422	0.0710288793028775	0.214936311904301	0.208237322272859	0.102690848330839	0.0868011233086546	0.11236149285208	0.0627582239422624	0.0976675660911454	0.101327220478065	0.0172205958326158	0.0731930466605673	0.0520742926575247	0.0280358110760144	0.135936954644819	0.0949599555659076	0.258206637535661	0.0553371751326184	0.143346488941842	0.178894045130894	0.0601268129145106	0.128324573276847	0.0548896010765444	0.0782705926202013	0.059072197301139	0.0416898276820456	0.0175377060680463	0.0251830266400446	0.0326358226147053	0.0258016955399926
Bacteria|Firmicutes|Clostridia|Clostridiales|Lachnospiraceae|Merdimonas	0.267681550003642	0.377665748488471	0.192033262275154	0.809053202928977	0.541302607303234	0.633137605310186	0.636138913377932	0.109826891898959	0.599248456355841	0.777395724323516	0.828501999502516	0.477584629460201	0.784586009373373	0.257929461899333	0.439039623785293	0.4031318868364	0.166118955617349	0.120215242529481	0.478442177377318	0.0832477239718021	0.160338167772028	0.277743596955368	0.224870301184553	0.598210957882967	0.225212752210592	0.804266259032796	0.420904945633111	0.600795064126779	0.345555768861586	0.394397346111316
Bacteria|Firmicutes|Clostridia|Clostridiales|Lachnospiraceae|Muricomes	0.118362590137665	0.0692964676125634	0.0458060992582935	0.129721610596207	0.198419605249417	0.0646753467789975	0.228180262407302	0.019176123982358	0.109255243423993	0.116277138253517	0.091843177773951	0.0439158279963403	0.133657351154313	0.0112143244304058	0.0385767033451513	0.164836149284217	0.417103029865299	0.288134946380185	0.262491622607789	0.150554394417089	0.153050069236936	0.432436233234307	0.198310816792677	0.223630264629146	0.190138635063041	0.137229016120067	0.157839354612417	0.127713920817369	0.25340756383183	0.193512716549945
Bacteria|Firmicutes|Clostridia|Clostridiales|Lachnospiraceae|Murimonas	0.00364192585038969	0.28411551721151	0.0493296453550854	0.0187754962705037	0.0121836599714554	0.0340396561994724	0.160763366696054	0.0244059759775465	0.0513168567597543	0.0714273849271607	0.030614392591317	0.00731930466605672	0.0138864780420066	0	0.0110219152414718	0.00358339454965689	0.0704199920551804	0.00190817845284891	0.00744657085412168	0.0354245633922562	0.00182202463377305	0.014062966934449	0	0.0204994409243384	0.0147680493252847	0.00347415230683713	0.0019486340075607	0	0.00575926281435976	0
Bacteria|Firmicutes|Clostridia|Clostridiales|Lachnospiraceae|Roseburia	0.0254934809527278	0.0415778805675381	0.0334736879195222	0.0375509925410074	0.0974692797716434	0.134456641987916	0.235094815813584	0.0244059759775465	0.514823950073664	0.161126891579874	0.0267875935174024	0.0475754803293687	0.0312445755945148	0.0280358110760144	0.0587835479545162	2.80042284055686	0.603084034523853	0.394992939739724	0.807952937672202	0.589818980481066	1.56511916041105	1.34301334223988	1.48378986135949	1.33619083115915	0.99499732329106	1.14820733740967	0.91975525156865	1.17101073876207	1.32463044730275	2.41430151124217
Bacteria|Firmicutes|Clostridia|Clostridiales|Lachnospiraceae|Ruminococcus2	0.069196591157404	0.109141936489787	0.230792269339864	0.510352125898237	0.219305879486198	0.525912688281848	0.388943629103355	0.381779195648763	1.16538926318926	0.129565954053919	0.317624323134914	0.150045745654163	0.433952438812706	0.175691082743024	0.25534103642743	0.00358339454965689	0.00722256328771081	0.020989962981338	0.0130314989947129	0.0106273690176769	0.0145761970701844	0.0193365795348674	0.00531189687837527	0.00186358553857622	0.00553801849698178	0.0052112284602557	0.0058459020226821	0.00359757523429209	0.00383950854290651	0.00184297825285662
Bacteria|Firmicutes|Clostridia|Clostridiales|Lachnospiraceae|Schaedlerella	0.395148954767281	0.431370510888207	0.144465389968464	0.566678614709748	0.701430709785219	0.406773891583695	0.717384915901744	0.2736955877482	1.06937707957424	1.02656102058105	0.210473949065304	0.131747483989021	0.284672799861135	0.155131487953947	0.135936954644819	0.505258631501621	1.79300133617421	0.217532343624776	0.461687392955544	0.873215487619115	0.318854310910283	0.564276548244766	0.509942100324026	0.547894148341409	0.40427535027967	0.500277932184547	0.664484196578199	0.600795064126779	0.487617584949126	0.888315517876889
Bacteria|Firmicutes|Clostridia|Clostridiales|Lachnospiraceae|Sellimonas	0.0145677034015587	0.00692964676125635	0.00352354609679181	0.00170686329731852	0.174052285306506	0.022125776529657	0.0051859150547114	0.0209194079807541	0.01489844228509	0.00664440790020099	0.0248741939804451	0.0329368709972553	0.0104148585315049	0.018690540717343	0.0165328728622077	0.0250837618475982	1.13935935863638	0.215624165171927	0.217812197483059	0.361330546601013	0.129363748997886	0.513298293107388	0.281530534553889	0.618710398807305	1.20913403850769	0.673985547526403	0.894423009470361	0.435306603349343	0.789019005567287	0.442314780685588
Bacteria|Firmicutes|Clostridia|Clostridiales|Lachnospiraceae|Stomatobaculum	0.318668511909098	0.195762521005492	0.398160708937475	0.585454110980252	0.325477773523166	1.00076589226449	0.719113554253315	0.0906507679166013	0.367494909698886	1.24084317536254	0.244915140730536	0.199451052150046	0.355840999826419	0.0672859465824346	1.07647372191708	0.0125418809237991	0.0234733306850601	0.0114490707170935	0.0484027105517909	0.00531368450883843	0.0127541724364113	0.014062966934449	0.0548896010765444	0.0204994409243384	0.0147680493252847	0.125069483046137	0.169531158657781	0.082744230388718	0.0595123824150509	0.344636933284187
Bacteria|Firmicutes|Clostridia|Clostridiales|Lachnospiraceae|Syntrophococcus	0.0546288877558453	0.0415778805675381	0.0581385105970649	0.0358441292436889	0.0191457513837157	0.0102118968598417	0.101989662742658	0.00871641999198089	0.0331076495224222	0.0597996711018089	0.0229607944434877	0.0164684354986276	0.0416594341260198	0.00560716221520289	0.0330657457244154	0.512425420600935	0.0397240980824094	0.148837919322215	1.18400476580535	0.285167735307662	0.0255083448728227	0.520329776574613	0.315172548116933	2.18598583674991	1.59125731479943	0.0625347415230684	0.0526131182041389	0.0503660532800892	0.130543290458821	0.418356063398452
Bacteria|Firmicutes|Clostridia|Clostridiales|Lachnospiraceae|Unassigned	13.0471993590211	6.74081388701211	10.2253307728898	14.0167613975797	10.7129181606154	7.54148583099311	9.88262545592836	4.02001290030159	8.01701733185453	19.3568213152605	13.0149436503836	11.0210430009149	13.8934212810276	7.71732426219091	15.4214964086926	11.310984895992	4.9275938030407	11.9146662595886	10.0938267927619	2.98274823762797	10.4857517673639	11.1484170372844	19.802751562583	10.5236675363399	9.15988259400786	12.3523485269594	12.2997778557231	18.0328458618891	12.5091188327894	17.7515665315149
Bacteria|Firmicutes|Clostridia|Clostridiales|Peptococcaceae_1|Unassigned	0.0946900721101318	0.0381130571869099	0.00880886524197953	0	0.0348104570613012	0.013615862479789	0.0414873204376912	0.00174328399839618	0.0430399443791488	0.0514941612265577	0.0937565773109083	0.0768526989935956	0.0104148585315049	0.050464459936826	0.156143799254184	0.0286671563972551	0.0198620490412047	0.00763271381139564	0.230843696477772	0.242658259236955	0.0109321478026383	0.0738305764058572	0.00354126458558351	0.191949310473351	0.12368241309926	0.13375486381323	0.337113683308001	0.0107927257028763	0.23612977538875	0.204570586067084
Bacteria|Firmicutes|Clostridia|Clostridiales|Peptostreptococcaceae|Romboutsia	0.29317503095637	0.479878038217002	0.345307517485598	0.353320702544933	0.466460124621436	0.0544634499191558	0.0864319175785234	0.400955319631121	0.0629045340926021	0.0797328948024119	0.00574019861087194	0.00182982616651418	0.00520742926575247	0.0112143244304058	0.00367397174715726	0.333255693118091	0.240150229316384	0.393084761286876	0.286692977883685	0.389670197314818	3.07011150790759	2.49266088913108	0.656904580625741	0.467759970182631	3.67355226966458	0.0851167315175097	0.0896371643477922	0.0125915133200223	0.0729506623152237	0.13638039071139
Bacteria|Firmicutes|Clostridia|Clostridiales|Peptostreptococcaceae|Unassigned	0.813970427562095	0.649654383867782	0.70118567326157	0.641780599791763	0.758867963936366	0.274019232405753	0.413144566025342	0.685110611369698	0.513168567597543	0.275742927858341	0.304230526376213	0.406221408966148	0.303766707168894	0.21307216417771	0.405973878060878	0.424632254134341	0.223899461919035	0.242338663511812	0.260629979894259	0.278082822629211	0.229575103855404	0.174029215813806	0.173521964693592	0.240402534476332	0.182754610400399	0.222345747637576	0.257219688998012	0.170884823628874	0.163179113073527	0.160339107998526
Bacteria|Firmicutes|Clostridia|Clostridiales|Ruminococcaceae|Acetivibrio	0.0710175540825989	0.256396930166485	0.0440443262098976	0.512058989195555	0.13750130539214	0.566760275721215	0.691455340628187	0.0453253839583006	0.0281415020940588	0.446836431288517	0.367372711095804	0.0567246111619396	0.322860614476653	0.00934527035867148	0.637434098131785	0.00716678909931378	0.00722256328771081	0.0190817845284891	0.0111698562811825	0.00708491267845124	0.0874571824211063	0.174029215813806	0.0513483364909609	0.0689526649273202	0.0369201233132119	0.052112284602557	0.0292295101134105	0.0143903009371683	0.015358034171626	0.0202727607814228
Bacteria|Firmicutes|Clostridia|Clostridiales|Ruminococcaceae|Acutalibacter	0.0564498506810401	0.0381130571869099	0.199080354468737	0.349906975950296	0.109652939743099	0.137860607607863	0.129647876367785	0.144692571866883	0.203612044562896	0.20099333898108	0.176032757400073	0.182982616651418	0.118035063357056	0.0579406762237632	0.169002700369234	0.116460322863849	0.357516882741685	0.0820516734725032	0.139623203514781	0.357788090261787	0.074703009984695	0.286532951289398	0.175292596986384	0.37458069325382	0.476269590740433	0.295302946081156	0.189017498733388	0.23204360261184	0.282203877903628	0.517876889052709
Bacteria|Firmicutes|Clostridia|Clostridiales|Ruminococcaceae|Anaerotruncus	0.149318959865977	0.0242537636643972	0.142703616920068	0.175806919623807	0.0191457513837157	0.0459535358692877	0.0155577451641342	0.0366089639663198	0.0264861196179377	0.0215943256756532	0.0478349884239328	0.0292772186642269	0.0312445755945148	0.0934527035867148	0.0440876609658872	0.0752512855427947	0.240150229316384	0.0324390336984315	0.17871770049892	0.278082822629211	0.0255083448728227	0.135356056744072	0.0283301166846681	0.0969064480059635	0.27874693101475	0.111172873818788	0.105226236408278	0.100732106560178	0.130543290458821	0.224843346848507
Bacteria|Firmicutes|Clostridia|Clostridiales|Ruminococcaceae|Butyricicoccus	0.0910481462597422	0.020788940283769	0.0334736879195222	0.136549063785481	0.13750130539214	0.175304229427283	0.105446939445799	0.0278925439743389	0.076147593901571	0.106310526403216	0.0287009930543597	0.0439158279963403	0.109356014580802	0.106536082088855	0.139610926391976	0.422840556859513	0.296125094796143	0.0915925657367477	0.301586119591928	0.4977151156612	0.129363748997886	0.152934765412133	0.366520884607894	0.130450987700335	0.118144394602278	0.156336853807671	0.126661210491445	0.170884823628874	0.0921482050297562	0.12532252119425
Bacteria|Firmicutes|Clostridia|Clostridiales|Ruminococcaceae|Cellulosibacter	0.058270813606235	0.0450427039481662	0.0704709219358362	0.0443784457302815	0.0748424826817976	0.0578674155391031	0.0224722985704161	0.0244059759775465	0.0480060918075121	0.0382053454261557	0.0631421847195913	0.0512351326623971	0.0243013365735115	0.0205595947890772	0.0532725903337803	0.0501675236951965	0.0451410205481926	0.0362553906041293	0.0465410678382605	0.0301108788834178	0.0400845419430071	0.0333995464693164	0.0531189687837527	0.0409988818486769	0.0350741171475513	0.0416898276820456	0.0506644841965782	0.0287806018743367	0.0403148397005183	0.0258016955399926
Bacteria|Firmicutes|Clostridia|Clostridiales|Ruminococcaceae|Clostridium_IV	0.686503022798456	0.627133031893699	0.965451630520956	0.921706180552	0.965990183451109	0.673985192749553	0.636138913377932	0.481146383557345	0.811137413299343	0.558130263616883	0.727091824043779	0.466605672461116	0.289880229126888	0.25232229968413	0.554769733820747	0.70234533173275	0.924488100826984	0.87585390985765	0.785613225109837	0.526054766375004	0.68143721303112	0.864872466468613	0.586079288914071	1.08087961237421	1.06514555758616	0.906753752084491	0.748275458903309	0.940765923767381	0.527932424649645	0.611868779948397
Bacteria|Firmicutes|Clostridia|Clostridiales|Ruminococcaceae|Dysosmobacter	0.1766334037439	0.252932106785857	0.459822765631331	0.525713895574103	0.737981689699586	0.350608458854566	0.0898891942816643	0.109826891898959	0.309556523034647	0.33554259896015	0.977747163385186	0.192131747483989	0.768963721576115	0.366334598059922	0.538236860958539	0.105710139214878	0.0993102452060236	0.0744189596611075	0.0837739221088689	0.15763930709554	0.116609576561475	0.116019477209204	0.148733112594507	0.147223257547521	0.112606376105296	0.159811006114508	0.105226236408278	0.14570179698883	0.0844691879439432	0.0829340213785477
Bacteria|Firmicutes|Clostridia|Clostridiales|Ruminococcaceae|Flavonifractor	0.1766334037439	0.0277185870450254	0.105706382903754	0.0443784457302815	0.158387579628921	0.0459535358692877	0.0345727670314094	0.0122029879887733	0.0976675660911454	0.0564774671517084	0.132024568050055	0.250686184812443	0.0364520048602673	0.23923892118199	0.196557488472914	0.546467668822676	0.362933805207468	0.265236804945999	0.17871770049892	0.497715115661199	0.196778660447489	0.182818570147837	0.276218637675514	0.292582929556467	0.574107917520445	0.158073929961089	0.16563389064266	0.485672656629432	0.0575926281435976	0.13085145595282
Bacteria|Firmicutes|Clostridia|Clostridiales|Ruminococcaceae|Flintibacter	1.09075679219171	0.694697087815949	1.2068145381512	1.15383958898732	1.33846207400703	0.697812952089184	0.70182717073761	0.252776179767446	0.931980334056184	0.769090214448265	0.901211181906894	1.30466605672461	0.80020829717063	1.63355325869577	1.89760640740673	2.25933026355867	2.41594741973927	1.8413922069992	2.52438751954725	3.23780509405222	2.04977771299468	1.94420517868757	4.83736742390708	3.87625792023854	4.48394897638958	3.58011395219566	4.03367239565065	3.94833881963557	3.78959493184872	3.80759307040177
Bacteria|Firmicutes|Clostridia|Clostridiales|Ruminococcaceae|Harryflintia	0.29317503095637	0.128198465083242	0.174415531791195	0.122894157406933	0.15490653392279	0.0646753467789975	0.0950751093363757	0.078447779927828	0.117532155804599	0.101327220478065	0.086102979163079	0.0768526989935956	0.124978302378059	0.155131487953946	0.117567095909032	0.175586332933188	0.0505579430139757	0.137388848605122	0.13217663266066	0.0478231605795459	0.184024488011078	0.175787086680612	0.0814490854684208	0.160268356317555	0.212290709050968	0.237979433018344	0.227990178884602	0.215854514057525	0.193895181416779	0.269074824917066
Bacteria|Firmicutes|Clostridia|Clostridiales|Ruminococcaceae|Intestinimonas	0.234904217350135	0.174973580721723	0.269551276404574	0.300407940328059	0.257597382253629	0.134456641987916	0.152120174938201	0.14120600387009	0.192024367230049	0.13288815800402	0.0975833763848229	0.214089661482159	0.0711681999652838	0.23923892118199	0.0863383360581957	0.180961424757673	0.13361742082265	0.0915925657367477	0.111698562811825	0.0885614084806405	0.118431601195248	0.135356056744072	0.13102678966659	0.141632500931793	0.112606376105296	0.0677459699833241	0.161736622627538	0.0683539294515497	0.105586484929929	0.112421673424254
Bacteria|Firmicutes|Clostridia|Clostridiales|Ruminococcaceae|Lawsonibacter	1.30198849151431	0.599414444848674	0.831556878842867	0.848311058767303	0.713614369756675	0.568462258531189	0.413144566025342	0.202220943813957	0.933635716532305	0.365442434511055	0.449648891184968	0.283623055809698	0.263843082798125	0.399977571351139	0.567628634935797	0.560801247021303	1.2188075548012	0.20989962981338	0.882418646213419	1.15484076658755	0.630420523285475	0.622286286849368	0.603785611841989	1.15542303391726	1.31066437761902	0.939758198999444	1.65244163841147	1.16381558829349	1.20560568247264	1.37301879837818
Bacteria|Firmicutes|Clostridia|Clostridiales|Ruminococcaceae|Monoglobus	0.123825478913249	0.164579110579838	0.093373971564983	0.0426715824329629	0.135760782539075	0.0289337077695515	0.0432159587892617	0.0801910639262242	0.0165538247612111	0.0149499177754522	0.00956699768478656	0.0292772186642269	0.0190939073077591	0.0018690540717343	0.069805463195988	0.00358339454965689	0.00722256328771081	0.020989962981338	0.00186164271353042	0	0.00546607390131915	0.0439467716701531	0.00708252917116702	0.0186358553857622	0.0147680493252847	0	0.0019486340075607	0	0.00191975427145325	0.00368595650571323
Bacteria|Firmicutes|Clostridia|Clostridiales|Ruminococcaceae|Neglecta	0.0910481462597422	0.138592935225127	0.121562340339317	0.237253998327274	0.262818950812824	0.228065696536465	0.0674168957112483	0.048811951955093	0.296313463225678	0.142854769854321	0.0956699768478656	0.290942360475755	0.0676965804547821	0.0411191895781545	0.369234160589305	0.136168992886962	0.229316384384818	0.0400717475098271	0.150793059795964	0.127528428212122	0.194956635813716	0.101956510274755	0.0938435115179631	0.15281401416325	0.0775322589577449	0.0451639799888827	0.144198916559492	0.149299372223122	0.205413707045498	0.0792480648728345
Bacteria|Firmicutes|Clostridia|Clostridiales|Ruminococcaceae|Oscillibacter	0.142035108165198	0.0779585260641339	0.15503602825884	0.1382559270828	0.1444633968044	0.268913283975832	0.22126570900102	0.029635827972735	0.251618136370408	0.166110197505025	0.308057325450127	0.472095150960659	0.275993751084881	0.336429732912173	0.472105369509708	0.551842760647161	0.375573290960962	0.221348700530474	0.459825750242014	0.504800028339651	0.400845419430071	0.690843250654807	1.59888096039096	1.27282892284756	1.65402152443189	0.906753752084491	0.604076542343817	1.63869551922005	0.96755615281244	0.899373387394029
Bacteria|Firmicutes|Clostridia|Clostridiales|Ruminococcaceae|Papillibacter	0.00910481462597421	0.0103944701418845	0.00528531914518772	0.0238960861624592	0.0104431371183904	0.00510594842992086	0.00864319175785234	0.00174328399839618	0.00331076495224222	0.0116277138253517	0.00765359814782925	0.0128087831655993	0.00173580975525082	0.0224286488608115	0.0183698587357863	0.00358339454965689	0.0018056408219277	0.00954089226424455	0.0688807804006255	0.00177122816961281	0.140295896800525	0.0755884472726634	0.139879951130549	0.0801341781587775	0.101530339111333	0.0208449138410228	0.0292295101134105	0.0665551418344036	0.0268765598003456	0.00921489126428308
Bacteria|Firmicutes|Clostridia|Clostridiales|Ruminococcaceae|Phocea	0.251292883676888	0.195762521005492	0.294216099082116	0.26456381108437	0.172311762453441	0.192324057527019	0.0916178326332348	0.134232867876506	0.183747454849443	0.167771299480075	0.202820350917475	0.139066788655078	0.0781114389862871	0.194381623460367	0.33616841486489	0.412090373210542	0.231122025206746	0.0915925657367477	0.296001191451337	0.0531368450883843	0.311566212375191	0.325206110359133	0.180604493864759	0.491986582184122	0.328589097487586	0.898068371317399	0.950933395689622	0.56841688701815	0.846611633710885	1.07261334316255
Bacteria|Firmicutes|Clostridia|Clostridiales|Ruminococcaceae|Ruminococcus	0.143856071090393	0.102212289728531	0.00352354609679181	0.00170686329731852	0.200160128102482	0.219555782486597	0.165949281750765	0.0139462719871694	0.00662152990448443	0.0896995066527134	0.0210473949065304	0.00731930466605672	0.00173580975525082	0.00934527035867148	0.0110219152414718	0.00358339454965689	0.036112816438554	0.238522306606114	0.00372328542706084	0.00885614084806405	0.0109321478026383	0.0193365795348674	0.00708252917116702	0.00559075661572866	0.0609182034667996	0.01215953307393	0.0038972680151214	0.00359757523429209	0.00575926281435976	0.00184297825285662
Bacteria|Firmicutes|Clostridia|Clostridiales|Ruminococcaceae|Ruthenibacterium	0.058270813606235	0.174973580721723	0.221983404097884	0.107532387731067	0.100950325477774	0.115734831078206	0.0760600874691006	0.0209194079807541	0.0132430598089689	0.0548163651766582	0.0650555842565486	0.0439158279963403	0.0121506682867558	0.0915836495149805	0.0257178022301009	0.00358339454965689	0	0.00190817845284891	0.00744657085412168	0	0.0127541724364113	0.00527361260041837	0.00531189687837527	0.0130450987700335	0.00738402466264237	0.00694830461367426	0.0019486340075607	0.00719515046858417	0	0.00552893475856985
Bacteria|Firmicutes|Clostridia|Clostridiales|Ruminococcaceae|Unassigned	3.08106926942967	9.15752819500026	0.970736949666144	1.00534248212061	3.55588818881192	0.937792528295464	0.539335165689986	1.65611979847637	0.768097468920194	0.446836431288517	0.116717371754396	1.77127172918573	0.617948272869294	0.151393379810478	2.56075830776861	0.349380968591547	3.1544545159077	0.230889592794718	0.195472484920694	0.979489177795884	0.12571969973034	0.179302828414225	0.281530534553889	0.150950428624674	0.470731572243451	0.56976097832129	0.432596749678475	0.426312665263612	0.289882894989441	0.350165868042757
Bacteria|Firmicutes|Clostridia|Clostridiales|Unassigned|Unassigned	0.87224124116833	1.12780001039447	0.768133049100615	1.06166897093212	1.26187906847217	0.965024253255042	1.13398675863023	1.81998849432561	1.80436689897201	1.04317204033156	1.28580448883531	0.483074107959744	0.553723311925013	1.2373137954881	0.716424490695666	0.143335781986276	0.184175363836626	0.125939777888028	0.210365626628937	0.134613340890574	0.19131258654617	0.200397278815898	0.10092604068913	0.272083488632128	0.210444702885308	0.165022234574764	0.292295101134105	0.275214505423345	0.295642157803801	0.226686325101364
Bacteria|Firmicutes|Clostridia|Clostridiales|Vallitaleaceae|Unassigned	0.101973923810911	0.0589019974706789	0.0634238297422526	0.0802225749739703	0.271521565078149	0.0085099140498681	0.195336133727463	0.108083607900563	0.195335132182291	0.0797328948024119	0.0191339953695731	0.0256175663311985	0.100676965804548	0.00373810814346859	0.154306813380605	0.00358339454965689	0.0144451265754216	0.0305308552455826	0.0260629979894259	0.0212547380353537	0	0.00175787086680612	0.00885316146395878	0.0149086843086098	0.0110760369939636	0	0.0038972680151214	0	0	0
Bacteria|Firmicutes|Clostridia|Clostridiales|Vallitaleaceae|Vallitalea	0.447956879597931	0.602879268229302	1.04120787160198	0.489869766330415	0.767570578201692	0.309760871415199	0.350913585368805	0.526471767515646	0.516479332549786	0.209298848856331	0.677343436082888	1.43824336688015	0.510328068043742	0.295310543334019	0.170839686242813	0.0573343127945102	0.149868188219999	0.0992252795481433	0.0707424231141559	0.0478231605795459	0.0218642956052766	0.0105472252008367	0.0194769552207093	0.033544539694372	0.0129220431596242	0.0243190661478599	0.0331267781285319	0.0233842390228986	0.00767901708581302	0
Bacteria|Firmicutes|Erysipelotrichia|Erysipelotrichales|Erysipelotrichaceae|Allobaculum	0.114720664287275	0.124733641702614	0.121562340339317	0.095584344649837	0.085285619800188	0.326780699514935	0.304240349876402	0.39223889963914	0.297968845701799	0.264115214032989	0.0707957828674205	0.0640439158279963	0.0746398194757855	0.0728931087976375	0.0606205338280949	0.0895848637414222	0.111949730959518	0.160286990039308	0.169409486931268	0.177122816961281	0.36440492675461	0.237312567018827	0.39308036899977	0.421170331718226	0.448579498255524	0.052112284602557	0.0720994582797459	0.0377745399600669	0.0940679593012094	0.0571323258385551
Bacteria|Firmicutes|Erysipelotrichia|Erysipelotrichales|Erysipelotrichaceae|Faecalibaculum	0.291354068031175	0.601146856538988	0.362925247969557	0.331131479679792	0.865039857973335	0.0442515530593141	0.145205621531919	0.634555375416209	0.0513168567597543	0.149499177754522	0.0191339953695731	0.00914913083257091	0.0104148585315049	0.0168214866456087	0.0110219152414718	3.7983982226363	4.64230255317612	8.02770675113537	2.4052423858813	4.19249707747352	2.80591793601049	1.46782217378311	0.244347256405262	0.465896384644055	3.08652230898451	0.486381322957198	0.592384738298453	0.109726044645909	0.345555768861586	0.304091411721342
Bacteria|Firmicutes|Erysipelotrichia|Erysipelotrichales|Erysipelotrichaceae|Ileibacterium	0.0182096292519484	0.0277185870450254	0.0123324113387713	0.0170686329731852	0.00522156855919518	0.0936090545485491	0.0535877888986845	0.0732179279326395	0.0827691238060554	0.0514941612265577	0.00191339953695731	0.00365965233302836	0	0.00373810814346859	0.00183698587357863	0.016125275473456	0.00541692246578311	0.00572453535854673	0.00372328542706084	0.00885614084806405	0.0710589607171489	0.0580097386046021	0.0336420135630434	0.0428624673872531	0.049842166472836	0.0052112284602557	0.0038972680151214	0.00179878761714604	0.0115185256287195	0.00184297825285662
Bacteria|Firmicutes|Erysipelotrichia|Erysipelotrichales|Erysipelotrichaceae|Turicibacter	0.249471920751693	0.744937026835057	0.304786737372492	0.220185365354089	0.689247049813764	0.0987150029784699	0.300783073173261	0.568310583477154	0.175470542468837	0.262454112057939	0.0535751870348047	0.0457456541628545	0.0503384829022739	0.0112143244304058	0.0459246468394658	0.700553634457922	0.559748654797588	1.1315498225394	0.592002382902673	0.249743171915406	2.12630274761315	0.882451175136674	0.561290436814987	0.260901975400671	2.52718244078935	0.0607976653696498	0.0233836080907284	0.00539636285143813	0.0287963140717988	0.0313306302985625
Bacteria|Firmicutes|Negativicutes|Selenomonadales|Sporomusaceae|Unassigned	0.0145677034015587	0.0138592935225127	0.0264265957259386	0.0221892228651407	0.0261078427959759	0.0221257765296571	0.00864319175785234	0.0313791119711312	0.0165538247612111	0.019933223700603	0.0153071962956585	0.0128087831655993	0.0225655268182607	0.0112143244304058	0.0238808163565222	0.0179169727482844	0.0325015347946986	0.0171736060756402	0.0632958522600343	0.00885614084806405	0.0455506158443262	0.042188900803347	0.0159356906351258	0.0298173686172195	0.0239980801535877	0.0225819899944414	0.0175377060680463	0.00899393808573022	0.00575926281435976	0.0221157390342794
Bacteria|Firmicutes|Negativicutes|Veillonellales|Veillonellaceae|Unassigned	0.187559181295069	0.138592935225127	0.153274255210444	0.174100056326489	0.368990844849793	0.214449834056676	0.0276582136251275	0.0714746439342433	0.0993229485672665	0.114616036278467	0.0937565773109083	0.137236962488564	0.197882312098594	0.050464459936826	0.350864301853519	0.232920645727698	0.388212776714456	0.183185131473495	0.0093082135676521	0.129299656381735	0.163982217039574	0.0386731590697347	0.138109318837757	0.00186358553857622	0.0350741171475513	0.00694830461367426	0.0058459020226821	0.129512708434515	0.00191975427145325	0.00184297825285662
Bacteria|Proteobacteria|Alphaproteobacteria|Rhodospirillales|Acetobacteraceae|Acetobacter	0	0	0	0	0	0	0	0	0	0	0.0746225819413352	0.128087831655993	0.0867904877625412	0.0728931087976375	0.0863383360581957	0	0	0.00190817845284891	0	0	0	0	0	0	0	0.0729571984435798	0.113020772438521	0.0773478675372799	0.00767901708581302	0.00184297825285662
Bacteria|Proteobacteria|Betaproteobacteria|Burkholderiales|Sutterellaceae|Parasutterella	0.203947847621822	0.142057758605755	0.112753475097338	0.0665676685954222	0.085285619800188	0.165092332567441	0.0743314491175301	0.109826891898959	0.153950570279263	0.0348831414760552	0.223867745824005	0.292772186642269	0.149279638951571	0.082238379156309	0.2149273472087	0.0430007345958827	0.0343071756166263	0.0343472121512804	0.0335095688435475	0.0265684225441921	0.0473726404780993	0.0210944504016735	0.00531189687837527	0.0149086843086098	0.0147680493252847	0.01215953307393	0.0370240461436533	0.00179878761714604	0.00959877135726627	0.0147438260228529
Bacteria|Proteobacteria|Deltaproteobacteria|Desulfovibrionales|Desulfovibrionaceae|Desulfovibrio	0.52625828538131	0.452159451171977	0.762847729955427	0.732244354549644	0.231489539457653	18.4597055569739	15.2396757074452	9.98553074281331	9.39429555198729	9.91013438314978	0.357805713411017	0.591033851784081	0.727304287450095	1.09339663196456	2.59933501111376	1.54444305090212	2.13426745151854	0.513300003816357	1.6587236577556	2.88533068829927	0.756140223015815	1.52758978325452	2.83301166846681	2.59038389862095	1.38450462424544	1.983740967204	1.78689738493316	2.56327235443311	1.67786523325014	1.97198673055658
Bacteria|Proteobacteria|Deltaproteobacteria|Unassigned|Unassigned|Unassigned	0.023672518027533	0.0433102922578522	0.0281883687743345	0.0187754962705037	0.027848365649041	0.0663773295889711	0.0311154903282684	0.0400955319631121	0.0182092072373322	0.019933223700603	0.145418364808756	0.0365965233302836	0.0433952438812706	0.0411191895781545	0.128589011150504	0.00358339454965689	0.0018056408219277	0.00763271381139564	0.00186164271353042	0.00354245633922562	0.0036440492675461	0	0	0.00372717107715244	0	0	0	0.00359757523429209	0.00191975427145325	0
Bacteria|Unassigned|Unassigned|Unassigned|Unassigned|Unassigned	0.502585767353777	0.107409524799473	0.304786737372492	0.141669653677437	0.0626588227103422	0.81354778316739	0.598108869643382	5.63603716681485	0.993229485672665	0.244181990332386	5.35560530394352	0.843549862763037	3.21471966672453	0.289703381118816	1.16832301559601	0.0394173400462258	0.0379184572604817	0.0572453535854673	0.0688807804006255	0.0655354422756739	0.0291523941403688	0.028125933868898	0.0159356906351258	0.0242266120014909	0.0295360986505695	0.0347415230683713	0.0370240461436533	0.0233842390228986	0.0115185256287195	0.0147438260228529
Bacteria|Verrucomicrobia|Verrucomicrobiae|Verrucomicrobiales|Akkermansiaceae|Akkermansia	4.6252458299949	3.74547407445905	4.95586758513768	2.72244695922304	2.29574964319281	0.651859416219896	0.376843160642362	1.83916461830797	2.12220033438726	1.07141077390741	0.340585117578402	1.03019213174748	0.288144419371637	0.160738650169149	1.06912577842276	1.587443785498	2.02954028384674	13.3591573483952	1.29198004319011	3.63987388855432	0.204066758982581	0.0527361260041837	0.0761371885900455	0.111815132314573	0.103376345276993	0.232768204558088	0.190966132740949	0.100732106560178	0.122864273373008	0.0534463693328419
