Species	HD1	HD2	HD3	HD4	HD5	HD6	HD7	HD8	HD9	HD10	HD11	HD12	HD13	HD14	HD15	MD1	MD2	MD3	MD4	MD5	MD6	MD7	MD8	MD9	MD10	MD11	MD12	MD13	MD14	MD15
Bacteria|Actinobacteria|Actinobacteria|Bifidobacteriales|Bifidobacteriaceae|Bifidobacterium|Unassigned	0.0609177073441671	0.0397240980824094	0.112582528718086	0.0335095688435475	0.0389670197314818	0.0145761970701844	0.00527361260041837	0.00354126458558351	0.0093179276928811	0.0129220431596242	0.0330044469149528	0.0272808761058498	0.00719515046858417	0.0115185256287195	0.0165868042757095	0.245547232255654	0.0194020636740453	0.0238186848421554	0.00702728342790886	0.0167788362944872	0.379430853719421	0.0353388108490149	0.0503280309157904	0.0374465049928673	0.35729183669768	0.0398819494296881	0.130328909009843	0.0772894760492496	0.0640017554767216	0.0035421426420842
Bacteria|Actinobacteria|Coriobacteriia|Coriobacteriales|Atopobiaceae|Olsenella|Unassigned	0.096751652840736	0.142645624932288	0.265236804945999	0.0651574949735647	0.0478231605795459	0	0.0070314834672245	0.00885316146395878	0	0.00553801849698178	0	0	0	0	0	0.0266899165495276	0.00352764794073551	0.00183220652631965	0.00527046257093164	0.00186431514383191	0.00199700449326011	0	0.00359485935112789	0.00178316690442225	0.00362732829134701	0.00199409747148441	0	0.00359485935112789	0.00548586475514757	0.00885535660521049
Bacteria|Actinobacteria|Coriobacteriia|Eggerthellales|Eggerthellaceae|Adlercreutzia|Unassigned	0.0573343127945102	0.0613917879455419	0.0248063198870358	0.0465410678382605	0.0177122816961281	0.0218642956052766	0.0210944504016735	0.00885316146395878	0.0093179276928811	0.0461501541415148	0.00347415230683713	0.0077945360302428	0.00179878761714604	0.00383950854290651	0.00368595650571323	0.0284692443194961	0.0246935355851486	0.062295021894868	0.0614887299942025	0.0876228117600999	0.0239640539191213	0.0229702270518597	0.00179742967556394	0.00356633380884451	0.0253912980394291	0.0119645848289064	0.00514456219775697	0.00179742967556394	0.0237720806056395	0
Bacteria|Actinobacteria|Unassigned|Unassigned|Unassigned|Unassigned|Unassigned	0.00537509182448534	0.0126394857534939	0.124031599435179	0.00372328542706084	0.00708491267845124	0.00182202463377305	0	0.00177063229279176	0.00186358553857622	0.00923003082830297	0.00694830461367426	0.13835301453681	0.00359757523429209	0.0307160683432521	0.00737191301142646	0.0409245387092756	0.00352764794073551	0.00183220652631965	0	0.0242360968698149	0.131802296555167	0.144889124480961	0.0503280309157904	0.00356633380884451	0.0489689319331846	0.00398819494296881	0.00685941626367596	0.00359485935112789	0.00182862158504919	0
Bacteria|Bacteroidetes|Bacteroidia|Bacteroidales|Bacteroidaceae|Bacteroides|Unassigned	1.27748015695268	2.81138275974143	0.839598519253521	1.49676074167846	2.20872152750717	1.37380657386488	0.615254803382144	0.472758822175399	0.935519940365263	1.44542282771224	1.24374652584769	5.67637086402432	0.545032647995251	2.88923017853715	0.73534832288979	0.713510435757371	1.23820442719817	1.27338353579215	0.871383145060698	1.53805999366133	5.28207688467299	4.69652796183408	1.22584703873461	0.75962910128388	2.32693109889911	4.15769322804499	2.40765510855026	42.1694976184057	0.961854953735874	36.7798381240813
Bacteria|Bacteroidetes|Bacteroidia|Bacteroidales|Bacteroidaceae|Phocaeicola|Unassigned	0.130793901062476	0.0343071756166263	0.118307064076632	0.0874972075359297	0.0673066704452868	0.160338167772028	0.0369152882029286	0.0442658073197939	0.0372717107715244	0.182754610400399	0.215397443023902	0.477415331852372	0.0233842390228986	0.211172969859858	0.0552893475856985	0.224195299016032	0.104065614251698	0.0732882610527859	0.0878410428488607	0.065251030034117	0.283574638042936	0.341019524692994	0.030556304484587	0.0356633380884451	0.0507825960788581	0.207386137034378	0.106320952086977	0.0269614451334592	0.0219434590205903	0.00885535660521049
Bacteria|Bacteroidetes|Bacteroidia|Bacteroidales|Bacteroidaceae|Unassigned|Unassigned	0	0.0018056408219277	0.00190817845284891	0.00558492814059126	0.00177122816961281	0.00182202463377305	0	0	0	0.00369201233132119	0.00173707615341857	0.0448185821738961	0	0	0.00368595650571323	0.00355865553993701	0.00176382397036776	0.00366441305263929	0.00175682085697721	0	0.0299550673989016	0	0.00359485935112789	0	0	0.0239291696578129	0.00171485406591899	0.663251550283095	0.00182862158504919	0.308166409861325
Bacteria|Bacteroidetes|Bacteroidia|Bacteroidales|Muribaculaceae|Duncaniella|Unassigned	2.17870388619139	3.66906215015709	7.82162347822768	7.21945044307097	4.02777285769953	6.74513519422783	3.89544184084237	1.86093453972414	3.53708535221767	5.71892710121652	2.86964980544747	3.1236603141198	1.05588833126473	3.19063159915531	2.39955768521931	3.18143805270369	3.73577916923891	4.17010205390352	5.0807259183781	6.48595238539123	12.8587119321018	7.43705274317519	2.73389053653276	2.89407988587732	7.77880552079366	5.91648719789423	2.96841238810577	1.26898535094814	4.3941776688732	0.947523156757523
Bacteria|Bacteroidetes|Bacteroidia|Bacteroidales|Muribaculaceae|Muribaculum|Unassigned	3.04051027538387	3.74670470549998	11.1304049154677	7.67555290788592	5.47132381593397	6.75242329276292	4.10287060312549	1.53867946243604	2.2493477450615	3.43541747429436	1.05614230127849	1.10292684827936	0.528843559440937	0.982914186984066	0.670844084039808	4.41629152506183	3.57527118793544	5.03307132780007	4.39029532158606	5.32821268107161	6.77383924113829	4.3873133669052	2.02210838500944	2.85128388017118	6.59629649781454	1.98013878918402	1.03577185581507	0.237260717174441	1.1191164100501	0.451623186865735
Bacteria|Bacteroidetes|Bacteroidia|Bacteroidales|Muribaculaceae|Paramuribaculum|Unassigned	2.59437765395159	2.94138889892023	7.39609968324238	8.06835952044084	4.28282971412377	9.29596968151009	4.94664861919243	1.74938470527825	4.98322773015281	5.0359048199221	1.91425792106726	1.99734985774972	0.786070188692821	2.16548281819927	1.25875414670107	4.68852867386701	6.12752447305759	5.20896315432676	6.24725496741097	6.05156695687839	7.309036445332	6.90166975881262	1.85494742518199	2.95114122681883	8.69833324265013	6.75001994097472	2.09383681448709	0.503280309157904	2.70453132428775	0.589766749907019
Bacteria|Bacteroidetes|Bacteroidia|Bacteroidales|Muribaculaceae|Unassigned|Unassigned	0.331463995843262	0.240150229316384	0.234705949700416	0.834015935661628	0.403840022671721	0.949274834195758	0.585370998646439	0.148733112594507	0.197540067089079	0.27874693101475	0.356100611450806	0.198760668771191	0.17268361124602	0.370512574390478	0.121636564688537	0.26156118218537	0.352764794073551	0.426904120632478	0.563939495089686	0.727082906094446	0.447329006490265	0.394027740966516	0.133009795991732	0.194365192582026	0.304695576473149	0.263220866235942	0.1354734712076	0.0916689134537611	0.118860403028197	0.0920957086941891
Bacteria|Bacteroidetes|Bacteroidia|Bacteroidales|Odoribacteraceae|Butyricimonas|Unassigned	0.00716678909931378	0.0036112816438554	0.0267144983398847	0.0335095688435475	0.00354245633922562	0.0291523941403688	0.0193365795348674	0.0283301166846681	0.0540439806187104	0.059072197301139	0.0364785992217899	0.0370240461436533	0.0161890885543144	0.0403148397005183	0.0313306302985625	0.0587178164089607	0.0229297116147808	0.0219864783158358	0.0368932379965215	0.0111858908629915	0.0998502246630055	0.104249492004594	0.00179742967556394	0.0160485021398003	0.0399006112048171	0.0797638988593763	0.0137188325273519	0.00359485935112789	0.0329151885308854	0
Bacteria|Bacteroidetes|Bacteroidia|Bacteroidales|Porphyromonadaceae|Parabacteroides|Unassigned	0.0698761937183094	0.113755371781445	0.0515208182269206	0.0670191376870951	0.0956463211590917	0.105677428758837	0.0404310299365409	0.0619721302477115	0.0782705926202013	0.0775322589577449	0.111172873818788	0.520285280018707	0.0179878761714604	0.234210021117297	0.0995208256542573	0.0871870607284568	0.051150895140665	0.056798402315909	0.0421637005674531	0.102537332910755	0.55317024463305	0.167859351532821	0.0539228902669183	0.0249643366619116	0.0671055733899197	0.526441732471883	0.312103439997256	8.24121506246068	0.153604213144132	12.8650620760498
Bacteria|Bacteroidetes|Bacteroidia|Bacteroidales|Porphyromonadaceae|Porphyromonas|Unassigned	0.0304588536720836	0.455021487125781	0.00572453535854673	0.385360041700797	0.0354245633922562	0.978427228336127	0.532634872642256	0.246117888698054	1.20760342899739	2.06198888704288	1.29933296275709	2.65598815230523	0.563020524166712	2.83931656747936	1.11684482123111	0.014234622159748	0.0194020636740453	0.031147510947434	0.344336887967534	0.0242360968698149	2.71392910634049	0.881703330682923	0.0611126089691741	0.151569186875892	0.281117942579393	1.12666507138869	0.236649861096821	0.113238069560528	0.404125370295871	0.0265660698156315
Bacteria|Bacteroidetes|Bacteroidia|Bacteroidales|Porphyromonadaceae|Unassigned|Unassigned	0.125418809237991	0.120977935069156	0.129756134793726	0.277384764316032	0.212547380353537	0.23321915312295	0.19512366621548	0.118632363617048	0.285128587402162	0.37289324546344	0.0781684269038355	0.0662535562570638	0.0323781771086288	0.0844691879439432	0.0755621083671213	0.0729524385687087	0.126995325866479	0.190549478737243	0.0860842219918835	0.31134062901993	0.305541687468797	0.215566746178991	0.133009795991732	0.108773181169757	0.317391225492863	0.0777698013878918	0.0480159138457317	0.0197717264312034	0.0457155396262297	0.0265660698156315
Bacteria|Bacteroidetes|Bacteroidia|Bacteroidales|Prevotellaceae|Prevotellamassilia|Unassigned	0.225753856628384	0.397240980824094	1.61622714956303	0.856355648223993	0.292252647986114	4.87938196924422	0.302353789090653	0.0478070719053774	0.169586284010436	0.550109837366857	0.731309060589216	3.07299582992322	0.255427841634738	1.62411211364945	0.49023221525986	2.82201384317005	0.165799453214569	0.756701295370014	1.20869274960032	0.169652678088704	1.5217174238642	3.02500220867568	0.508672598184596	0.174750356633381	0.741788635580463	1.28021057669299	0.209212196042117	0.00539228902669183	0.128003510953443	0.0230239271735473
Bacteria|Bacteroidetes|Bacteroidia|Bacteroidales|Prevotellaceae|Prevotella|Unassigned	0.0412090373210542	0.11014409013759	0.835782162347823	0.660883163303299	0.0495943887491587	0.501056774287588	0.186334311881449	0.113320466738672	0.0801341781587775	0.112606376105296	0.0903279599777654	0.179274328695584	0.0359757523429209	0.122864273373008	0.086619977884261	1.11741783954022	0.248699179821854	0.52034665347478	0.432177930816395	0.169652678088704	0.587119321018472	0.586624260093648	0.0736946166981217	0.149786019971469	0.939478027458875	2.40886974555316	0.327537126590527	0.0143794374045115	0.894195955089054	0.0584453535943892
Bacteria|Bacteroidetes|Bacteroidia|Bacteroidales|Rikenellaceae|Alistipes|Unassigned	0.157669360184903	0.386407135892528	0.685036064572759	1.0406582768635	0.154096850756314	1.02215581954668	0.45353068363598	0.343502664801601	0.469623555721208	1.63556146277529	1.75444691495275	2.78264936279668	0.359757523429209	1.60491457093492	0.827497235532621	0.66724791373819	0.617338389628715	0.577145055790689	0.903005920486288	0.618952627752195	0.834747878182726	2.19984097535118	0.17794553788083	0.222895863052782	1.65950269329126	1.46765573901252	0.800836848784168	0.104250921182709	0.952711845810628	0.0637585675575155
Bacteria|Bacteroidetes|Bacteroidia|Bacteroidales|Rikenellaceae|Rikenella|Unassigned	0	0	0.00190817845284891	0	0	0	0.00351574173361225	0	0.00559075661572866	0.00184600616566059	0.241453585325181	0.0448185821738961	0.118719982731639	0.188135918602419	0.0810910431256911	0	0	0	0	0	0	0	0	0.00178316690442225	0	0	0	0	0.00182862158504919	0
Bacteria|Bacteroidetes|Bacteroidia|Bacteroidales|Unassigned|Unassigned|Unassigned	0.0286671563972551	0.0198620490412047	0.0496126397740717	0.111698562811825	0.0442807042403202	0.038262517309234	0.00527361260041837	0.0513483364909609	0.00186358553857622	0.00184600616566059	0.039952751528627	0.0857398963326708	0.00899393808573022	0.0844691879439432	0.0350165868042757	0.0782904218786143	0.0617338389628715	0.0329797174737536	0.0298659545686126	0.0354219877328064	0.0619071392910634	0.0795123244102836	0.00359485935112789	0.0320970042796006	0.0507825960788581	0.0438701443726569	0.0120039784614329	0.00539228902669183	0.0164575942654427	0.0053132139631263
Bacteria|Deferribacteres|Deferribacteres|Deferribacterales|Deferribacteraceae|Mucispirillum|Unassigned	20.647519395123	0.82517785562096	0.0896843872838988	0.169409486931268	8.42396117467852	1.81655855987173	1.02483871534797	0.683464065017618	3.85203130823705	0.286130955677392	0.229294052251251	0.830118087220858	2.84208443509075	1.89095795738146	1.80243273129377	0.0943043718083308	0.065261486903607	0.126422250316056	0.110679713989564	0.177109938664032	0.0559161258112831	0.130753600141355	2.25217938348162	0.511768901569187	0.0761738941182872	0.0937225811597671	0.0788832870322735	0.030556304484587	0.0603445123066233	0.0017710713210421
Bacteria|Firmicutes|Bacilli|Lactobacillales|Lactobacillaceae|Lactobacillus|Unassigned	0.193503305681472	0.0956989635621682	0.10494981490669	0.0502643532653213	0.0797052676325764	0.038262517309234	0.0246101921352857	0.00531189687837527	0.00186358553857622	0.00923003082830297	0.0104224569205114	0.0214349740831677	0.00899393808573022	0.00767901708581302	0.00552893475856985	0.373658831693386	0	0.00549661957895894	0.0122977459988405	0.020507466582151	0.0479281078382426	0.0247371675943105	0.0143794374045115	0.00178316690442225	0.00725465658269402	0.0398819494296881	0.121754638680248	1.74889907432372	0.13531799729364	0.0796982094468944
Bacteria|Firmicutes|Bacilli|Lactobacillales|Lactobacillaceae|Ligilactobacillus|Unassigned	0.179169727482844	0.184175363836626	0.0228981414341869	0.392806612554918	0.0814764958021892	0.377159099191021	0.73479002232496	0.0566602333693362	0.765933656354827	0.182754610400399	0.967551417454141	0.705405510736973	0.201464213120357	0.249568055288923	0.164025064504239	0.0302485720894646	0.0564423670517682	0.177724033053006	0.115950176560496	0.123044799492906	0.529206190713929	1.49836557999823	0.0575177496180462	0.021398002853067	0.204944048461106	4.35311478025046	0.855712178893576	0.208501842365417	4.02296748710822	0.513610683102208
Bacteria|Firmicutes|Bacilli|Lactobacillales|Lactobacillaceae|Limosilactobacillus|Unassigned	0.188128213856987	0.0234733306850601	0.00190817845284891	0.0465410678382605	0.0318821070530306	0.10749945339261	0.0175787086680612	0.00177063229279176	0.0633619083115915	0.0350741171475513	0.0138966092273485	0.132507112514128	0.0629575666001115	0.286043386446535	0.0165868042757095	0.103201010658173	0.0123467677925743	0.0201542717895161	0.00878410428488607	0.124909114636738	0.0379430853719421	0.314515416556233	0.176148108205266	0.0160485021398003	0.0924968714293487	0.438701443726569	0.504167095380183	0.217488990743237	0.314522912628461	0.035421426420842
Bacteria|Firmicutes|Clostridia|Clostridiales|Clostridiaceae_1|Clostridium_sensu_stricto|Unassigned	0.00537509182448534	0.0018056408219277	0.0171736060756402	0.00372328542706084	0.00885614084806405	0.0218642956052766	0.042188900803347	0.00354126458558351	0.00745434215430488	0.136604456258884	0.0295302946081156	0.0038972680151214	0	0.00383950854290651	0.0184297825285662	0.0391452109393071	0.00176382397036776	0.00366441305263929	0.00351364171395443	0	0.0259610584123814	0.0600759784433254	0.0161768670800755	0.112339514978602	0.17592542213033	0.00199409747148441	0	0.00179742967556394	0	0.0035421426420842
Bacteria|Firmicutes|Clostridia|Clostridiales|Clostridiaceae_2|Alkaliphilus|Unassigned	0.0627094046189956	0.0541692246578311	0.0667862458497119	0.0781889939682776	0.0814764958021892	0.0692369360833758	0.042188900803347	0.0637427625405032	0.0633619083115915	0.059072197301139	0.0469010561423013	0.0526131182041389	0.0287806018743367	0.0364753311576118	0.0331736085514191	0.0640557997188662	0.0388041273480907	0.0787848806317448	0.0632455508511797	0.0503365088834617	0.0738891662506241	0.104249492004594	0.0341511638357149	0.0338801711840228	0.0616645809528991	0.0279173646007817	0.0342970813183798	0.0215691561067673	0.0128003510953443	0.106264279262526
Bacteria|Firmicutes|Clostridia|Clostridiales|Clostridiales_Incertae_Sedis_XIII|Aminipila|Unassigned	0.179169727482844	0.287096890686505	0.0744189596611075	0.137761560801251	0.212547380353537	0.114787551927702	0.263680630020919	0.109779202153089	0.180767797241893	0.230750770707574	0.0625347415230684	0.0565103862192603	0.0917381684744482	0.0767901708581302	0.0552893475856985	0.0836284051885198	0.153452685421995	0.203374924421481	0.158113877127949	0.398963440780029	0.219670494258612	0.14135524339606	0.0665048979958659	0.0891583452211127	0.152347788236574	0.0677993140304698	0.0514456219775697	0.00718971870225577	0.177376293749771	0.0017710713210421
Bacteria|Firmicutes|Clostridia|Clostridiales|Clostridiales_Incertae_Sedis_XIII|Ihubacter|Unassigned	0.00358339454965689	0.0162507673973493	0.00190817845284891	0.0186164271353042	0.0177122816961281	0	0.00527361260041837	0.00354126458558351	0.00745434215430488	0.00369201233132119	0.00694830461367426	0.0272808761058498	0.00179878761714604	0.023037051257439	0.00184297825285662	0.0569384886389922	0.0352764794073551	0.0439729566316715	0.049190983995362	0.160331102369545	0.0898652021967049	0.159024648820567	0.0233665857823313	0.0196148359486448	0.0979378638663692	0.0717875089734386	0.0205782487910279	0.0449357418890986	0.0530300259664265	0.0283371411366736
Bacteria|Firmicutes|Clostridia|Clostridiales|Clostridiales_Incertae_Sedis_XI|Unassigned|Unassigned	0.0394173400462258	0.0288902531508432	0.0400717475098271	0.0204780698488346	0.0141698253569025	0.0327964434079149	0.0123050960676429	0.014165058342334	0.0093179276928811	0.0147680493252847	0.0208449138410228	0.0350754121360926	0.0143903009371683	0.0115185256287195	0.00921489126428308	0.0355865553993701	0.0194020636740453	0.0183220652631965	0.0193250294267494	0.00745726057532765	0.0239640539191213	0.0282710486792119	0.0269614451334592	0.0196148359486448	0.0163229773110615	0.00997048735742203	0.00857427032959495	0.030556304484587	0.0201148374355411	0.0301082124577157
Bacteria|Firmicutes|Clostridia|Clostridiales|Eubacteriaceae|Eubacterium|Unassigned	0.738179277229319	0.707811202195659	1.96733198488723	2.42758209844367	0.251514400085019	0.337074557248014	0.495719584439327	0.079678453175629	0.111815132314573	0.099684332945672	0.039952751528627	0.0954830663704743	0.0179878761714604	0.0844691879439432	0.0810910431256911	0.0498211775591182	2.65455507540347	2.98649663790102	0.989090142478172	1.42247245474375	0.0898652021967049	1.8976941425921	0.095263772804889	0.098074179743224	1.68670765547636	0.219350721863285	0.121754638680248	0.129414936640604	1.00025600702191	0.0779271381258523
Bacteria|Firmicutes|Clostridia|Clostridiales|Heliobacteriaceae|Hydrogenispora|Unassigned	0.120043717413506	0.0650030695893973	0.0954089226424455	0.0837739221088689	0.0566793014276099	0.0783470592522411	0.0404310299365409	0.0442658073197939	0.0484532240029817	0.0572261911354784	0.0694830461367426	0.0623562882419424	0.043170902811505	0.0710309080437704	0.0405455215628456	0.117435632817921	0.0370403033777229	0.0971069458949413	0.0702728342790886	0.0577937694587893	0.0898652021967049	0.0812792649527343	0.0557203199424822	0.0534950071326676	0.0417142753504906	0.0558347292015634	0.0480159138457317	0.0683023276714299	0.0274293237757379	0.0867824947310628
Bacteria|Firmicutes|Clostridia|Clostridiales|Lachnospiraceae|Acetatifactor|Unassigned	0.874348270116281	0.854068108771803	0.830057626989276	1.69409486931268	0.320592298699919	0.592158005976241	1.59614674705996	3.81571259096623	4.14088706671636	1.50080301268206	2.28946637020567	2.44163841147356	3.35473890597737	1.61259358802073	4.09325469959454	0.82204942972545	2.12893553223388	1.35033620989758	2.2434602343599	0.673017766923321	0.639041437843235	0.648467179079424	0.889727689404152	2.17902995720399	0.556794892721766	0.630134800989072	0.878005281750523	0.116832928911656	3.99553816333248	0.1009510652994
Bacteria|Firmicutes|Clostridia|Clostridiales|Lachnospiraceae|Anaerocolumna|Unassigned	1.25777148692957	1.30908959589758	0.219440522077625	0.642266736167995	0.75631442842467	0.550251439399461	0.720727055390511	0.869380455760752	0.471487141259784	0.906389027339351	0.623610339077265	0.430648115670915	0.554026586080981	0.860049913611058	0.486546258754147	0.53557765876052	0.58206191022136	0.718224958317301	0.686916955078091	1.44670855161356	0.443334997503744	0.351621167947699	0.801653635301519	0.581312410841655	0.310136568910169	0.35295525245274	0.413279829886477	0.0557203199424822	3.16900120689025	0.0779271381258523
Bacteria|Firmicutes|Clostridia|Clostridiales|Lachnospiraceae|Anaerosporobacter|Unassigned	0.00179169727482844	0	0.00763271381139564	0.199195770347755	0	0.0819911085197872	0.181060699281031	0.0478070719053774	0.355944837868058	0.450425504421185	0.8233740967204	0.958727931719864	0.107927257028763	0.556728738721444	0.416513085145595	0	0.0952464943998589	0.199710511368841	0.115950176560496	0.00559294543149574	0.0119820269595607	0.192596519127131	0.693807854767682	0.312054208273894	0.10337885630339	0.446677833612507	0.0994615358233014	0.0161768670800755	0.148118348388984	0
Bacteria|Firmicutes|Clostridia|Clostridiales|Lachnospiraceae|Anaerotaenia|Unassigned	0.0412090373210542	0.0722256328771081	0.0572453535854673	0.502643532653213	0.0389670197314818	0.165804241673347	0.181060699281031	0.127485525081006	0.104360790160268	0.0609182034667996	0.0868538076709283	0.0467672161814568	0.0737502923029878	0.0614321366865041	0.123479542941393	0.0587178164089607	0.0564423670517682	0.0787848806317448	0.0509478048523392	0.100673017766923	0.0399400898652022	0.0300379892216627	0.0269614451334592	0.0677603423680457	0.021763969748082	0.0259232671292973	0.0342970813183798	0.0197717264312034	0.0713162418169184	0.0850114234100207
Bacteria|Firmicutes|Clostridia|Clostridiales|Lachnospiraceae|Anaerotignum|Unassigned	0.301005142171179	0.299736376439999	0.0725107812082586	0.093082135676521	0.474689149456233	0.0182202463377305	0.121293089809623	0.0177063229279176	0.0670890793887439	0.0775322589577449	0.0660088938299055	0.0643049222495031	0.116921195114493	0.0806296794010367	0.0442314780685588	0.0907457162683938	0.0705529588147103	0.111764598105498	0.0527046257093164	0.329983780458249	0.0678981527708437	0.0901139676649881	0.253437584254516	0.115905848787447	0.0725465658269402	0.0658052165589854	0.0463010597798127	0.0143794374045115	0.314522912628461	0.0035421426420842
Bacteria|Firmicutes|Clostridia|Clostridiales|Lachnospiraceae|Blautia|Unassigned	0.66830308351101	0.236538947672529	0.440789222608098	1.0406582768635	0.21431860852315	0.515632971357773	0.36739501116248	0.580767392035696	0.680208721580321	0.862084879363497	1.61200667037243	2.30913129895943	0.120518770348785	1.67594547897869	1.19240692959823	0.0854077329584883	0.292794779081048	0.545997544843255	0.370689200822192	0.316933574451425	1.17423864203694	0.238536973230851	0.161768670800755	0.682952924393723	0.355478172552007	0.187445162319534	0.156051719998628	0.940055720319942	0.195662509600263	0.478189256681367
Bacteria|Firmicutes|Clostridia|Clostridiales|Lachnospiraceae|Clostridium_XlVa|Unassigned	1.4423163062369	0.305153298905782	0.549555394420486	0.724179015563333	0.203691239505473	1.22804460316303	1.10921651695466	1.28547904456681	0.890793887439433	0.308283029665319	0.601028349082824	1.50629408784442	0.791466551544259	1.49356882319063	1.50755621083671	0.989306240102489	0.804303730487697	0.513017827369501	0.620157762512957	0.413877961930685	1.49575636545182	0.864033925258415	3.26233486114856	1.58880171184023	0.761738941182872	0.63811119087501	0.437287786809342	0.0593151792936101	0.599787879896134	0.0619874962364734
Bacteria|Firmicutes|Clostridia|Clostridiales|Lachnospiraceae|Eisenbergiella|Unassigned	2.11778617884722	1.29103318767831	2.57222455444033	3.2373966788294	0.681922845300932	3.26324611908753	4.16615395433051	5.06046709279884	2.64629146477823	4.11474774325746	6.02765425236242	5.33146264468608	7.85710431169392	4.24841620272605	7.03096203464799	1.43057952705468	8.95669812152747	6.31744810275014	3.74905570878937	2.18124871828334	1.69945082376435	5.25841505433342	4.85485755369821	8.09914407988588	6.26076863086494	4.62032384142937	8.96525705662448	0.345106497708277	5.39077643272501	0.28691355400882
Bacteria|Firmicutes|Clostridia|Clostridiales|Lachnospiraceae|Enterocloster|Unassigned	2.31308118180352	9.73240403019031	5.09674464755944	3.62834164867079	9.49732544546389	2.13176882151447	6.85393850967708	12.8441666519114	5.94670145359672	4.50610105037751	4.61888549193997	4.55980357769204	8.05497094957998	6.73449798425801	4.8599336527829	3.53730360669739	3.26307434518035	5.8282489602228	3.84041039335219	5.246182814743	1.03045431852222	2.61683894336956	1.58713040352296	9.68259629101284	2.25075720478082	5.97631012203877	7.87289501663408	0.337916779006021	10.5529751673189	0.398491047234472
Bacteria|Firmicutes|Clostridia|Clostridiales|Lachnospiraceae|Faecalimonas|Unassigned	0.116460322863849	0.0613917879455419	0.0725107812082586	0.141484846228312	0.0673066704452868	0.158516143138255	0.0791041890062756	0.155815641765675	0.0354081252329482	0.0258440863192483	0.32657031684269	0.208503838808995	0.17268361124602	0.0844691879439432	0.0884629561371176	0.20284336577641	0.0546785430814005	0.0604628153685483	0.0544614465662936	0.0596580846026212	0.0758861707438842	0.171393232617722	0.882537970701896	0.194365192582026	0.288372599162087	0.197415649676956	0.16977055252598	0.0233665857823313	0.422411586146363	0.0035421426420842
Bacteria|Firmicutes|Clostridia|Clostridiales|Lachnospiraceae|Herbinix|Unassigned	0.00179169727482844	0.0036112816438554	0.114490707170935	0.00372328542706084	0	0.036440492675461	0	0.378915310657436	0.00745434215430488	0	0.217134519177321	0	0.266220567337614	0.00191975427145325	0	0	0	0	0	0.00186431514383191	0.00199700449326011	0.00176694054245075	0	0	0	0	0	0	0	0
Bacteria|Firmicutes|Clostridia|Clostridiales|Lachnospiraceae|Hespellia|Unassigned	0.180961424757673	0.101115886027951	0.062969888944014	0.13217663266066	0.0974175493287045	0.165804241673347	0.0457046425369592	0.309860651238557	0.093179276928811	0.138450462424545	0.279669260700389	0.120815308468763	0.23204360261184	0.220771741217124	0.309620346479912	0.346968915143859	0.27515653937737	0.185052859158284	0.203791219409357	0.0503365088834617	0.0818771842236645	0.0335718703065642	0.312752763548126	0.105206847360913	0.00544099243702051	0.153545505304299	0.0188633947251089	0.00359485935112789	0.0841165929122627	0.0035421426420842
Bacteria|Firmicutes|Clostridia|Clostridiales|Lachnospiraceae|Hungatella|Unassigned	0.551842760647161	3.86407135892528	0.223256878983323	0.701839303000968	2.25477345991711	0.522921069892865	0.606465449048113	2.21683163057528	1.47968691762952	2.61948274907238	1.06482768204558	0.596282006313574	1.5235731117227	3.13303897101171	1.81533357906377	0.122773616127827	1.80086427374548	1.20192748126569	3.13416840884735	2.70325695855627	0.0898652021967049	0.222634508348794	0.0700997573469938	0.146219686162625	0.35729183669768	0.315067400494536	0.306958877799499	0.0521254605913544	0.596130636726036	0.0885535660521049
Bacteria|Firmicutes|Clostridia|Clostridiales|Lachnospiraceae|Kineothrix|Unassigned	10.1499650619031	23.1049799573869	3.47097660573217	9.21140814654851	26.134471642637	6.1584432621529	8.50809499534164	9.6641110540574	10.7994781960492	7.76430193276846	11.3743746525848	8.35574262442028	13.8650549529617	16.2104050681513	18.842609657206	2.85226241525951	6.75897345444925	5.34637864380073	5.95562270515276	14.5379294916013	2.26660009985022	6.07474158494567	8.20346903927384	8.93188302425107	2.77671980702613	9.57366196059663	12.8802688891175	0.616518378718433	9.69352302234576	0.437454616297398
Bacteria|Firmicutes|Clostridia|Clostridiales|Lachnospiraceae|Lachnospiracea_incertae_sedis|Unassigned	2.2862057226811	1.99523310823011	1.41396023356104	2.37545610246482	1.10170392149917	2.20282778223162	2.19382284177404	1.27839651539565	1.53745806932538	1.1666758966975	1.12909949972207	2.22534003663432	0.974942888493156	2.64734114033404	1.96461481754515	5.30951406558602	4.0426845400829	2.81793363747962	2.96375678572056	3.97471988664964	10.0609086370444	4.78840887004152	4.61220454749708	1.3141940085592	5.90166313002158	2.15362526920316	1.9960901327297	0.170755819178575	2.06634239110558	0.228468200414431
Bacteria|Firmicutes|Clostridia|Clostridiales|Lachnospiraceae|Lachnotalea|Unassigned	0.361922849515346	0.0018056408219277	0.0248063198870358	0.128453347233599	0.00354245633922562	0.00546607390131915	0.11777734807601	0.0106237937567505	0.18263138278047	0.0775322589577449	0	0.0077945360302428	0.00539636285143813	0.0671913995008639	0.00552893475856985	0.00355865553993701	0.0123467677925743	0.439729566316715	0.28987544140124	0.00559294543149574	0	0.00176694054245075	0.00359485935112789	0.158701854493581	0.00906832072836752	0.0498524367871101	0.00514456219775697	0.00179742967556394	0.0256007021906887	0.0035421426420842
Bacteria|Firmicutes|Clostridia|Clostridiales|Lachnospiraceae|Lacrimispora|Unassigned	7.72759034633508	4.4256256545448	4.24760523604167	9.16300543599672	0.853731977753374	14.0386998032213	21.5778648900452	11.0859287851692	15.0093179276929	11.3898580421259	22.344010561423	12.4361822362524	15.0180778155523	8.36436936072183	7.03280501290085	12.5122328784185	2.82917364846988	4.44676523937778	3.40998928339277	12.1404202166334	6.11882176734898	8.60500044173514	31.2806686438393	13.9069186875892	9.67589821716814	11.0353354071947	15.3805261172274	0.528444324615799	8.39337307537578	0.373696048739883
Bacteria|Firmicutes|Clostridia|Clostridiales|Lachnospiraceae|Marvinbryantia|Unassigned	0.204253489330443	0.281679968220722	0.0706026027554097	0.351850472857249	0.162952991604378	0.036440492675461	0.441225587568337	0.396621633585353	0.672754379426016	0.267670894020786	0.248401889938855	0.208503838808995	0.34536722249204	0.449222499520061	0.425727976409878	0.290030426504866	0.338654202310609	0.703567306106744	0.440962035101281	0.570480434012566	0.818771842236645	0.584857319551197	0.328929630628202	0.784593437945792	0.531403594682337	0.344978862566802	0.0703090167026786	0.00539228902669183	0.245035292396591	0.0017710713210421
Bacteria|Firmicutes|Clostridia|Clostridiales|Lachnospiraceae|Mediterraneibacter|Unassigned	0.0842097719169369	0.252789715069878	0.0553371751326184	0.135899918087721	0.171809132452443	0.0601268129145106	0.126566702410041	0.0531189687837527	0.0726798360044726	0.0443041479758542	0.0364785992217899	0.0077945360302428	0.0215854514057525	0.0268765598003456	0.0202727607814228	0.101421682888205	0.149925037481259	0.221696989684677	0.135275205987245	0.328119465314417	0.0639041437843235	0.0353388108490149	0.174350678529703	0.00891583452211127	0.0018136641456735	0.0239291696578129	0.0154336865932709	0	0.0182862158504919	0.0053132139631263
Bacteria|Firmicutes|Clostridia|Clostridiales|Lachnospiraceae|Merdimonas|Unassigned	0.395965097737086	0.166118955617349	0.118307064076632	0.478442177377318	0.0832477239718021	0.160338167772028	0.275985726088562	0.221329036598969	0.596347372344391	0.225212752210592	0.804266259032796	0.41700767761799	0.59539870127534	0.345555768861586	0.394397346111316	0.183270760306756	0.472704824058559	0.31147510947434	0.560425853375731	0.197617405246183	0.403394907638542	0.114851135259299	0.56079805877595	0.187232524964337	0.214012369189474	0.14955731036133	0.15262201186679	0.0413408825379707	0.195662509600263	0.0637585675575155
Bacteria|Firmicutes|Clostridia|Clostridiales|Lachnospiraceae|Muricomes|Unassigned	0.168419543833874	0.474883536166986	0.288134946380185	0.299724476878397	0.154096850756314	0.153050069236936	0.441225587568337	0.212475875135011	0.223630264629146	0.197522659725683	0.140703168426904	0.165633890642659	0.152896947457414	0.263006335189096	0.215628455584224	0.163698154837103	0.343945674221713	0.393924403158724	0.574480420231549	0.344898301608904	0.237643534697953	0.240303913773302	0.257032443605644	0.174750356633381	0.467925349583764	0.42075456648321	0.567616695819186	0.0143794374045115	0.797279011081447	0.0106264279262526
Bacteria|Firmicutes|Clostridia|Clostridiales|Lachnospiraceae|Roseburia|Unassigned	2.97780087076488	0.608500956989636	0.530473609891997	1.06113634671234	0.600446349498742	1.59062750528387	1.43266475644699	1.52274377180091	1.5281401416325	1.07622159458013	1.20553085047248	0.950933395689622	1.206986491105	1.44365521213285	2.51566531514928	1.18147363925909	2.49757474204074	2.44416350611041	1.30356107587709	0.863177911594176	1.1163255117324	1.71923314780458	1.54578952098499	1.39265335235378	1.12447177031757	0.430725053840632	1.09750660218815	0.0413408825379707	1.31477891965037	0.0283371411366736
Bacteria|Firmicutes|Clostridia|Clostridiales|Lachnospiraceae|Schaedlerella|Unassigned	0.505258631501621	1.79300133617421	0.217532343624776	0.461687392955544	0.873215487619115	0.318854310910283	0.564276548244766	0.509942100324026	0.547894148341409	0.40427535027967	0.500277932184547	0.664484196578199	0.600795064126779	0.487617584949126	0.888315517876889	0.70283446913756	0.694946644324896	0.905110024001905	0.627185045940865	0.902328529614646	0.435346979530704	0.422298789645728	0.310955333872562	0.472539229671897	0.38812412717413	0.289144133365239	0.190348801317008	0.0557203199424822	0.475441612112789	0.0743849954837681
Bacteria|Firmicutes|Clostridia|Clostridiales|Lachnospiraceae|Sellimonas|Unassigned	0.0250837618475982	1.13935935863638	0.215624165171927	0.217812197483059	0.361330546601013	0.129363748997886	0.513298293107388	0.281530534553889	0.618710398807305	1.20913403850769	0.673985547526403	0.894423009470361	0.435306603349343	0.789019005567287	0.442314780685588	0.0124552943897795	0.319252138636564	0.267502152842668	0.498937123381529	0.870635172169503	1.36395406889666	0.0159024648820567	0.0143794374045115	0.119472182596291	0.0435279394961641	0.701922309962511	0.394416435161368	0.0197717264312034	0.960026332150825	0.0123974992472947
Bacteria|Firmicutes|Clostridia|Clostridiales|Lachnospiraceae|Stomatobaculum|Unassigned	0.0125418809237991	0.0234733306850601	0.0114490707170935	0.0484027105517909	0.00531368450883843	0.0127541724364113	0.014062966934449	0.0548896010765444	0.0204994409243384	0.0147680493252847	0.125069483046137	0.169531158657781	0.082744230388718	0.0595123824150509	0.344636933284187	0.00711731107987402	0.158744157333098	0.0769526741054252	0.0808137594209519	0.0633867148902851	0.00399400898652022	0.00883470271225373	0.00539228902669183	0.00713266761768902	0.00544099243702051	0.0338996570152349	0.0548753301094077	0.0107845780533837	0.0658303770617708	0.017710713210421
Bacteria|Firmicutes|Clostridia|Clostridiales|Lachnospiraceae|Syntrophococcus|Unassigned	0.512425420600935	0.0397240980824094	0.148837919322215	1.18400476580535	0.285167735307662	0.0255083448728227	0.520329776574613	0.315172548116933	2.18598583674991	1.59125731479943	0.0625347415230684	0.0526131182041389	0.0503660532800892	0.130543290458821	0.418356063398452	0.0124552943897795	0.58206191022136	0.0641272284211876	0.92057412905606	0.316933574451425	0.0219670494258612	0.0229702270518597	0.0143794374045115	0.0927246790299572	0.0634782450985727	0.00199409747148441	0.0154336865932709	0.00539228902669183	0.00548586475514757	0.0106264279262526
Bacteria|Firmicutes|Clostridia|Clostridiales|Lachnospiraceae|Unassigned|Unassigned	11.3432354469389	4.87884150084865	11.90894172423	10.097550078189	2.92075525169152	10.4620654471248	11.415613409039	19.8293110469749	10.6932538203504	9.23187683446863	12.3818788215675	12.2335242994661	18.0526325256777	12.5052793242465	17.8363435311463	18.2719168698066	25.4378693006438	21.7904322175196	20.3106059275136	5.50159398944798	11.4308537194209	12.5982860676738	13.8761570953536	21.2196861626248	15.3272756950868	12.0383664353514	19.1514902081833	0.762110182439112	13.0197856855502	0.72613924162726
Bacteria|Firmicutes|Clostridia|Clostridiales|Peptococcaceae_1|Unassigned|Unassigned	0.0286671563972551	0.0198620490412047	0.00763271381139564	0.230843696477772	0.242658259236955	0.0109321478026383	0.0738305764058572	0.00354126458558351	0.191949310473351	0.12368241309926	0.13375486381323	0.337113683308001	0.0107927257028763	0.23612977538875	0.204570586067084	0.010675966619811	0.137578269688685	0.197878304842522	0.326768679397762	0.149145211506553	0.00599101347978033	0.153723827193215	0.215691561067673	0.176533523537803	0.0997515280120427	0.0618170216160166	0.222931028569469	0.0107845780533837	0.173719050579673	0.0053132139631263
Bacteria|Firmicutes|Clostridia|Clostridiales|Peptostreptococcaceae|Clostridioides|Unassigned	0	0.0036112816438554	0.00190817845284891	0	0	0	0.00175787086680612	0.00177063229279176	0	0.00184600616566059	0.00868538076709283	0	0	0.0115185256287195	0.00184297825285662	0.00177932776996851	0.00705529588147103	0	0	0.00186431514383191	0	0	0	0	0	0.00997048735742203	0.0257228109887849	6.62892064347982	0.00914310792524595	1.77992667764731
Bacteria|Firmicutes|Clostridia|Clostridiales|Peptostreptococcaceae|Romboutsia|Unassigned	0.333255693118091	0.240150229316384	0.393084761286876	0.286692977883685	0.389670197314818	3.07011150790759	2.49266088913108	0.656904580625741	0.467759970182631	3.67355226966458	0.0851167315175097	0.0896371643477922	0.0125915133200223	0.0729506623152237	0.13638039071139	0.797138840945891	0.765499603139607	2.2939225709522	3.18160257198573	1.90905870728388	1.60559161258113	1.98074034808729	0.413408825379707	0.460057061340941	2.17095598237118	0.516471245114461	0.282950920876633	0.352296216410533	0.512014043813773	0.350672121566335
Bacteria|Firmicutes|Clostridia|Clostridiales|Peptostreptococcaceae|Unassigned|Unassigned	0.408506978660885	0.218482539453252	0.240430485058963	0.258768337180728	0.265684225441921	0.224109029954085	0.168755603213388	0.16112753864405	0.232948192322028	0.175370585737756	0.217134519177321	0.25137378697533	0.169086036011728	0.161259358802073	0.160339107998526	0.286471770964929	0.208131228503395	0.282159805053226	0.20203439855238	0.212531926396838	0.237643534697953	0.280943546249669	0.213894131392109	0.167617689015692	0.179552750421677	0.189439259791019	0.142332887471276	0.262424732632336	0.153604213144132	0.299311053256115
Bacteria|Firmicutes|Clostridia|Clostridiales|Ruminococcaceae|Acetivibrio|Unassigned	0.00537509182448534	0.0018056408219277	0.0171736060756402	0.00744657085412168	0.00531368450883843	0.0819911085197872	0.170513474080194	0.0460364396125857	0.0652254938501677	0.0258440863192483	0.0416898276820456	0.019486340075607	0.00719515046858417	0.00575926281435976	0.0184297825285662	0.00355865553993701	0.0934826704294911	0.0732882610527859	0.156357056270972	0.0279647271574787	0.0399400898652022	0.0547751568159731	0.00718971870225577	0.0249643366619116	0.13965213921686	0.0398819494296881	0.0325822272524608	0.00179742967556394	0.0896024576674103	0.0141685705683368
Bacteria|Firmicutes|Clostridia|Clostridiales|Ruminococcaceae|Acutalibacter|Unassigned	0.116460322863849	0.357516882741685	0.0820516734725032	0.143346488941842	0.357788090261787	0.122075650462794	0.290048693023011	0.246117888698054	0.423033917256802	0.478115596906094	0.335255697609783	0.214349740831677	0.248232691166154	0.320598963332693	0.543678584592702	0.0533798330990552	0.208131228503395	0.265669946316349	0.439205214244304	0.288968847293947	0.595107338991513	0.132520540683806	0.0844791947515053	0.153352353780314	0.177739086276003	0.143575017946877	0.0908872654937065	0.0215691561067673	0.164575942654427	0.0212528558525052
Bacteria|Firmicutes|Clostridia|Clostridiales|Ruminococcaceae|Anaerotruncus|Unassigned	0.0734595882679662	0.209454335343613	0.0305308552455826	0.122868419093008	0.242658259236955	0.0236863202390496	0.112503735475592	0.0283301166846681	0.0801341781587775	0.212290709050968	0.0833796553640912	0.0545617522116996	0.0953357437087403	0.111345747744289	0.193512716549945	0.0355865553993701	0.167563277184937	0.185052859158284	0.0404068797104759	0.2628684352803	0.00998502246630055	0.0371057513914657	0.0107845780533837	0.0534950071326676	0.021763969748082	0.0219350721863285	0.0360119353842988	0.00539228902669183	0.0402296748710822	0
Bacteria|Firmicutes|Clostridia|Clostridiales|Ruminococcaceae|Butyricicoccus|Unassigned	0.422840556859513	0.296125094796143	0.0915925657367477	0.301586119591928	0.4977151156612	0.129363748997886	0.152934765412133	0.366520884607894	0.130450987700335	0.118144394602278	0.156336853807671	0.126661210491445	0.170884823628874	0.0921482050297562	0.12532252119425	0.169036138147008	0.283975659229209	0.371937924842888	0.198520756838425	0.270325695855627	0.0798801797304044	0.0777453838678328	0.141996944369552	0.12660485021398	0.107006184594737	0.0578288266730478	0.0754535789004356	0.00179742967556394	0.0256007021906887	0.0141685705683368
Bacteria|Firmicutes|Clostridia|Clostridiales|Ruminococcaceae|Cellulosibacter|Unassigned	0.0501675236951965	0.0451410205481926	0.0362553906041293	0.0465410678382605	0.0301108788834178	0.0400845419430071	0.0333995464693164	0.0531189687837527	0.0409988818486769	0.0350741171475513	0.0416898276820456	0.0506644841965782	0.0287806018743367	0.0403148397005183	0.0258016955399926	0.0373658831693386	0.0335126554369874	0.031147510947434	0.0210818502837266	0.0298290423013106	0.0239640539191213	0.0388726919339164	0.0215691561067673	0.0303138373751783	0.0344596187677966	0.0119645848289064	0.0377267894502178	0.0377460231868428	0.0420582964561314	0.0673007101995997
Bacteria|Firmicutes|Clostridia|Clostridiales|Ruminococcaceae|Clostridium_IV|Unassigned	0.696970239908265	0.920876819183128	0.870129374499103	0.783751582396306	0.524283538205392	0.657750892792071	0.854325241267776	0.575455495157321	1.02310846067835	1.02268741577597	0.858115619788771	0.732686386842823	0.931771985681651	0.526012670378192	0.573166236638408	0.754434974466646	0.987741423405944	0.906942230528225	1.30004743416314	1.0514737411212	0.784822765851223	0.895838855022528	0.343309068032713	0.575962910128388	1.27137856611713	1.01100741804259	0.500737387248345	0.0251640154578952	0.76619244413561	0.0371924977418841
Bacteria|Firmicutes|Clostridia|Clostridiales|Ruminococcaceae|Dysosmobacter|Unassigned	0.105710139214878	0.0993102452060236	0.0744189596611075	0.0837739221088689	0.15763930709554	0.116609576561475	0.116019477209204	0.148733112594507	0.147223257547521	0.112606376105296	0.159811006114508	0.105226236408278	0.14570179698883	0.0844691879439432	0.0829340213785477	0.0533798330990552	0.169327101155305	0.152073141684531	0.24595491997681	0.240496653554317	0.0279580629056415	0.160791589363018	0.181540397231958	0.119472182596291	0.165043437256289	0.221344819334769	0.28809548307439	0.00898714837781972	0.261492886662034	0
Bacteria|Firmicutes|Clostridia|Clostridiales|Ruminococcaceae|Flavonifractor|Unassigned	0.546467668822676	0.370156368495179	0.274777697210243	0.17871770049892	0.511884941018102	0.198600685081262	0.16348199061297	0.263824211625972	0.296310100633619	0.585183954514408	0.154599777654252	0.114969406446081	0.476678718543702	0.0595123824150509	0.132694434205676	0.163698154837103	0.40920716112532	0.26200553326371	0.365418738251261	0.283375901862451	0.956565152271593	0.0494743351886209	0.104250921182709	0.281740370898716	0.487875655186173	0.307091010608599	0.0463010597798127	0.00898714837781972	0.0548586475514757	0.0035421426420842
Bacteria|Firmicutes|Clostridia|Clostridiales|Ruminococcaceae|Flintibacter|Unassigned	2.27545553903213	2.4051135748077	1.87955577605618	2.55417380296374	3.14215877289312	2.03155746665695	1.95826814562202	4.86569754059175	3.91166604547149	4.53563714902808	3.59574763757643	4.07849097782455	3.95193639486986	3.82031100019198	3.80759307040177	1.49107667123361	3.89275950260164	3.56180948716539	4.40434988844188	3.00527601185704	1.71143285072391	2.80590158141179	1.65363530151883	4.06205420827389	2.33055842719045	2.98316981734067	1.8331789964674	0.111440639884964	3.5018103353692	0.090324637373147
Bacteria|Firmicutes|Clostridia|Clostridiales|Ruminococcaceae|Harryflintia|Unassigned	0.175586332933188	0.0505579430139757	0.137388848605122	0.13217663266066	0.0478231605795459	0.184024488011078	0.175787086680612	0.0814490854684208	0.160268356317555	0.212290709050968	0.237979433018344	0.227990178884602	0.215854514057525	0.193895181416779	0.269074824917066	0.177932776996851	0.0828997266072846	0.115429011158138	0.147572951986086	0.0801655511847723	0.337493759360959	0.173160173160173	0.194122404960906	0.144436519258203	0.13965213921686	0.151551407832815	0.209212196042117	0.00539228902669183	0.164575942654427	0.0035421426420842
Bacteria|Firmicutes|Clostridia|Clostridiales|Ruminococcaceae|Intestinimonas|Unassigned	0.145127479261104	0.120977935069156	0.0610617104911651	0.080050636681808	0.0513656169187715	0.074703009984695	0.0914092850739185	0.113320466738672	0.100633619083116	0.0553801849698178	0.0555864369093941	0.097431700378035	0.0557624161315273	0.0691111537723171	0.086619977884261	0.0427038664792441	0.11817620601464	0.148408728631891	0.172168443983767	0.171516993232536	0.0299550673989016	0.123685837971552	0.0377460231868428	0.0374465049928673	0.134211146779839	0.0598229241445322	0.104606098021058	0.00359485935112789	0.0859452144973119	0.0017710713210421
Bacteria|Firmicutes|Clostridia|Clostridiales|Ruminococcaceae|Lawsonibacter|Unassigned	0.532134090624048	1.20977935069156	0.202266916001985	0.878695360786358	1.14244216940026	0.617666350849064	0.615254803382144	0.598473714963614	1.13865076407007	1.28482029129977	0.922387437465258	1.62905803032075	1.14582771212203	1.20176617392974	1.36011795060818	0.382555470543229	0.779610194902549	1.08100185052859	1.57938195042252	0.859449281306512	0.397403894158762	0.968283417263009	0.591354363260537	0.898716119828816	0.422583745941926	1.17452341070432	0.881434989882361	0.0431383122135346	1.10814468053981	0.0247949984945894
Bacteria|Firmicutes|Clostridia|Clostridiales|Ruminococcaceae|Neglecta|Unassigned	0.136168992886962	0.22028818027518	0.041979925962676	0.165686201504207	0.11335860285522	0.235041177756723	0.112503735475592	0.122173628202631	0.199403652627656	0.0775322589577449	0.0573235130628127	0.157839354612417	0.124116345583077	0.193895181416779	0.0903059343899742	0.0800697496485828	0.164035629244201	0.0952747393686216	0.17041162312679	0.385913234773206	0.0659011482775836	0.159024648820567	0.176148108205266	0.0659771754636234	0.110633512886084	0.179468772433597	0.0634496004390026	0.00179742967556394	0.0493727827963281	0.0053132139631263
Bacteria|Firmicutes|Clostridia|Clostridiales|Ruminococcaceae|Oscillibacter|Unassigned	0.600218587067529	0.436965078906504	0.259512269587452	0.524983245215578	0.561479329767261	0.473726404780993	0.740063634925378	1.67678878127379	1.39955273947074	1.71863174023001	0.962340188993886	0.680073268638684	1.73942762578022	1.03858706085621	0.952819756726871	0.348748242913827	0.571478966399153	0.57164843621173	0.681646492507159	0.346762616752736	0.72291562656016	0.989486703772418	1.01554776669363	0.898716119828816	0.411701761067885	0.965143176198453	0.514456219775697	0.0269614451334592	0.826536956442234	0.0194817845314631
Bacteria|Firmicutes|Clostridia|Clostridiales|Ruminococcaceae|Papillibacter|Unassigned	0.00358339454965689	0.0018056408219277	0.00954089226424455	0.0688807804006255	0.00177122816961281	0.140295896800525	0.0755884472726634	0.139879951130549	0.0801341781587775	0.101530339111333	0.0208449138410228	0.0292295101134105	0.0665551418344036	0.0268765598003456	0.00921489126428308	0.00889663884984253	0.051150895140665	0.0861137067370234	0.024595491997681	0.0559294543149574	0	0.00530082162735224	0.0233665857823313	0.0855920114122682	0.021763969748082	0.00997048735742203	0.00514456219775697	0.00179742967556394	0.0841165929122627	0.0017710713210421
Bacteria|Firmicutes|Clostridia|Clostridiales|Ruminococcaceae|Phocea|Unassigned	0.412090373210542	0.231122025206746	0.0915925657367477	0.296001191451337	0.0531368450883843	0.311566212375191	0.325206110359133	0.180604493864759	0.491986582184122	0.328589097487586	0.898068371317399	0.950933395689622	0.56841688701815	0.846611633710885	1.07261334316255	0.209960676856284	0.179910044977511	0.320636142105938	0.286361799687286	0.249818229273476	0.429355966050924	0.42583267073063	0.346903927383841	0.199714693295292	0.186807407004371	0.660046263061338	0.348115375381555	0.0179742967556394	0.448012288337052	0.0123974992472947
Bacteria|Firmicutes|Clostridia|Clostridiales|Ruminococcaceae|Ruminococcus|Unassigned	0.00716678909931378	0.0379184572604817	0.244246841964661	0.00372328542706084	0.0177122816961281	0.0182202463377305	0.0193365795348674	0.00885316146395878	0.00745434215430488	0.0609182034667996	0.01215953307393	0.0038972680151214	0.00359757523429209	0.00959877135726627	0.00737191301142647	0.014234622159748	0.236352412029279	0.0696238480001466	0.00175682085697721	0.255411174704972	0.00798801797304044	0.00883470271225373	0.00539228902669183	0.014265335235378	0.235776338937556	0.0578288266730478	0.109750660218815	0.00359485935112789	0.517499908568921	0.0053132139631263
Bacteria|Firmicutes|Clostridia|Clostridiales|Ruminococcaceae|Unassigned|Unassigned	0.333255693118091	3.1418150301542	0.116398885623784	0.135899918087721	0.961776896099756	0.103855404125064	0.154692636278939	0.265594843918763	0.145359672008945	0.426427424267597	0.566286826014452	0.41895631162555	0.424513877646466	0.289882894989441	0.350165868042757	0.247326560025622	0.280448011288473	0.282159805053226	0.393527871962896	0.708439754656127	0.221667498751872	0.641399416909621	0.452952278242114	0.486804564907275	0.368173821571721	1.32408072106565	0.416709538018315	0.0287588748090231	0.645503419522364	0.00885535660521049
Bacteria|Firmicutes|Clostridia|Clostridiales|Unassigned|Unassigned|Unassigned	0.096751652840736	0.169730237261204	0.162195168492157	0.202919055774816	0.120443515533671	0.178558414109759	0.242586179619245	0.306319386652974	0.298173686172195	0.225212752210592	0.173707615341857	0.286449199111423	0.282409655891929	0.418506431176809	0.24511610762993	0.124552943897795	0.347473322162448	0.41591088147456	0.35312099225242	0.460485840526483	0.145781328007988	0.257973319197809	0.226476139121057	0.317403708987161	0.337341531095272	0.313073303023052	1.32558219295538	0.0341511638357149	1.19226127345207	0.035421426420842
Bacteria|Firmicutes|Clostridia|Clostridiales|Vallitaleaceae|Vallitalea|Unassigned	0.0143335781986276	0.128200498356867	0.0496126397740717	0.0446794251247301	0.0212547380353537	0.00182202463377305	0	0.00177063229279176	0.00186358553857622	0.00369201233132119	0	0.0038972680151214	0	0	0	0.153022188217291	0.00881911985183879	0.0567984023159091	0.0140545668558177	0.123044799492906	0.00199700449326011	0.00176694054245075	0.00359485935112789	0.00891583452211127	0.00362732829134701	0	0.00171485406591899	0	0.221263211790952	0.0141685705683368
Bacteria|Firmicutes|Erysipelotrichia|Erysipelotrichales|Erysipelotrichaceae|Allobaculum|Unassigned	0.0895848637414222	0.111949730959518	0.160286990039308	0.169409486931268	0.177122816961281	0.36440492675461	0.237312567018827	0.39308036899977	0.421170331718226	0.448579498255524	0.052112284602557	0.0720994582797459	0.0377745399600669	0.0940679593012094	0.0571323258385551	0.149463532677354	0.146397389540524	0.139247696000293	0.158113877127949	0.234903708122821	0.609086370444333	0.468239243749448	0.384649950570684	0.34771754636234	0.418956417650579	0.105687165988674	0.0891724114277875	0.138402085018424	0.0822879713272135	0.161167490214831
Bacteria|Firmicutes|Erysipelotrichia|Erysipelotrichales|Erysipelotrichaceae|Faecalibaculum|Unassigned	3.7983982226363	4.64230255317612	8.02770675113537	2.4052423858813	4.19249707747352	2.80591793601049	1.46782217378311	0.244347256405262	0.465896384644055	3.08652230898451	0.486381322957198	0.592384738298453	0.109726044645909	0.345555768861586	0.304091411721342	1.60673297628156	0.359820089955022	0.793345425896407	2.05196676094939	1.36654300042879	0.523215177234149	0.174927113702624	0.141996944369552	0.0802425106990014	0.714583673395361	0.073781606444923	0.0154336865932709	0.0736946166981217	0.038401053286033	0.00885535660521049
Bacteria|Firmicutes|Erysipelotrichia|Erysipelotrichales|Erysipelotrichaceae|Ileibacterium|Unassigned	0.016125275473456	0.00541692246578311	0.00572453535854673	0.00372328542706084	0.00885614084806405	0.0710589607171489	0.0580097386046021	0.0336420135630434	0.0428624673872531	0.049842166472836	0.0052112284602557	0.0038972680151214	0.00179878761714604	0.0115185256287195	0.00184297825285662	0.00533798330990552	0.00529147191110327	0.00916103263159823	0.00175682085697721	0.0559294543149574	0.0559161258112831	0.0388726919339164	0.0449357418890986	0.0285306704707561	0.0507825960788581	0.0219350721863285	0.0120039784614329	0.0161768670800755	0.00731448634019676	0.0123974992472947
Bacteria|Firmicutes|Erysipelotrichia|Erysipelotrichales|Erysipelotrichaceae|Turicibacter|Unassigned	0.700553634457922	0.559748654797588	1.1315498225394	0.592002382902673	0.249743171915406	2.12630274761315	0.882451175136674	0.561290436814987	0.260901975400671	2.52718244078935	0.0607976653696498	0.0233836080907284	0.00539636285143813	0.0287963140717988	0.0313306302985625	0.556929592000142	0.380985977599436	1.08100185052859	1.42478171500852	0.76996215440258	1.34198701947079	1.34464175280502	0.239058146850004	0.531383737517832	2.62437201878956	0.0119645848289064	0.00857427032959495	0.0125820077289476	0.0932597008375087	0.0265660698156315
Bacteria|Firmicutes|Negativicutes|Selenomonadales|Sporomusaceae|Unassigned|Unassigned	0.0179169727482844	0.0325015347946986	0.0171736060756402	0.0632958522600343	0.00885614084806405	0.0455506158443262	0.042188900803347	0.0159356906351258	0.0298173686172195	0.0239980801535877	0.0225819899944414	0.0175377060680463	0.00899393808573022	0.00575926281435976	0.0221157390342794	0.0498211775591182	0.0423317752888262	0.0366441305263929	0.0685160134221113	0.0186431514383191	0.0139790314528208	0.0229702270518597	0.00179742967556394	0.00713266761768902	0.018136641456735	0.0279173646007817	0.00857427032959495	0	0.0219434590205903	0
Bacteria|Firmicutes|Negativicutes|Veillonellales|Veillonellaceae|Unassigned|Unassigned	0.232920645727698	0.388212776714456	0.183185131473495	0.0093082135676521	0.129299656381735	0.163982217039574	0.0386731590697347	0.138109318837757	0.00186358553857622	0.0350741171475513	0.00694830461367426	0.0058459020226821	0.129512708434515	0.00191975427145325	0.00184297825285662	0.27401647657515	0.0934826704294911	0.0787848806317448	0.0404068797104759	0.0727082906094446	0.277583624563155	0.00530082162735224	0	0.00534950071326676	0.0507825960788581	0.163515992661721	0.00685941626367596	0.00179742967556394	0	0.0035421426420842
Bacteria|Proteobacteria|Betaproteobacteria|Burkholderiales|Sutterellaceae|Turicimonas|Unassigned	0.0358339454965689	0.0433353797262648	0.0515208182269206	0.0688807804006255	0.0318821070530306	0.0218642956052766	0.00527361260041837	0	0.0093179276928811	0.0166140554909453	0.00173707615341857	0.0175377060680463	0.00179878761714604	0.00575926281435976	0.00921489126428308	0.00711731107987402	0.0229297116147808	0.00183220652631965	0.0228386711407038	0.0335576725889744	0.0119820269595607	0.021203286509409	0	0.00178316690442225	0.0253912980394291	0.0139586823003908	0.260657818019687	0.711782151523322	0.0347438101159346	0.692488886527461
Bacteria|Proteobacteria|Deltaproteobacteria|Desulfovibrionales|Desulfovibrionaceae|Desulfovibrio|Unassigned	1.54444305090212	2.13426745151854	0.513300003816357	1.6587236577556	2.88533068829927	0.756140223015815	1.52758978325452	2.83301166846681	2.59038389862095	1.38450462424544	1.983740967204	1.78689738493316	2.56327235443311	1.67786523325014	1.97198673055658	1.22773616127827	1.79733662580474	1.98427966800418	1.47572951986086	2.37140886295419	0.744882675986021	1.03719409841859	1.81360654264402	1.30527817403709	0.825217186281444	1.05288346494377	2.45395616833008	0.267817021659028	0.656475149032659	0.184191417388378
Bacteria|Proteobacteria|Gammaproteobacteria|Enterobacterales|Enterobacteriaceae|Pseudescherichia|Unassigned	0.00537509182448534	0.0794481961648189	0.041979925962676	0.0130314989947129	0.00354245633922562	0	0.0246101921352857	0.0283301166846681	0.0409988818486769	0.0129220431596242	0.0173707615341857	0.0136404380529249	0	0.0710309080437704	0.0276446737928492	0.00177932776996851	0.0176382397036776	0.0109932391579179	0.0122977459988405	0.0335576725889744	0.017973040439341	0.0123685837971552	0.0143794374045115	0.00891583452211127	0.0018136641456735	0.313073303023052	0.655074253181054	18.7705581019143	1.28003510953443	30.5084745762712
Bacteria|Unassigned|Unassigned|Unassigned|Unassigned|Unassigned|Unassigned	0.0394173400462258	0.0379184572604817	0.0572453535854673	0.0688807804006255	0.0655354422756739	0.0291523941403688	0.028125933868898	0.0159356906351258	0.0242266120014909	0.0295360986505695	0.0347415230683713	0.0370240461436533	0.0233842390228986	0.0115185256287195	0.0147438260228529	0.0676144552588032	0.0211658876444131	0.0439729566316715	0.0298659545686126	0.0111858908629915	0.0439340988517224	0.0424065730188179	0.0251640154578952	0.0124821683309558	0.0362732829134701	0.00797638988593762	0.0188633947251089	0.0143794374045115	0.0128003510953443	0.0920957086941891
Bacteria|Verrucomicrobia|Verrucomicrobiae|Verrucomicrobiales|Akkermansiaceae|Akkermansia|Unassigned	1.587443785498	2.02954028384674	13.3591573483952	1.29198004319011	3.63987388855432	0.204066758982581	0.0527361260041837	0.0761371885900455	0.111815132314573	0.103376345276993	0.232768204558088	0.190966132740949	0.100732106560178	0.122864273373008	0.0534463693328419	16.3680361559403	0.151688861451627	0.111764598105498	0.117706997417473	0.0633867148902851	0.203694458312531	0.16609241099037	0.188730115934214	0.0998573466476462	0.0816148865553077	0.113663555874611	0.120039784614329	0.233665857823313	0.0640017554767216	0.0814692807679365
