Order	NC1	NC2	NC3	NC4	NC5	NC6	NC7	NC8	NC9	NC10	NC11	NC12	NC13	NC14	NC15	HD1	HD2	HD3	HD4	HD5	HD6	HD7	HD8	HD9	HD10	HD11	HD12	HD13	HD14	HD15
Bacteria|Acidobacteria|Acidobacteria_Gp15|Unassigned	0.0637337023818195	0.00346482338062817	0.0123324113387713	0.0751019850820148	0.00174052285306506	0.0306356905795251	0.0276582136251275	0.33296724369367	0.0480060918075121	0.039866447401206	0.0363545912021889	0.0219579139981702	0.029508765839264	0.0728931087976375	0.0495986185866231	0.00179169727482844	0	0.00190817845284891	0	0.00177122816961281	0	0	0	0	0	0	0	0	0	0.00184297825285662
Bacteria|Actinobacteria|Actinobacteria|Bifidobacteriales	0.291354068031175	1.44656376141226	0.445728581244164	0.0682745318927407	1.01472482333693	0.0272317249595779	0.409687289322201	0.882101703188466	0.0546276217119966	0.0996661185030149	0.143504965271798	0.109789569990851	0.206561360874848	0.0149524325738744	0.159817771001341	0.0609177073441671	0.0397240980824094	0.112582528718086	0.0335095688435475	0.0389670197314818	0.0145761970701844	0.00527361260041837	0.00354126458558351	0.0093179276928811	0.0129220431596242	0.0330044469149528	0.0272808761058498	0.00719515046858417	0.0115185256287195	0.0165868042757095
Bacteria|Actinobacteria|Coriobacteriia|Coriobacteriales	0.34962488163741	1.2178854182908	0.401684255034266	0.0477921723249185	0.835450969471229	0.21615181686665	0.252381199329288	1.08780921499922	0.160572100183747	0.255809704157738	0.0344411916652316	0.0969807868252516	0.112827634091304	0.0261667570042801	0.110219152414718	0.102126744665221	0.142645624932288	0.265236804945999	0.0651574949735647	0.0478231605795459	0.00728809853509219	0.0105472252008367	0.0106237937567505	0.00372717107715244	0.00923003082830297	0.00173707615341857	0	0.00359757523429209	0.00383950854290651	0
Bacteria|Actinobacteria|Coriobacteriia|Eggerthellales	0.398790880617671	1.03424977911751	0.209650992759113	0.390871695085941	1.11915619452083	0.374436218194196	0.179778388563329	0.549134459494796	0.180436689897201	0.112954934303417	0.0420947898130609	0.0365965233302836	0.0451310536365214	0.0242977029325458	0.0661314914488308	0.0824180746421085	0.0956989635621682	0.0591535320383162	0.0986670638171122	0.0425094760707074	0.0674149114496028	0.0351574173361225	0.00708252917116702	0.033544539694372	0.0516881726384966	0.0052112284602557	0.0155890720604856	0.00359757523429209	0.0211172969859858	0.0165868042757095
Bacteria|Actinobacteria|Unassigned|Unassigned	0.00728385170077937	0.0121268818321986	0.00880886524197953	0.0341372659463704	0.0104431371183904	0.0306356905795251	0.0155577451641342	0.0313791119711312	0.0480060918075121	0.0348831414760552	0.0631421847195913	0.0384263494967978	0.00520742926575247	0.0859764872997776	0.113893124161875	0.00537509182448534	0.0126394857534939	0.124031599435179	0.00372328542706084	0.00708491267845124	0.00182202463377305	0	0.00177063229279176	0.00186358553857622	0.00923003082830297	0.00694830461367426	0.13835301453681	0.00359757523429209	0.0307160683432521	0.00737191301142646
Bacteria|Bacteroidetes|Bacteroidia|Bacteroidales	29.2810838371331	24.5881191206278	36.3541868536495	14.9384675781317	21.0220350193198	13.9920006807931	23.1430102508254	23.1752174746788	17.4808389478389	12.2772046975964	23.8065170388229	29.8225068618481	18.5332407568131	28.6768966226193	32.4356595697779	10.2718004765915	15.1186306020006	31.0365225355875	28.8554620597215	17.4643097523823	33.0478828073756	15.9649832123332	6.80631053349151	14.230339172568	20.8894057706153	11.9858254585881	21.2362134143965	4.55992660946522	16.4158187751968	8.00958348691485
Bacteria|Candidatus_Saccharibacteria|Unassigned|Unassigned	0.340520067011436	0.472948391455746	0.327689787001638	0.175806919623807	0.819786263793643	0.158284401327547	0.210893878891597	0.101110471906978	0.114221390852356	0.174415707380276	0.133937967587012	0.129917657822507	0.223919458427356	0.0934527035867148	0.325146499623418	0.00358339454965689	0	0.0248063198870358	0.035371211557078	0.00531368450883843	0.00546607390131915	0	0	0.016772269847186	0.00184600616566059	0.00868538076709283	0.0370240461436533	0.00359757523429209	0.0307160683432521	0
Bacteria|Deferribacteres|Deferribacteres|Deferribacterales	0.145677034015587	0.107409524799473	0.227268723243072	0.945602266714459	0.0591777770042121	0.0782912092587865	0.364742692181369	0.0174328399839618	0.225132016752471	0.194348931080879	0.0478349884239328	0.0274473924977127	0.0451310536365214	0.0542025680802946	0.0238808163565222	20.647519395123	0.82517785562096	0.0896843872838988	0.169409486931268	8.42396117467852	1.81655855987173	1.02483871534797	0.683464065017618	3.85203130823705	0.286130955677392	0.229294052251251	0.830118087220858	2.84208443509075	1.89095795738146	1.80243273129377
Bacteria|Firmicutes|Bacilli|Lactobacillales	4.10445043338918	8.41952081492646	1.56093092087877	1.31599160223258	3.86396073380444	0.539528550761637	2.833238258224	8.33987064832732	1.16207849823702	0.882045148751682	1.86747794807034	1.0576395242452	2.14893247700052	0.469132572005308	1.05810386318129	0.499883539677136	0.297930735618071	0.129756134793726	0.474718891950257	0.180665273300507	0.482836527949858	0.771705310527889	0.0619721302477115	0.806932538203504	0.21782872754795	0.991870483602001	0.812580381152812	0.25902541686903	0.464580533691688	0.184297825285662
Bacteria|Firmicutes|Clostridia|Clostridiales	52.0321946245174	49.3702683505708	47.1855675551875	69.9523785140048	59.2212900755387	57.0266360309761	50.0579093847776	39.7590781514216	61.0786472214405	68.4224514542948	59.8894055067639	59.1015553522415	66.2523867384135	61.2657234173785	52.8849863144552	55.2774443230072	69.6417608609296	40.6632828302103	58.7050413284682	58.8596833044033	54.5659937322353	73.7286198955825	83.6871646865095	72.1207603428997	66.2420852485647	79.6310450250139	68.8277017810515	85.4639972658428	74.4384718755999	83.6933284187247
Bacteria|Firmicutes|Erysipelotrichia|Erysipelotrichales	0.673756282322092	1.49853611212168	0.801606737020137	0.663969822656903	1.64479409614648	0.563356310101268	0.803816833480268	1.66832278646514	0.607525368736447	0.727562665072009	0.145418364808756	0.12259835315645	0.135393160909564	0.104667028017121	0.119404081782611	4.6046619963091	5.31941786139901	9.32526809907263	3.1703775411423	4.62821920719827	5.3676845710954	2.64559565454322	1.23236007578306	1.1908311591502	6.11212641450222	0.604502501389661	0.691765072684049	0.15469573507456	0.479938567863314	0.394397346111316
Bacteria|Firmicutes|Negativicutes|Selenomonadales	0.0145677034015587	0.0138592935225127	0.0264265957259386	0.0221892228651407	0.0261078427959759	0.0221257765296571	0.00864319175785234	0.0313791119711312	0.0165538247612111	0.019933223700603	0.0153071962956585	0.0128087831655993	0.0225655268182607	0.0112143244304058	0.0238808163565222	0.0179169727482844	0.0325015347946986	0.0171736060756402	0.0632958522600343	0.00885614084806405	0.0455506158443262	0.042188900803347	0.0159356906351258	0.0298173686172195	0.0239980801535877	0.0225819899944414	0.0175377060680463	0.00899393808573022	0.00575926281435976	0.0221157390342794
Bacteria|Firmicutes|Negativicutes|Veillonellales	0.187559181295069	0.138592935225127	0.153274255210444	0.174100056326489	0.368990844849793	0.214449834056676	0.0276582136251275	0.0714746439342433	0.0993229485672665	0.114616036278467	0.0937565773109083	0.137236962488564	0.197882312098594	0.050464459936826	0.350864301853519	0.232920645727698	0.388212776714456	0.183185131473495	0.0093082135676521	0.129299656381735	0.163982217039574	0.0386731590697347	0.138109318837757	0.00186358553857622	0.0350741171475513	0.00694830461367426	0.0058459020226821	0.129512708434515	0.00191975427145325	0.00184297825285662
Bacteria|Proteobacteria|Alphaproteobacteria|Rhodospirillales	0	0	0	0	0	0	0	0	0	0	0.0746225819413352	0.128087831655993	0.0867904877625412	0.0728931087976375	0.0863383360581957	0	0	0.00190817845284891	0	0	0	0	0	0	0	0.0729571984435798	0.113020772438521	0.0773478675372799	0.00767901708581302	0.00184297825285662
Bacteria|Proteobacteria|Betaproteobacteria|Burkholderiales	0.203947847621822	0.142057758605755	0.112753475097338	0.0665676685954222	0.085285619800188	0.165092332567441	0.0743314491175301	0.109826891898959	0.153950570279263	0.0348831414760552	0.223867745824005	0.292772186642269	0.149279638951571	0.082238379156309	0.2149273472087	0.0430007345958827	0.0343071756166263	0.0343472121512804	0.0335095688435475	0.0265684225441921	0.0473726404780993	0.0210944504016735	0.00531189687837527	0.0149086843086098	0.0147680493252847	0.01215953307393	0.0370240461436533	0.00179878761714604	0.00959877135726627	0.0147438260228529
Bacteria|Proteobacteria|Deltaproteobacteria|Desulfovibrionales	0.52625828538131	0.452159451171977	0.762847729955427	0.732244354549644	0.231489539457653	18.4597055569739	15.2396757074452	9.98553074281331	9.39429555198729	9.91013438314978	0.357805713411017	0.591033851784081	0.727304287450095	1.09339663196456	2.59933501111376	1.54444305090212	2.13426745151854	0.513300003816357	1.6587236577556	2.88533068829927	0.756140223015815	1.52758978325452	2.83301166846681	2.59038389862095	1.38450462424544	1.983740967204	1.78689738493316	2.56327235443311	1.67786523325014	1.97198673055658
Bacteria|Proteobacteria|Deltaproteobacteria|Unassigned	0.023672518027533	0.0433102922578522	0.0281883687743345	0.0187754962705037	0.027848365649041	0.0663773295889711	0.0311154903282684	0.0400955319631121	0.0182092072373322	0.019933223700603	0.145418364808756	0.0365965233302836	0.0433952438812706	0.0411191895781545	0.128589011150504	0.00358339454965689	0.0018056408219277	0.00763271381139564	0.00186164271353042	0.00354245633922562	0.0036440492675461	0	0	0.00372717107715244	0	0	0	0.00359757523429209	0.00191975427145325	0
Bacteria|Unassigned|Unassigned|Unassigned	0.502585767353777	0.107409524799473	0.304786737372492	0.141669653677437	0.0626588227103422	0.81354778316739	0.598108869643382	5.63603716681485	0.993229485672665	0.244181990332386	5.35560530394352	0.843549862763037	3.21471966672453	0.289703381118816	1.16832301559601	0.0394173400462258	0.0379184572604817	0.0572453535854673	0.0688807804006255	0.0655354422756739	0.0291523941403688	0.028125933868898	0.0159356906351258	0.0242266120014909	0.0295360986505695	0.0347415230683713	0.0370240461436533	0.0233842390228986	0.0115185256287195	0.0147438260228529
Bacteria|Verrucomicrobia|Verrucomicrobiae|Verrucomicrobiales	4.6252458299949	3.74547407445905	4.95586758513768	2.72244695922304	2.29574964319281	0.651859416219896	0.376843160642362	1.83916461830797	2.12220033438726	1.07141077390741	0.340585117578402	1.03019213174748	0.288144419371637	0.160738650169149	1.06912577842276	1.587443785498	2.02954028384674	13.3591573483952	1.29198004319011	3.63987388855432	0.204066758982581	0.0527361260041837	0.0761371885900455	0.111815132314573	0.103376345276993	0.232768204558088	0.190966132740949	0.100732106560178	0.122864273373008	0.0534463693328419
