Species	NC1	NC2	NC3	NC4	NC5	NC6	NC7	NC8	NC9	NC10	NC11	NC12	NC13	NC14	NC15	MD1	MD2	MD3	MD4	MD5	MD6	MD7	MD8	MD9	MD10	MD11	MD12	MD13	MD14	MD15
Bacteria|Acidobacteria|Acidobacteria_Gp15|Unassigned|Unassigned|Gp15|Unassigned	0.0637337023818195	0.00346482338062817	0.0123324113387713	0.0751019850820148	0.00174052285306506	0.0306356905795251	0.0276582136251275	0.33296724369367	0.0480060918075121	0.039866447401206	0.0363545912021889	0.0219579139981702	0.029508765839264	0.0728931087976375	0.0495986185866231	0	0	0	0	0.00186431514383191	0	0	0.00179742967556394	0.00178316690442225	0	0	0	0.00359485935112789	0.00182862158504919	0
Bacteria|Actinobacteria|Actinobacteria|Bifidobacteriales|Bifidobacteriaceae|Bifidobacterium|Unassigned	0.291354068031175	1.44656376141226	0.445728581244164	0.0682745318927407	1.01472482333693	0.0272317249595779	0.409687289322201	0.882101703188466	0.0546276217119966	0.0996661185030149	0.143504965271798	0.109789569990851	0.206561360874848	0.0149524325738744	0.159817771001341	0.245547232255654	0.0194020636740453	0.0238186848421554	0.00702728342790886	0.0167788362944872	0.379430853719421	0.0353388108490149	0.0503280309157904	0.0374465049928673	0.35729183669768	0.0398819494296881	0.130328909009843	0.0772894760492496	0.0640017554767216	0.0035421426420842
Bacteria|Actinobacteria|Coriobacteriia|Coriobacteriales|Atopobiaceae|Olsenella|Unassigned	0.34962488163741	1.2178854182908	0.401684255034266	0.0477921723249185	0.835450969471229	0.21615181686665	0.252381199329288	1.08780921499922	0.160572100183747	0.255809704157738	0.0344411916652316	0.0969807868252516	0.112827634091304	0.0261667570042801	0.110219152414718	0.0284692443194961	0.00352764794073551	0.00366441305263929	0.00527046257093164	0.00559294543149574	0.00998502246630055	0.00883470271225373	0.00898714837781972	0.00178316690442225	0.010881984874041	0.00398819494296881	0	0.00359485935112789	0.00548586475514757	0.00885535660521049
Bacteria|Actinobacteria|Coriobacteriia|Eggerthellales|Eggerthellaceae|Adlercreutzia|Unassigned	0.244009031976109	0.44522980441072	0.0704709219358362	0.134842200488163	0.466460124621436	0.302952940175304	0.0950751093363757	0.364346355664801	0.0943568011389031	0.0647829770269597	0.0133937967587012	0.0128087831655993	0.0104148585315049	0.0149524325738744	0.0275547881036795	0.0658351274888347	0.0352764794073551	0.0256508913684751	0.0825705802779291	0.0354219877328064	0.0159760359460809	0.0229702270518597	0.00718971870225577	0.00178316690442225	0.0308322904764496	0.0179468772433597	0.0102891243955139	0.00718971870225577	0.00731448634019676	0
Bacteria|Actinobacteria|Coriobacteriia|Eggerthellales|Eggerthellaceae|Enteroscipio|Unassigned	0.0837642945589628	0.294509987353395	0.0880886524197953	0.114359840920341	0.224527448045393	0.0578674155391031	0.0691455340628187	0.174328399839618	0.0695260639970865	0.0348831414760552	0.0248741939804451	0.0237877401646844	0.0329803853497657	0.00560716221520289	0.0330657457244154	0.00355865553993701	0.00529147191110327	0.00732882610527859	0.0140545668558177	0.0261004120136468	0	0.00176694054245075	0	0	0.0018136641456735	0.00398819494296881	0.0137188325273519	0.00179742967556394	0.00914310792524595	0.00708428528416839
Bacteria|Actinobacteria|Coriobacteriia|Eggerthellales|Eggerthellaceae|Unassigned|Unassigned	0.0710175540825989	0.294509987353395	0.0510914184034813	0.141669653677437	0.428168621854005	0.013615862479789	0.0155577451641342	0.0104597039903771	0.0165538247612111	0.013288815800402	0.00382679907391462	0	0.00173580975525082	0.00373810814346859	0.0055109576207359	0.00355865553993701	0.0176382397036776	0.0164898587368768	0.0193250294267494	0.00559294543149574	0.017973040439341	0.00353388108490149	0.00179742967556394	0.00356633380884451	0.00362732829134701	0.00797638988593762	0.00171485406591899	0.00179742967556394	0.0182862158504919	0
Bacteria|Actinobacteria|Unassigned|Unassigned|Unassigned|Unassigned|Unassigned	0.00728385170077937	0.0121268818321986	0.00880886524197953	0.0341372659463704	0.0104431371183904	0.0306356905795251	0.0155577451641342	0.0313791119711312	0.0480060918075121	0.0348831414760552	0.0631421847195913	0.0384263494967978	0.00520742926575247	0.0859764872997776	0.113893124161875	0.0409245387092756	0.00352764794073551	0.00183220652631965	0	0.0242360968698149	0.131802296555167	0.144889124480961	0.0503280309157904	0.00356633380884451	0.0489689319331846	0.00398819494296881	0.00685941626367596	0.00359485935112789	0.00182862158504919	0
Bacteria|Bacteroidetes|Bacteroidia|Bacteroidales|Bacteroidaceae|Bacteroides|Unassigned	0.58270813606235	0.424440864126951	0.521484822325188	0.469387406762592	0.480384307445957	0.440813547783167	0.385486352400214	0.331223959695274	0.35921799731828	0.539858141891331	1.09255113560263	0.806953339432754	0.394028814441937	0.383156084705531	0.883590205191322	0.72596573014715	1.24702354705	1.29170560105535	0.878410428488607	1.54738156938049	5.31203195207189	4.71596430780104	1.24022647613912	0.763195435092725	2.35594972522988	4.19558108000319	2.43509277360497	41.9322369012312	0.985627034341513	36.4291660025149
Bacteria|Bacteroidetes|Bacteroidia|Bacteroidales|Bacteroidaceae|Phocaeicola|Unassigned	0.0127467404763639	0.0121268818321986	0.0105706382903754	0.0136549063785481	0.00522156855919518	0.00340396561994724	0.00691455340628187	0.00697313599358471	0.0115876773328478	0.00996661185030149	0.00191339953695731	0.0219579139981702	0.00347161951050165	0.0130833785021401	0.0404136892187299	0.224195299016032	0.104065614251698	0.0732882610527859	0.0878410428488607	0.065251030034117	0.283574638042936	0.341019524692994	0.030556304484587	0.0356633380884451	0.0507825960788581	0.207386137034378	0.106320952086977	0.0269614451334592	0.0219434590205903	0.00885535660521049
Bacteria|Bacteroidetes|Bacteroidia|Bacteroidales|Bacteroidaceae|Unassigned|Unassigned	0	0	0	0	0	0	0	0	0	0.00166110197505025	0	0	0	0	0	0.00355865553993701	0.00176382397036776	0.00366441305263929	0.00175682085697721	0	0.0299550673989016	0	0.00359485935112789	0	0	0.0239291696578129	0.00171485406591899	0.663251550283095	0.00182862158504919	0.308166409861325
Bacteria|Bacteroidetes|Bacteroidia|Bacteroidales|Muribaculaceae|Duncaniella|Unassigned	7.57520576881055	7.23281880706131	10.341607794084	4.07598955399662	5.76461168935148	1.74793634584291	3.35528704039828	4.76265188361836	2.45824297703984	1.92355608710819	9.34312993896256	12.9313815187557	7.29560840131922	16.9934396202082	12.6605066407039	3.24905250796249	3.73754299320928	4.20124956485095	5.10532141037578	6.52137437312403	12.7948077883175	7.45648908914215	2.72310595847937	2.9083452211127	7.78061918493933	5.9463986599665	2.97698665843537	1.30673137413499	4.40332077679845	1.04138993677275
Bacteria|Bacteroidetes|Bacteroidia|Bacteroidales|Muribaculaceae|Muribaculum|Unassigned	9.06475344161993	6.57623477643227	10.5230704180687	4.53001519108335	5.270303199081	4.22091736873458	6.50659475531124	4.59878318776912	4.25929911105961	3.55309712463248	1.89809234066165	2.94419030192132	1.49626800902621	3.03160570435303	4.14056615904624	4.46611270262095	3.63700502689832	5.0917019366423	4.42718855958258	5.56498070433826	6.8437343984024	4.45975792914568	2.05446211916959	2.87446504992867	6.72325298801168	2.01603254367073	1.05806495867202	0.24624786555226	1.12825951797535	0.46402068611303
Bacteria|Bacteroidetes|Bacteroidia|Bacteroidales|Muribaculaceae|Paramuribaculum|Unassigned	8.39828101099862	8.19603970687594	9.93639999295291	3.30790107020329	7.0787064434156	3.49417070887584	8.31302183270238	8.29977511636421	5.43627605158172	3.75409046361356	2.08177869620956	2.67520585544373	1.86946710640514	1.96250677532101	3.06776640887632	4.77037775128556	6.18573066407972	5.26759376316898	6.31577098083308	6.2976565558642	7.34697953070394	6.92640692640693	1.87831401096432	2.96540656205421	8.78176179335111	6.73207306373136	2.09726652261893	0.503280309157904	2.70087408111765	0.591537821228061
Bacteria|Bacteroidetes|Bacteroidia|Bacteroidales|Muribaculaceae|Unassigned|Unassigned	0.149318959865977	0.220016284669889	0.267789503356178	0.109239251028385	0.328958819229296	1.38541400731853	1.74246745838303	1.43123616268326	1.1289708487146	1.18602681018588	0.792147408300327	1.50228728270814	0.890470404443673	1.20180176812515	1.14627918511307	0.26156118218537	0.352764794073551	0.426904120632478	0.563939495089686	0.727082906094446	0.447329006490265	0.394027740966516	0.133009795991732	0.194365192582026	0.304695576473149	0.263220866235942	0.1354734712076	0.0916689134537611	0.118860403028197	0.0920957086941891
Bacteria|Bacteroidetes|Bacteroidia|Bacteroidales|Porphyromonadaceae|Parabacteroides|Unassigned	0.0200305921771433	0.0259861753547113	0.0211412765807509	0.0221892228651407	0.0087026142653253	0.0476555186792613	0.0224722985704161	0.0575283719470739	0.0215199721895744	0.0116277138253517	0.0956699768478656	0.0439158279963403	0.0555459121680264	0.00934527035867148	0.0661314914488308	0.0871870607284568	0.051150895140665	0.056798402315909	0.0421637005674531	0.102537332910755	0.55317024463305	0.167859351532821	0.0539228902669183	0.0249643366619116	0.0671055733899197	0.526441732471883	0.312103439997256	8.24121506246068	0.153604213144132	12.8650620760498
Bacteria|Bacteroidetes|Bacteroidia|Bacteroidales|Porphyromonadaceae|Porphyromonas|Unassigned	0.191201107145459	0.192297697624864	0.264265957259386	0.215064775462133	0.167090193894246	0.660369330269764	0.454631886463033	0.920453951153182	0.486682447979606	0.141193667879271	0.363545912021889	0.35864592863678	0.548515882659261	0.325215408481767	0.666825872109043	0.014234622159748	0.0194020636740453	0.031147510947434	0.344336887967534	0.0242360968698149	2.71392910634049	0.881703330682923	0.0611126089691741	0.151569186875892	0.281117942579393	1.12666507138869	0.236649861096821	0.113238069560528	0.404125370295871	0.0265660698156315
Bacteria|Bacteroidetes|Bacteroidia|Bacteroidales|Porphyromonadaceae|Unassigned|Unassigned	0.69924976327482	0.452159451171976	1.10110815524744	0.291873623841467	0.438611758972395	0.134456641987916	0.212622517243168	0.209194079807541	0.142362892946415	0.149499177754522	0.114803972217439	0.188472095150961	0.109356014580802	0.100928919873652	0.38944100519867	0.0729524385687087	0.126995325866479	0.190549478737243	0.0860842219918835	0.31134062901993	0.305541687468797	0.215566746178991	0.133009795991732	0.108773181169757	0.317391225492863	0.0777698013878918	0.0480159138457317	0.0197717264312034	0.0457155396262297	0.0265660698156315
Bacteria|Bacteroidetes|Bacteroidia|Bacteroidales|Prevotellaceae|Prevotellamassilia|Unassigned	1.31291426906548	0.672175735841865	2.38720248057645	0.638366873197126	0.42642809900094	0.548038464811505	0.693183978979758	0.674650907379321	1.27298912413713	0.26909851995814	1.16717371754396	2.81061299176578	0.699531331366082	0.211203110105975	0.780718996270919	2.82201384317005	0.165799453214569	0.756701295370014	1.20869274960032	0.169652678088704	1.5217174238642	3.02500220867568	0.508672598184596	0.174750356633381	0.741788635580463	1.28021057669299	0.209212196042117	0.00539228902669183	0.128003510953443	0.0230239271735473
Bacteria|Bacteroidetes|Bacteroidia|Bacteroidales|Prevotellaceae|Prevotella|Unassigned	0.775730206133003	0.27545345875994	0.493296453550854	0.669090412548859	0.57437254151147	0.250191473066122	0.910992411277637	0.786221083276677	0.83762353291728	0.109632730353316	4.94039760442378	3.22781335773102	2.78771046693282	2.15688839878138	4.26731818432316	1.14944573939965	0.268101243495899	0.531339892632698	0.439205214244303	0.180838568951696	0.605092361457813	0.613128368230409	0.0898714837781972	0.153352353780314	0.955801004769937	2.41086384302465	0.341255959117879	0.0233665857823313	0.901510441429251	0.0938667800152312
Bacteria|Bacteroidetes|Bacteroidia|Bacteroidales|Rikenellaceae|Alistipes|Unassigned	0.511690581979751	0.337820279611247	0.514437730131604	0.650314916278355	0.492567967417412	0.859501319036678	0.489204653494442	0.981468891097049	1.08427552185933	0.543180345841431	1.93253353232689	2.23970722781336	2.34160735983336	2.30267461637665	4.18832779175928	0.66724791373819	0.617338389628715	0.577145055790689	0.903005920486288	0.618952627752195	0.834747878182726	2.19984097535118	0.17794553788083	0.222895863052782	1.65950269329126	1.46765573901252	0.800836848784168	0.104250921182709	0.952711845810628	0.0637585675575155
Bacteria|Bacteroidetes|Bacteroidia|Bacteroidales|Rikenellaceae|Rikenella|Unassigned	0.0145677034015587	0	0.00176177304839591	0	0	0.250191473066122	0.0743314491175301	0.15515227585726	0.0264861196179377	0.124582648128769	0.0631421847195913	0.0988106129917658	0.0676965804547822	0	0.17451365798997	0	0	0	0	0	0	0	0	0.00178316690442225	0	0	0	0	0.00182862158504919	0
Bacteria|Bacteroidetes|Bacteroidia|Bacteroidales|Unassigned|Unassigned|Unassigned	0.00910481462597421	0.00346482338062817	0.00704709219358362	0.00341372659463704	0.00522156855919518	0.00340396561994724	0.0051859150547114	0.00174328399839618	0.00165538247612111	0.0116277138253517	0.0153071962956585	0.0164684354986276	0.00867904877625412	0.00934527035867148	0.020206844609365	0.0782904218786143	0.0617338389628715	0.0329797174737536	0.0298659545686126	0.0354219877328064	0.0619071392910634	0.0795123244102836	0.00359485935112789	0.0320970042796006	0.0507825960788581	0.0438701443726569	0.0120039784614329	0.00539228902669183	0.0164575942654427	0.0053132139631263
Bacteria|Candidatus_Saccharibacteria|Unassigned|Unassigned|Unassigned|Saccharibacteria_genera_incertae_sedis|Unassigned	0.340520067011436	0.472948391455746	0.327689787001638	0.175806919623807	0.819786263793643	0.158284401327547	0.210893878891597	0.101110471906978	0.114221390852356	0.174415707380276	0.133937967587012	0.129917657822507	0.223919458427356	0.0934527035867148	0.325146499623418	0.00355865553993701	0.185201516888615	0.0183220652631965	0.0421637005674531	0.0111858908629915	0	0.00353388108490149	0	0	0.0253912980394291	0	0.00171485406591899	0	0	0.00885535660521049
Bacteria|Deferribacteres|Deferribacteres|Deferribacterales|Deferribacteraceae|Mucispirillum|Unassigned	0.145677034015587	0.107409524799473	0.227268723243072	0.945602266714459	0.0591777770042121	0.0782912092587865	0.364742692181369	0.0174328399839618	0.225132016752471	0.194348931080879	0.0478349884239328	0.0274473924977127	0.0451310536365214	0.0542025680802946	0.0238808163565222	0.0943043718083308	0.065261486903607	0.126422250316056	0.110679713989564	0.177109938664032	0.0559161258112831	0.130753600141355	2.25217938348162	0.511768901569187	0.0761738941182872	0.0937225811597671	0.0788832870322735	0.030556304484587	0.0603445123066233	0.0017710713210421
Bacteria|Firmicutes|Bacilli|Lactobacillales|Lactobacillaceae|Lactobacillus|Unassigned	3.48532303882293	7.43551097482806	1.03239900636	1.0138767986072	3.18863786681519	0.408475874393669	2.26451624055731	7.4839182051148	1.01474945786224	0.712612747296557	1.06576354208522	0.521500457456542	1.058843950703	0.104667028017121	0.420669765049507	0.373658831693386	0	0.00549661957895894	0.0122977459988405	0.020507466582151	0.0479281078382426	0.0247371675943105	0.0143794374045115	0.00178316690442225	0.00725465658269402	0.0398819494296881	0.121754638680248	1.74889907432372	0.13531799729364	0.0796982094468944
Bacteria|Firmicutes|Bacilli|Lactobacillales|Lactobacillaceae|Ligilactobacillus|Unassigned	0.269502512928837	0.744937026835057	0.412254893324642	0.187754962705037	0.461238556062241	0.071483278018892	0.382029075697073	0.657218067395359	0.0645599165687232	0.116277138253517	0.637162045806785	0.435498627630375	0.973789272695713	0.34390594919911	0.562117677315061	0.0302485720894646	0.0564423670517682	0.177724033053006	0.115950176560496	0.123044799492906	0.529206190713929	1.49836557999823	0.0575177496180462	0.021398002853067	0.204944048461106	4.35311478025046	0.855712178893576	0.208501842365417	4.02296748710822	0.513610683102208
Bacteria|Firmicutes|Bacilli|Lactobacillales|Lactobacillaceae|Limosilactobacillus|Unassigned	0.34962488163741	0.239072813263344	0.11627702119413	0.114359840920341	0.214084310927002	0.0595693983490767	0.186692941969611	0.198734375817164	0.0827691238060554	0.0531552632016079	0.164552360178329	0.10064043915828	0.116299253601805	0.0205595947890772	0.0753164208167239	0.103201010658173	0.0105829438222065	0.0146576522105572	0.00878410428488607	0.0894871269039318	0.035946080878682	0.227935329976146	0.113238069560528	0.014265335235378	0.0562235885158786	0.372896227167584	0.471584868127722	0.210299272040981	0.2267490765461	0.035421426420842
Bacteria|Firmicutes|Clostridia|Clostridiales|Christensenellaceae|Christensenella|Unassigned	0.0855852574841576	0.0589019974706789	0.0475678723066895	0.0256029494597778	0.0539562084450169	0.049357501489235	0.134833791422497	0.0749612119310357	0.0480060918075121	0.0315609375259547	0.172205958326158	0.0695333943275389	0.0538101024127756	0.0616787843672317	0.235134191818065	0	0	0	0.00175682085697721	0.00186431514383191	0	0.00176694054245075	0	0	0	0	0	0.00179742967556394	0	0
Bacteria|Firmicutes|Clostridia|Clostridiales|Clostridiaceae_1|Clostridium_sensu_stricto|Unassigned	0.0182096292519484	0.0329158221159676	0.00704709219358362	0.00682745318927407	0.0087026142653253	0.00680793123989448	0.0224722985704161	0.0889074839182051	0.0115876773328478	0.0166110197505025	0.0191339953695731	0.00731930466605672	0.0156222877972574	0.0018690540717343	0.0055109576207359	0.0391452109393071	0.00176382397036776	0.00366441305263929	0.00351364171395443	0	0.0259610584123814	0.0600759784433254	0.0161768670800755	0.112339514978602	0.17592542213033	0.00199409747148441	0	0.00179742967556394	0	0.0035421426420842
Bacteria|Firmicutes|Clostridia|Clostridiales|Clostridiaceae_2|Alkaliphilus|Unassigned	0.344161992861825	0.110874348180102	0.211412765807509	0.0614470787034666	0.240192153722978	4.42855927155136	1.22214731456032	9.05461708766975	3.69646906917843	0.214282154781482	10.8585423722327	1.45471180237877	5.12931782676619	4.29321720277368	0.238808163565222	0.0943043718083308	0.0546785430814005	0.0971069458949413	0.0755432968500202	0.0540651391711255	0.0778831752371443	0.113084194716848	0.0359485935112789	0.0374465049928673	0.0616645809528991	0.0398819494296881	0.0377267894502178	0.0215691561067673	0.0146289726803935	0.118661778509821
Bacteria|Firmicutes|Clostridia|Clostridiales|Clostridiales_Incertae_Sedis_XIII|Aminipila|Unassigned	0.156602811566757	0.155917052128268	0.167368439597611	0.252615768003141	0.160128102481986	0.120840779508127	0.155577451641342	0.0104597039903771	0.0496614742836332	0.101327220478065	0.0229607944434877	0.0311070448307411	0.0190939073077591	0.0112143244304058	0.020206844609365	0.0836284051885198	0.153452685421995	0.203374924421481	0.158113877127949	0.398963440780029	0.219670494258612	0.14135524339606	0.0665048979958659	0.0891583452211127	0.152347788236574	0.0677993140304698	0.0514456219775697	0.00718971870225577	0.177376293749771	0.0017710713210421
Bacteria|Firmicutes|Clostridia|Clostridiales|Clostridiales_Incertae_Sedis_XIII|Ihubacter|Unassigned	0.0965110350353267	0.223481108050517	0.0722326949842321	0.116066704217659	0.342883002053817	0.241681559016254	0.152120174938201	0.395725467635933	0.183747454849443	0.101327220478065	0.0153071962956585	0.0182982616651418	0.0433952438812706	0.0299048651477487	0.0367397174715726	0.0569384886389922	0.0352764794073551	0.0439729566316715	0.049190983995362	0.173381308376368	0.0898652021967049	0.159024648820567	0.0251640154578952	0.0196148359486448	0.0979378638663692	0.0717875089734386	0.0205782487910279	0.0449357418890986	0.0530300259664265	0.0283371411366736
Bacteria|Firmicutes|Clostridia|Clostridiales|Clostridiales_Incertae_Sedis_XI|Unassigned|Unassigned	0.0437031102046762	0.0294509987353395	0.036997234016314	0.052912762216874	0.0330699342082362	0.0204237937196834	0.00864319175785234	0.0139462719871694	0.0132430598089689	0.0315609375259547	0.0440081893500182	0.0311070448307411	0.0260371463287624	0.0242977029325458	0.0257178022301009	0.0355865553993701	0.0194020636740453	0.0183220652631965	0.0193250294267494	0.00745726057532765	0.0239640539191213	0.0282710486792119	0.0269614451334592	0.0196148359486448	0.0163229773110615	0.00997048735742203	0.00857427032959495	0.030556304484587	0.0201148374355411	0.0301082124577157
Bacteria|Firmicutes|Clostridia|Clostridiales|Eubacteriaceae|Eubacterium|Unassigned	1.95025129288368	1.23174471181332	1.40589489261993	0.662262959359585	0.487346398858217	0.187218109097098	0.210893878891597	0.472429963565364	0.278104255988346	0.172754605405226	0.168379159252243	0.0567246111619396	0.0451310536365214	0.0149524325738744	0.0257178022301008	0.0533798330990552	2.66161037128495	2.99565767053262	0.989090142478172	1.4485728667574	0.091862206689965	1.9047619047619	0.0988586321560169	0.098074179743224	1.68852131962203	0.223338916806253	0.125184346812086	0.138402085018424	1.00391325019201	0.0885535660521049
Bacteria|Firmicutes|Clostridia|Clostridiales|Heliobacteriaceae|Hydrogenispora|Unassigned	0.140214145240003	0.109141936489787	0.179700850936382	0.0921706180552	0.107912416890034	0.0527614671091822	0.0605023423049664	0.0993671879085822	0.0811137413299343	0.0664440790020099	0.0727091824043778	0.104300091491308	0.0815830584967887	0.0691550006541689	0.090012307805353	0.117435632817921	0.0370403033777229	0.0971069458949413	0.0702728342790886	0.0577937694587893	0.0898652021967049	0.0812792649527343	0.0557203199424822	0.0534950071326676	0.0417142753504906	0.0558347292015634	0.0480159138457317	0.0683023276714299	0.0274293237757379	0.0867824947310628
Bacteria|Firmicutes|Clostridia|Clostridiales|Lachnospiraceae|Acetatifactor|Unassigned	0.178454366669095	0.195762521005492	0.320642694808055	0.296994213733422	0.445573850384656	0.885031061186282	0.305968988227973	0.123773163886129	0.144018275422536	0.264115214032989	1.09637793467654	0.570905763952425	0.617948272869293	0.196250677532101	0.589672465418741	0.761552285546521	1.88376400035276	1.0535187526338	1.89209606296446	0.542515706855087	0.593110334498253	0.554819330329534	0.75671789341242	1.90977175463623	0.525962602245316	0.604211533859775	0.83170422197071	0.106048350858273	3.82181911275281	0.0991799939783575
Bacteria|Firmicutes|Clostridia|Clostridiales|Lachnospiraceae|Anaerocolumna|Unassigned	0.227620365649355	0.197494932695806	3.39317489121051	0.568385478007066	0.268040519372019	2.38788188239299	0.330169925149959	0.130746299879713	0.743266731778377	0.629557648544044	0.449648891184968	2.25251601097896	0.682173233813574	0.261667570042801	1.35753256057461	0.546253625380331	0.58206191022136	0.718224958317301	0.690430596792045	1.46162307276422	0.443334997503744	0.371057513914657	0.801653635301519	0.581312410841655	0.310136568910169	0.35295525245274	0.423568954281991	0.0575177496180462	3.1708298284753	0.0779271381258523
Bacteria|Firmicutes|Clostridia|Clostridiales|Lachnospiraceae|Anaerosporobacter|Unassigned	0.0473450360550659	0.0155917052128268	0.0334736879195222	0.0307235393517333	0.0330699342082362	0.0119138796698153	0.0103718301094228	0.00871641999198089	0.0314522670463011	0.0149499177754522	0.0746225819413352	0.0567246111619396	0.069432390210033	0.0112143244304058	0.0587835479545162	0.00177932776996851	0.0987741423405944	0.223529196210997	0.122977459988405	0.00932157571915957	0.0159760359460809	0.226168389433696	0.780084479194752	0.333452211126961	0.141465803362533	0.478583393156257	0.121754638680248	0.0179742967556394	0.208462860695608	0.0035421426420842
Bacteria|Firmicutes|Clostridia|Clostridiales|Lachnospiraceae|Anaerostipes|Unassigned	0.151139922791172	0.0675640559222494	0.507390637938021	0.116066704217659	0.156647056775855	0.146370521657731	0.055316427250255	0.0889074839182051	0.0695260639970865	0.0581385691267587	0.00574019861087194	0.0969807868252516	0.029508765839264	0.00560716221520289	0.18737255910502	0.010675966619811	0.00176382397036776	0.00183220652631965	0.00878410428488607	0.00559294543149574	0.00399400898652022	0	0.00359485935112789	0.00178316690442225	0.00906832072836752	0.00199409747148441	0.00514456219775697	0	0	0.0123974992472947
Bacteria|Firmicutes|Clostridia|Clostridiales|Lachnospiraceae|Anaerotaenia|Unassigned	0.11654162721247	1.28371706252274	1.71420517608922	0.689572772116681	0.941622863508198	4.90000850991405	5.6077028124946	1.70667503442986	2.48472909665778	6.50155313034667	1.50201863651149	1.72186642268984	0.696059711855581	0.207465001962507	0.843176515972592	0.0587178164089607	0.0564423670517682	0.0787848806317448	0.0509478048523392	0.100673017766923	0.0399400898652022	0.0300379892216627	0.0269614451334592	0.0677603423680457	0.021763969748082	0.0259232671292973	0.0342970813183798	0.0197717264312034	0.0713162418169184	0.0850114234100207
Bacteria|Firmicutes|Clostridia|Clostridiales|Lachnospiraceae|Anaerotignum|Unassigned	0.0892271833345473	0.0710288793028775	0.209650992759113	0.098998071244474	0.0661398684164723	0.0255297421496043	0.0829746408753824	0.0278925439743389	0.0645599165687232	0.0664440790020099	0.0956699768478656	0.0878316559926807	0.0260371463287624	0.125226622806198	0.0881753219317743	0.0907457162683938	0.0705529588147103	0.111764598105498	0.0527046257093164	0.329983780458249	0.0678981527708437	0.0901139676649881	0.253437584254516	0.115905848787447	0.0725465658269402	0.0658052165589854	0.0463010597798127	0.0143794374045115	0.314522912628461	0.0035421426420842
Bacteria|Firmicutes|Clostridia|Clostridiales|Lachnospiraceae|Blautia|Unassigned	0.11654162721247	0.0952826429672747	0.163844893500819	0.397699148275215	0.243673199429109	0.14126457322781	0.257567114384	0.0941373359133937	0.283070403416709	0.33222039501005	2.10473949065304	1.72003659652333	1.31400798472487	0.0915836495149805	0.338005400738468	0.0711731107987402	0.308669194814358	0.379266750948167	0.238927636548901	0.322526519882921	0.976535197204194	0.181994875872427	0.190527545609778	0.438659058487874	0.295627255744781	0.173486480019143	0.125184346812086	0.938258290644378	0.24869253556669	0.487044613286577
Bacteria|Firmicutes|Clostridia|Clostridiales|Lachnospiraceae|Caecibacterium|Unassigned	0.284070216330396	0.0363806454965958	0.459822765631331	0.488162903033096	0.107912416890034	0.0561654327291294	0.103718301094228	0.0104597039903771	0.00827691238060554	0.189365625155728	0.086102979163079	0.184812442817932	0.0867904877625412	0.162607704240884	0.00734794349431453	0	0	0	0	0	0	0	0.00179742967556394	0	0	0	0	0	0	0
Bacteria|Firmicutes|Clostridia|Clostridiales|Lachnospiraceae|Clostridium_XlVa|Unassigned	0.968752276203656	2.77878835126379	0.325928013953243	1.5942103196955	1.04257318898597	2.79125180835674	3.2895987830386	2.27149904991022	2.10564650962605	1.56475806049733	0.487916881924115	0.825251601097896	1.10918243360528	0.487823112722651	0.839502544225435	1.09072792299069	0.536202486991798	0.52034665347478	0.639482791939706	0.412013646786853	1.52770843734398	0.879936390140472	3.28929630628202	1.59950071326676	0.796198559950668	0.634122995932041	0.363549061974826	0.0575177496180462	0.581501664045642	0.0690717815206418
Bacteria|Firmicutes|Clostridia|Clostridiales|Lachnospiraceae|Dorea|Unassigned	0.00364192585038969	0.0415778805675381	0.00176177304839591	0.00170686329731852	0.57089149580534	0	0.0121004684609933	0.00174328399839618	0	0.00498330592515074	0	0.00731930466605672	0	0	0	0	0	0	0	0	0	0	0	0.00178316690442225	0	0	0	0	0	0
Bacteria|Firmicutes|Clostridia|Clostridiales|Lachnospiraceae|Eisenbergiella|Unassigned	5.32085366741933	1.07409524799473	3.33503638061345	4.00259443221192	2.79876074772862	1.62198961790486	1.58343273003855	0.400955319631121	1.14055852604744	4.26737097390409	3.18198342996001	3.26623970722781	13.4612046519701	4.09883557931331	5.01864540661682	1.43591751036458	8.93729605785343	6.24232763517104	3.72621703764867	2.19616323943399	1.69945082376435	5.25134729216362	4.87283185045385	8.05456490727532	6.26076863086494	4.61832974395788	8.88294406146037	0.377460231868428	5.46209267454193	0.315250695145494
Bacteria|Firmicutes|Clostridia|Clostridiales|Lachnospiraceae|Enterocloster|Unassigned	8.21618471847913	4.71215979765431	3.26456545867761	6.16348336661717	8.21178682076096	1.25095736533061	1.18411727082577	1.53931977058383	8.59309043354467	1.20762113586153	2.58691617396629	2.15919487648673	2.54296129144246	5.15298207577145	1.29874901262009	3.53730360669739	3.26483816915072	5.80443027538064	3.81932854306846	5.246182814743	1.03045431852222	2.57443237035074	1.58353554417183	9.44186875891583	2.22355224259572	5.93443407513759	7.85917618410673	0.341511638357149	10.5511465457338	0.398491047234472
Bacteria|Firmicutes|Clostridia|Clostridiales|Lachnospiraceae|Faecalicatena|Unassigned	0.0473450360550659	0.0467751156384803	0.0510914184034813	0.0375509925410074	0.0435130713266265	0.013615862479789	0.0138291068125637	0.0104597039903771	0.0165538247612111	0.00830550987525124	0.030614392591317	0.0256175663311985	0.0104148585315049	0.0242977029325458	0.0312287598508367	0.0124552943897795	0.00529147191110327	0.0146576522105572	0.00702728342790886	0.00745726057532765	0.0299550673989016	0.0300379892216627	0.0287588748090231	0.0392296718972896	0.0399006112048171	0.0139586823003908	0.0120039784614329	0.0287588748090231	0.0237720806056395	0.0123974992472947
Bacteria|Firmicutes|Clostridia|Clostridiales|Lachnospiraceae|Faecalimonas|Unassigned	0.0182096292519484	0.0502399390191085	0.0281883687743345	0.155324560055985	0.114874508302294	0.107224917028338	0.0829746408753824	0.0453253839583006	0.0827691238060554	0.297337253533994	0.0688823833304632	0.0640439158279963	0.0815830584967888	0.0691550006541689	0.17451365798997	0.204622693546378	0.058206191022136	0.0604628153685483	0.0544614465662936	0.065251030034117	0.0778831752371443	0.173160173160173	0.882537970701896	0.194365192582026	0.288372599162087	0.197415649676956	0.16977055252598	0.0233665857823313	0.424240207731412	0.0123974992472947
Bacteria|Firmicutes|Clostridia|Clostridiales|Lachnospiraceae|Hespellia|Unassigned	0.0364192585038969	0.0277185870450254	0.0317119148711263	0.179220646218444	0.121836599714554	0.328482682324909	0.0968037476879462	0.115056743894148	0.446953268552699	0.345509210810452	0.0382679907391462	0.0640439158279963	0.135393160909564	0.0168214866456087	0.106545180667561	0.346968915143859	0.27515653937737	0.185052859158284	0.203791219409357	0.0503365088834617	0.0818771842236645	0.0335718703065642	0.312752763548126	0.105206847360913	0.00544099243702051	0.153545505304299	0.0188633947251089	0.00359485935112789	0.0841165929122627	0.0035421426420842
Bacteria|Firmicutes|Clostridia|Clostridiales|Lachnospiraceae|Hungatella|Unassigned	0.264039624153252	0.133395700154185	0.121562340339317	1.85023981429327	0.751905872524106	0.67228320993958	0.625767083268509	0.207450795809145	1.26636759423265	1.13785485290942	1.13081912634177	0.349496797804209	0.322860614476653	3.17552286787657	1.05626687730771	0.122773616127827	1.80086427374548	1.20192748126569	3.13416840884735	2.70325695855627	0.0898652021967049	0.222634508348794	0.0700997573469938	0.146219686162625	0.35729183669768	0.315067400494536	0.306958877799499	0.0521254605913544	0.596130636726036	0.0885535660521049
Bacteria|Firmicutes|Clostridia|Clostridiales|Lachnospiraceae|Kineothrix|Unassigned	4.07167310073567	4.11447776449595	3.52530786984021	11.1714202809497	4.54102412364674	6.4964683856693	6.87825200089889	2.90605442532643	7.90610670595441	9.31545987608179	8.52036813807091	7.59560841720037	10.4929699704912	14.8907537895071	6.41108069878943	2.97503603138734	6.85598377281947	5.32255995895857	5.98197501800741	14.5099647644438	2.31652521218173	6.18959272020497	8.39040172553249	8.85520684736091	2.8202477465223	9.58562654542554	13.0123126521933	0.605733800665049	9.87821380243572	0.499442112533872
Bacteria|Firmicutes|Clostridia|Clostridiales|Lachnospiraceae|Lachnospiracea_incertae_sedis|Unassigned	0.996066720081579	1.73587651369471	0.961928084424164	3.94626794340041	6.32331952518537	1.2067058122713	2.48059603450362	0.700800167355264	1.4981211408896	2.23418215644258	1.10785833189828	0.622140896614822	1.47370248220795	0.342036895127376	1.22343259180337	5.32730734328571	4.06208660375694	2.83259128969017	2.98835227771824	3.98963440780029	10.072890664004	4.81137909709338	4.63736856295497	1.32489300998573	5.91254511489562	2.15561936667464	2.00637925712522	0.18693268625865	2.07182825586073	0.258576412872146
Bacteria|Firmicutes|Clostridia|Clostridiales|Lachnospiraceae|Lachnotalea|Unassigned	0.00182096292519484	0.00173241169031409	0	0.00170686329731852	0.0087026142653253	0.0221257765296571	0.00345727670314094	0.0122029879887733	0.00165538247612111	0	0.00191339953695731	0.00731930466605672	0.00173580975525082	0.121488514662729	0	0.00355865553993701	0.0123467677925743	0.439729566316715	0.28987544140124	0.00559294543149574	0	0.00176694054245075	0.00359485935112789	0.158701854493581	0.00906832072836752	0.0498524367871101	0.00514456219775697	0.00179742967556394	0.0256007021906887	0.0035421426420842
Bacteria|Firmicutes|Clostridia|Clostridiales|Lachnospiraceae|Lacrimispora|Unassigned	2.59487216840265	6.39259913725898	5.65176793925407	10.364073941318	4.80036202875344	11.3181856863246	5.38125118843887	7.11085542945801	9.27510801370657	10.2639491038355	3.81531867669288	15.0594693504117	5.99895851414685	12.5581743079827	4.33161268989841	12.4570737175495	2.82388217655878	4.4577584785357	3.39417789567998	12.0770335017431	6.11482775836246	8.57672939305592	31.2123663161679	13.6840228245364	9.65413424742006	10.863843024647	15.3376547655794	0.526646894940235	8.30194199612332	0.402033189876556
Bacteria|Firmicutes|Clostridia|Clostridiales|Lachnospiraceae|Marvinbryantia|Unassigned	0.0528079248306504	0.0363806454965958	0.0475678723066895	0.0716882584873777	0.0504751627388868	0.0255297421496043	0.0328441286798389	0.0209194079807541	0.0711814464732076	0.0448497533263567	0.0631421847195913	0.0969807868252516	0.0503384829022739	0.063547838438966	0.157980785127762	0.290030426504866	0.338654202310609	0.703567306106744	0.440962035101281	0.570480434012566	0.818771842236645	0.584857319551197	0.328929630628202	0.784593437945792	0.531403594682337	0.344978862566802	0.0703090167026786	0.00539228902669183	0.245035292396591	0.0017710713210421
Bacteria|Firmicutes|Clostridia|Clostridiales|Lachnospiraceae|Mediterraneibacter|Unassigned	0.0910481462597422	0.0710288793028775	0.214936311904301	0.208237322272859	0.102690848330839	0.0868011233086546	0.11236149285208	0.0627582239422624	0.0976675660911454	0.101327220478065	0.0172205958326158	0.0731930466605673	0.0520742926575247	0.0280358110760144	0.135936954644819	0.112097649508016	0.153452685421995	0.227193609263636	0.156357056270972	0.329983780458249	0.0659011482775836	0.0406396324763672	0.181540397231958	0.00891583452211127	0.00725465658269402	0.0319055595437505	0.0222931028569469	0.00539228902669183	0.0274293237757378	0.0141685705683368
Bacteria|Firmicutes|Clostridia|Clostridiales|Lachnospiraceae|Merdimonas|Unassigned	0.267681550003642	0.377665748488471	0.192033262275154	0.809053202928977	0.541302607303234	0.633137605310186	0.636138913377932	0.109826891898959	0.599248456355841	0.777395724323516	0.828501999502516	0.477584629460201	0.784586009373373	0.257929461899333	0.439039623785293	0.186829415846693	0.474468648028927	0.31147510947434	0.562182674232709	0.197617405246183	0.405391912131802	0.114851135259299	0.56079805877595	0.189015691868759	0.214012369189474	0.14955731036133	0.15262201186679	0.0431383122135346	0.197491131185313	0.0637585675575155
Bacteria|Firmicutes|Clostridia|Clostridiales|Lachnospiraceae|Muricomes|Unassigned	0.122004515988054	0.0744937026835057	0.0458060992582935	0.145083380272074	0.198419605249417	0.0663773295889711	0.240280730868295	0.0226626919791503	0.115876773328478	0.126243750103819	0.091843177773951	0.0475754803293687	0.140600590175317	0.0130833785021401	0.0422506750923085	0.163698154837103	0.343945674221713	0.393924403158724	0.574480420231549	0.344898301608904	0.237643534697953	0.240303913773302	0.257032443605644	0.174750356633381	0.467925349583764	0.42075456648321	0.567616695819186	0.0143794374045115	0.797279011081447	0.0106264279262526
Bacteria|Firmicutes|Clostridia|Clostridiales|Lachnospiraceae|Murimonas|Unassigned	0.00364192585038969	0.28411551721151	0.0493296453550854	0.0187754962705037	0.0121836599714554	0.0340396561994724	0.160763366696054	0.0244059759775465	0.0513168567597543	0.0714273849271607	0.030614392591317	0.00731930466605672	0.0138864780420066	0	0.0110219152414718	0.00177932776996851	0.00705529588147103	0.0384763370527126	0.00878410428488607	0.0745726057532765	0	0.00353388108490149	0	0.00178316690442225	0.0018136641456735	0	0.00342970813183798	0	0.0402296748710822	0.00885535660521049
Bacteria|Firmicutes|Clostridia|Clostridiales|Lachnospiraceae|Roseburia|Unassigned	0.0145677034015587	0.0259861753547113	0.0334736879195222	0.0238960861624592	0.0783235283879277	0.142966556037784	0.226451624055731	0.0209194079807541	0.544620834643844	0.139532565904221	0.0229607944434877	0.0311070448307411	0.0312445755945148	0.031773919219483	0.0495986185866231	1.11919716731019	2.35823264838169	2.275600505689	1.07868800618401	0.784876675553235	1.10234648027958	1.71216538563477	1.49905634942033	1.36590584878745	1.10633512886084	0.408789981654303	1.08550262372672	0.0359485935112789	1.29832132538492	0.0265660698156315
Bacteria|Firmicutes|Clostridia|Clostridiales|Lachnospiraceae|Ruminococcus2|Unassigned	0.069196591157404	0.109141936489787	0.230792269339864	0.510352125898237	0.219305879486198	0.525912688281848	0.388943629103355	0.381779195648763	1.16538926318926	0.129565954053919	0.317624323134914	0.150045745654163	0.433952438812706	0.175691082743024	0.25534103642743	0.11921496058789	0.0211658876444131	0.0183220652631965	0.0193250294267494	0.208803296109174	0.0159760359460809	0.0106016432547045	0.00539228902669183	0.00178316690442225	0.00725465658269402	0.00598229241445322	0.0102891243955139	0.0143794374045115	0.0128003510953443	0.0106264279262526
Bacteria|Firmicutes|Clostridia|Clostridiales|Lachnospiraceae|Schaedlerella|Unassigned	0.395148954767281	0.431370510888207	0.144465389968464	0.566678614709748	0.701430709785219	0.406773891583695	0.717384915901744	0.2736955877482	1.06937707957424	1.02656102058105	0.210473949065304	0.131747483989021	0.284672799861135	0.155131487953947	0.135936954644819	0.70283446913756	0.694946644324896	0.905110024001905	0.627185045940865	0.902328529614646	0.435346979530704	0.422298789645728	0.310955333872562	0.472539229671897	0.38812412717413	0.289144133365239	0.190348801317008	0.0557203199424822	0.475441612112789	0.0743849954837681
Bacteria|Firmicutes|Clostridia|Clostridiales|Lachnospiraceae|Sellimonas|Unassigned	0.0145677034015587	0.00692964676125635	0.00352354609679181	0.00170686329731852	0.174052285306506	0.022125776529657	0.0051859150547114	0.0209194079807541	0.01489844228509	0.00664440790020099	0.0248741939804451	0.0329368709972553	0.0104148585315049	0.018690540717343	0.0165328728622077	0.0124552943897795	0.319252138636564	0.267502152842668	0.498937123381529	0.870635172169503	1.36395406889666	0.0159024648820567	0.0143794374045115	0.119472182596291	0.0435279394961641	0.701922309962511	0.394416435161368	0.0197717264312034	0.960026332150825	0.0123974992472947
Bacteria|Firmicutes|Clostridia|Clostridiales|Lachnospiraceae|Stomatobaculum|Unassigned	0.318668511909098	0.195762521005492	0.398160708937475	0.585454110980252	0.325477773523166	1.00076589226449	0.719113554253315	0.0906507679166013	0.367494909698886	1.24084317536254	0.244915140730536	0.199451052150046	0.355840999826419	0.0672859465824346	1.07647372191708	0.00711731107987402	0.158744157333098	0.0769526741054252	0.0808137594209519	0.0633867148902851	0.00399400898652022	0.00883470271225373	0.00539228902669183	0.00713266761768902	0.00544099243702051	0.0338996570152349	0.0548753301094077	0.0107845780533837	0.0658303770617708	0.017710713210421
Bacteria|Firmicutes|Clostridia|Clostridiales|Lachnospiraceae|Syntrophococcus|Unassigned	0.0546288877558453	0.0415778805675381	0.0581385105970649	0.0358441292436889	0.0191457513837157	0.0102118968598417	0.101989662742658	0.00871641999198089	0.0331076495224222	0.0597996711018089	0.0229607944434877	0.0164684354986276	0.0416594341260198	0.00560716221520289	0.0330657457244154	0.0124552943897795	0.58206191022136	0.0641272284211876	0.92057412905606	0.316933574451425	0.0219670494258612	0.0229702270518597	0.0143794374045115	0.0927246790299572	0.0634782450985727	0.00199409747148441	0.0154336865932709	0.00539228902669183	0.00548586475514757	0.0106264279262526
Bacteria|Firmicutes|Clostridia|Clostridiales|Lachnospiraceae|Unassigned|Unassigned	13.0053172117416	6.68710912461237	10.315181198358	14.173792820933	10.6589619521704	7.64190281678155	9.79792217670141	4.00780991231281	8.1643463722293	19.3667879271108	13.0130302508467	11.035681610247	13.8291963200833	7.91731304786648	15.3645498466117	18.3964698137044	25.5454625628362	21.7281371956247	20.3264173152264	5.53888029232461	11.400898652022	12.6300909974379	13.8222342050867	20.9664764621969	15.30913905363	12.0283959479939	19.3246904688411	0.808843354003775	13.0161284423801	0.811150665037281
Bacteria|Firmicutes|Clostridia|Clostridiales|Peptococcaceae_1|Unassigned|Unassigned	0.0946900721101318	0.0381130571869099	0.00880886524197953	0	0.0348104570613012	0.013615862479789	0.0414873204376912	0.00174328399839618	0.0430399443791488	0.0514941612265577	0.0937565773109083	0.0768526989935956	0.0104148585315049	0.050464459936826	0.156143799254184	0.010675966619811	0.137578269688685	0.197878304842522	0.326768679397762	0.149145211506553	0.00599101347978033	0.153723827193215	0.215691561067673	0.176533523537803	0.0997515280120427	0.0618170216160166	0.222931028569469	0.0107845780533837	0.173719050579673	0.0053132139631263
Bacteria|Firmicutes|Clostridia|Clostridiales|Peptostreptococcaceae|Clostridioides|Unassigned	0	0	0	0.00512058989195555	0	0	0	0	0	0.00664440790020099	0.00191339953695731	0	0	0	0	0.00177932776996851	0.00705529588147103	0	0	0.00186431514383191	0	0	0	0	0	0.00997048735742203	0.0257228109887849	6.62892064347982	0.00914310792524595	1.77992667764731
Bacteria|Firmicutes|Clostridia|Clostridiales|Peptostreptococcaceae|Romboutsia|Unassigned	0.29317503095637	0.479878038217002	0.345307517485598	0.353320702544933	0.466460124621436	0.0544634499191558	0.0864319175785234	0.400955319631121	0.0629045340926021	0.0797328948024119	0.00574019861087194	0.00182982616651418	0.00520742926575247	0.0112143244304058	0.00367397174715726	0.797138840945891	0.765499603139607	2.2939225709522	3.18160257198573	1.90905870728388	1.60559161258113	1.98074034808729	0.413408825379707	0.460057061340941	2.17095598237118	0.516471245114461	0.282950920876633	0.352296216410533	0.512014043813773	0.350672121566335
Bacteria|Firmicutes|Clostridia|Clostridiales|Peptostreptococcaceae|Unassigned|Unassigned	0.813970427562095	0.649654383867782	0.70118567326157	0.641780599791763	0.758867963936366	0.274019232405753	0.413144566025342	0.685110611369698	0.513168567597543	0.275742927858341	0.304230526376213	0.406221408966148	0.303766707168894	0.21307216417771	0.405973878060878	0.293589082044803	0.213422700414499	0.282159805053226	0.205548040266334	0.21439624154067	0.245631552670994	0.293312130046824	0.226476139121057	0.174750356633381	0.190434735295718	0.191433357262503	0.142332887471276	0.262424732632336	0.153604213144132	0.322334980429662
Bacteria|Firmicutes|Clostridia|Clostridiales|Ruminococcaceae|Acetivibrio|Unassigned	0.0710175540825989	0.256396930166485	0.0440443262098976	0.512058989195555	0.13750130539214	0.566760275721215	0.691455340628187	0.0453253839583006	0.0281415020940588	0.446836431288517	0.367372711095804	0.0567246111619396	0.322860614476653	0.00934527035867148	0.637434098131785	0.00711731107987402	0.0952464943998589	0.0751204675791055	0.158113877127949	0.0354219877328064	0.0419370943584623	0.0547751568159731	0.0143794374045115	0.0249643366619116	0.141465803362533	0.0418760469011725	0.0325822272524608	0.00179742967556394	0.0896024576674103	0.017710713210421
Bacteria|Firmicutes|Clostridia|Clostridiales|Ruminococcaceae|Acutalibacter|Unassigned	0.0564498506810401	0.0381130571869099	0.199080354468737	0.349906975950296	0.109652939743099	0.137860607607863	0.129647876367785	0.144692571866883	0.203612044562896	0.20099333898108	0.176032757400073	0.182982616651418	0.118035063357056	0.0579406762237632	0.169002700369234	0.0391452109393071	0.186965340858982	0.262005533263709	0.421637005674531	0.288968847293947	0.595107338991513	0.0848131460376358	0.00179742967556394	0.130171184022825	0.0906832072836752	0.0717875089734386	0.0720238707685976	0.0197717264312034	0.131660754123542	0.0212528558525052
Bacteria|Firmicutes|Clostridia|Clostridiales|Ruminococcaceae|Anaerotruncus|Unassigned	0.149318959865977	0.0242537636643972	0.142703616920068	0.175806919623807	0.0191457513837157	0.0459535358692877	0.0155577451641342	0.0366089639663198	0.0264861196179377	0.0215943256756532	0.0478349884239328	0.0292772186642269	0.0312445755945148	0.0934527035867148	0.0440876609658872	0.0373658831693386	0.169327101155305	0.192381685263563	0.0421637005674531	0.283375901862451	0.00998502246630055	0.0371057513914657	0.030556304484587	0.0570613409415121	0.0308322904764496	0.0358937544867193	0.0531604760434887	0.00539228902669183	0.0512014043813773	0
Bacteria|Firmicutes|Clostridia|Clostridiales|Ruminococcaceae|Butyricicoccus|Unassigned	0.0910481462597422	0.020788940283769	0.0334736879195222	0.136549063785481	0.13750130539214	0.175304229427283	0.105446939445799	0.0278925439743389	0.076147593901571	0.106310526403216	0.0287009930543597	0.0439158279963403	0.109356014580802	0.106536082088855	0.139610926391976	0.169036138147008	0.283975659229209	0.371937924842888	0.198520756838425	0.270325695855627	0.0798801797304044	0.0777453838678328	0.141996944369552	0.12660485021398	0.107006184594737	0.0578288266730478	0.0754535789004356	0.00179742967556394	0.0256007021906887	0.0141685705683368
Bacteria|Firmicutes|Clostridia|Clostridiales|Ruminococcaceae|Cellulosibacter|Unassigned	0.058270813606235	0.0450427039481662	0.0704709219358362	0.0443784457302815	0.0748424826817976	0.0578674155391031	0.0224722985704161	0.0244059759775465	0.0480060918075121	0.0382053454261557	0.0631421847195913	0.0512351326623971	0.0243013365735115	0.0205595947890772	0.0532725903337803	0.0373658831693386	0.0335126554369874	0.031147510947434	0.0210818502837266	0.0298290423013106	0.0239640539191213	0.0388726919339164	0.0215691561067673	0.0303138373751783	0.0344596187677966	0.0119645848289064	0.0377267894502178	0.0377460231868428	0.0420582964561314	0.0673007101995997
Bacteria|Firmicutes|Clostridia|Clostridiales|Ruminococcaceae|Clostridium_IV|Unassigned	0.659188578920533	0.623668208513071	0.954880992230581	0.90975813747077	0.952066000626588	0.665475278699685	0.630952998323221	0.468943395568572	0.802860500918737	0.549824753741632	0.723265024969864	0.433668801463861	0.284672799861135	0.250453245612396	0.530888917464225	0.752655646696678	0.987741423405944	0.908774437054545	1.30531789673407	1.05333805626503	0.778831752371443	0.902906617192331	0.357688505437225	0.579529243937232	1.28770154342819	1.02696019781447	0.529889906368968	0.0287588748090231	0.788135903156201	0.0495899969891788
Bacteria|Firmicutes|Clostridia|Clostridiales|Ruminococcaceae|Dysosmobacter|Unassigned	0.1766334037439	0.252932106785857	0.459822765631331	0.525713895574103	0.737981689699586	0.350608458854566	0.0898891942816643	0.109826891898959	0.309556523034647	0.33554259896015	0.977747163385186	0.192131747483989	0.768963721576115	0.366334598059922	0.538236860958539	0.0533798330990552	0.169327101155305	0.152073141684531	0.24595491997681	0.240496653554317	0.0279580629056415	0.160791589363018	0.181540397231958	0.119472182596291	0.165043437256289	0.221344819334769	0.28809548307439	0.00898714837781972	0.261492886662034	0
Bacteria|Firmicutes|Clostridia|Clostridiales|Ruminococcaceae|Flavonifractor|Unassigned	0.101973923810911	0.020788940283769	0.093373971564983	0.0290166760544148	0.0452535941796916	0.0374436218194196	0.0224722985704161	0.0122029879887733	0.0430399443791488	0.0182721217255527	0.114803972217439	0.212259835315645	0.0347161951050165	0.19998878567557	0.123078053529768	0.163698154837103	0.40920716112532	0.26200553326371	0.365418738251261	0.283375901862451	0.956565152271593	0.0494743351886209	0.104250921182709	0.281740370898716	0.487875655186173	0.307091010608599	0.0463010597798127	0.00898714837781972	0.0548586475514757	0.0035421426420842
Bacteria|Firmicutes|Clostridia|Clostridiales|Ruminococcaceae|Flintibacter|Unassigned	1.05615849661301	0.663513677390295	1.15572311974771	1.12652977623022	1.31061370835799	0.682495106799421	0.689726702276617	0.25103289576905	0.890595772153156	0.739190378897361	0.841895796261217	1.26623970722781	0.768963721576115	1.54196960918079	1.76350643863549	1.47328339353392	3.67404533027604	3.42805841074406	4.22164051931624	2.85613080035049	1.68347478781827	2.75819418676562	1.63206614541206	3.98002853067047	2.299726136714	2.92534099066762	1.72171348218267	0.113238069560528	3.39940752660644	0.0867824947310628
Bacteria|Firmicutes|Clostridia|Clostridiales|Ruminococcaceae|Harryflintia|Unassigned	0.29317503095637	0.128198465083242	0.174415531791195	0.122894157406933	0.15490653392279	0.0646753467789975	0.0950751093363757	0.078447779927828	0.117532155804599	0.101327220478065	0.086102979163079	0.0768526989935956	0.124978302378059	0.155131487953946	0.117567095909032	0.177932776996851	0.0828997266072846	0.115429011158138	0.147572951986086	0.0801655511847723	0.337493759360959	0.173160173160173	0.194122404960906	0.144436519258203	0.13965213921686	0.151551407832815	0.209212196042117	0.00539228902669183	0.164575942654427	0.0035421426420842
Bacteria|Firmicutes|Clostridia|Clostridiales|Ruminococcaceae|Intestinimonas|Unassigned	0.274965401704421	0.233875578192402	0.297739645178908	0.319183436598563	0.283705225049605	0.153178452897626	0.150391536586631	0.196991091818768	0.198645897134533	0.129565954053919	0.112890572680481	0.265324794144556	0.0729040097205346	0.263536624114536	0.266362951668902	0.0729524385687087	0.167563277184937	0.197878304842522	0.20203439855238	0.246089598985813	0.0858711932101847	0.192596519127131	0.0683023276714299	0.0802425106990014	0.324645882075557	0.145569115418362	0.183489385053332	0.0125820077289476	0.166404564239476	0.0336503550997999
Bacteria|Firmicutes|Clostridia|Clostridiales|Ruminococcaceae|Lawsonibacter|Unassigned	1.29470463981353	0.590752386397103	0.828033332746076	0.836363015686074	0.710133324050545	0.565058292911242	0.409687289322201	0.193504523821976	0.922048039199457	0.358798026610854	0.445822092111054	0.283623055809698	0.258635653532373	0.396239463207671	0.567628634935797	0.341630931833953	0.77079107505071	1.06451199179171	1.55654327928181	0.855720651018848	0.381427858212681	0.957681774008305	0.544621191695875	0.893366619115549	0.42983840252462	1.1246709739172	1.05977981273794	0.0575177496180462	1.08985846468932	0.0247949984945894
Bacteria|Firmicutes|Clostridia|Clostridiales|Ruminococcaceae|Monoglobus|Unassigned	0.123825478913249	0.164579110579838	0.093373971564983	0.0426715824329629	0.135760782539075	0.0289337077695515	0.0432159587892617	0.0801910639262242	0.0165538247612111	0.0149499177754522	0.00956699768478656	0.0292772186642269	0.0190939073077591	0.0018690540717343	0.069805463195988	0	0.0423317752888262	0.0476373696843108	0.00878410428488607	0.0167788362944872	0.00399400898652022	0.0618429189857761	0.0107845780533837	0.00891583452211127	0.0362732829134701	0.0159527797718752	0.00514456219775697	0	0.00548586475514757	0.00885535660521049
Bacteria|Firmicutes|Clostridia|Clostridiales|Ruminococcaceae|Neglecta|Unassigned	0.0892271833345473	0.136860523534813	0.118038794242526	0.233840271732637	0.261078427959759	0.224661730916518	0.0674168957112483	0.048811951955093	0.294658080749557	0.141193667879271	0.0937565773109083	0.289112534309241	0.0676965804547821	0.0373810814346859	0.365560188842148	0.0693937830287717	0.0987741423405944	0.056798402315909	0.112436534846542	0.134230690355898	0.0978532201697454	0.0724445622404806	0.107845780533837	0.0659771754636234	0.105192520449063	0.175480577490628	0.123469492746167	0.00359485935112789	0.0987455655926563	0.00885535660521049
Bacteria|Firmicutes|Clostridia|Clostridiales|Ruminococcaceae|Oscillibacter|Unassigned	0.134751256464418	0.0692964676125634	0.144465389968464	0.110946114325704	0.14098235109827	0.263807335545911	0.22126570900102	0.029635827972735	0.248307371418166	0.161126891579874	0.308057325450127	0.466605672461116	0.272522131574379	0.328953516625236	0.47026838363613	0.270457821035213	0.257518299673693	0.403085435790322	0.525289436236187	0.240496653554317	0.694957563654518	0.869334746885767	0.9023096971331	0.761412268188302	0.330086874512578	0.909308446996889	0.459580889666289	0.0233665857823313	0.764363822550561	0.017710713210421
Bacteria|Firmicutes|Clostridia|Clostridiales|Ruminococcaceae|Papillibacter|Unassigned	0.00910481462597421	0.0103944701418845	0.00528531914518772	0.0238960861624592	0.0104431371183904	0.00510594842992086	0.00864319175785234	0.00174328399839618	0.00331076495224222	0.0116277138253517	0.00765359814782925	0.0128087831655993	0.00173580975525082	0.0224286488608115	0.0183698587357863	0.00889663884984253	0.051150895140665	0.0861137067370234	0.024595491997681	0.0559294543149574	0	0.00530082162735224	0.0233665857823313	0.0855920114122682	0.021763969748082	0.00997048735742203	0.00514456219775697	0.00179742967556394	0.0841165929122627	0.0017710713210421
Bacteria|Firmicutes|Clostridia|Clostridiales|Ruminococcaceae|Phocea|Unassigned	0.251292883676888	0.195762521005492	0.294216099082116	0.26456381108437	0.172311762453441	0.192324057527019	0.0916178326332348	0.134232867876506	0.183747454849443	0.167771299480075	0.202820350917475	0.139066788655078	0.0781114389862871	0.194381623460367	0.33616841486489	0.209960676856284	0.179910044977511	0.320636142105938	0.286361799687286	0.249818229273476	0.429355966050924	0.42583267073063	0.346903927383841	0.199714693295292	0.186807407004371	0.660046263061338	0.348115375381555	0.0179742967556394	0.448012288337052	0.0123974992472947
Bacteria|Firmicutes|Clostridia|Clostridiales|Ruminococcaceae|Ruminococcus|Unassigned	0.147497996940782	0.105677113109159	0.197318581420341	0.0102411797839111	0.205381696661677	0.224661730916518	0.172863835157047	0.106340323902167	0.0728368289493287	0.0963439145529144	0.0248741939804451	0.0128087831655993	0.0156222877972574	0.0261667570042801	0.0165328728622077	0.0213519332396221	0.246935355851486	0.130086663368695	0.0263523128546582	0.2628684352803	0.0199700449326011	0.0565420973584239	0.00898714837781972	0.0427960057061341	0.244844659665923	0.063811119087501	0.113180368350653	0.00539228902669183	0.539443367589511	0.0123974992472947
Bacteria|Firmicutes|Clostridia|Clostridiales|Ruminococcaceae|Ruthenibacterium|Unassigned	0.058270813606235	0.174973580721723	0.221983404097884	0.107532387731067	0.100950325477774	0.115734831078206	0.0760600874691006	0.0209194079807541	0.0132430598089689	0.0548163651766582	0.0650555842565486	0.0439158279963403	0.0121506682867558	0.0915836495149805	0.0257178022301009	0.00711731107987402	0.0158744157333098	0.00732882610527859	0.00878410428488607	0.00186431514383191	0.0339490763854219	0	0.0215691561067673	0.00178316690442225	0.00362732829134701	0	0.00171485406591899	0.00179742967556394	0.00182862158504919	0.0017710713210421
Bacteria|Firmicutes|Clostridia|Clostridiales|Ruminococcaceae|Unassigned|Unassigned	3.01187267827227	9.11595031443272	0.859745247617202	0.972912079471555	3.54544505169353	0.907156837715939	0.527234697228993	1.63520039049562	0.763131321491831	0.433547615488115	0.116717371754396	1.75114364135407	0.61100503384829	0.153262433882212	2.53320351966493	0.277575132115087	0.296322427021783	0.300481870316422	0.407582438818714	0.710304069799959	0.265601597603595	0.667903525046382	0.461939426619933	0.488587731811698	0.380869470591436	1.33604530589455	0.418424392084234	0.030556304484587	0.645503419522364	0.0106264279262526
Bacteria|Firmicutes|Clostridia|Clostridiales|Unassigned|Unassigned|Unassigned	0.874062204093525	1.13299724546541	0.773418368245803	1.06849642412139	1.26710063703136	0.968428218874989	1.19448910093519	1.82173177832401	1.80436689897201	1.15778807661002	1.28580448883531	0.550777676120769	0.555459121680264	1.24479001177504	0.720098462442824	0.117435632817921	0.319252138636564	0.30964290294802	0.34082324625358	0.384048919629374	0.0998502246630055	0.263274140825161	0.158173811449627	0.278174037089872	0.344596187677966	0.309085108080083	1.32043763075762	0.0395434528624068	1.19226127345207	0.0637585675575155
Bacteria|Firmicutes|Clostridia|Clostridiales|Vallitaleaceae|Unassigned|Unassigned	0.101973923810911	0.0589019974706789	0.0634238297422526	0.0802225749739703	0.271521565078149	0.0085099140498681	0.195336133727463	0.108083607900563	0.195335132182291	0.0797328948024119	0.0191339953695731	0.0256175663311985	0.100676965804548	0.00373810814346859	0.154306813380605	0.0284692443194961	0.0158744157333098	0.0293153044211143	0.0210818502837266	0	0.0199700449326011	0.0106016432547045	0.00718971870225577	0.0124821683309558	0.00725465658269402	0.00598229241445322	0	0.00179742967556394	0.00182862158504919	0.00885535660521049
Bacteria|Firmicutes|Clostridia|Clostridiales|Vallitaleaceae|Vallitalea|Unassigned	0.447956879597931	0.602879268229302	1.04120787160198	0.489869766330415	0.767570578201692	0.309760871415199	0.350913585368805	0.526471767515646	0.516479332549786	0.209298848856331	0.677343436082888	1.43824336688015	0.510328068043742	0.295310543334019	0.170839686242813	0.179712104766819	0.0352764794073551	0.0842815002107038	0.0368932379965215	0.13609500549973	0.0199700449326011	0.0159024648820567	0.0107845780533837	0.0374465049928673	0.014509313165388	0.00598229241445322	0.0154336865932709	0.00898714837781972	0.228577698131149	0.0460478543470946
Bacteria|Firmicutes|Erysipelotrichia|Erysipelotrichales|Erysipelotrichaceae|Allobaculum|Unassigned	0.114720664287275	0.124733641702614	0.121562340339317	0.095584344649837	0.085285619800188	0.326780699514935	0.304240349876402	0.39223889963914	0.297968845701799	0.264115214032989	0.0707957828674205	0.0640439158279963	0.0746398194757855	0.0728931087976375	0.0606205338280949	0.149463532677354	0.146397389540524	0.139247696000293	0.158113877127949	0.234903708122821	0.609086370444333	0.468239243749448	0.384649950570684	0.34771754636234	0.418956417650579	0.105687165988674	0.0891724114277875	0.138402085018424	0.0822879713272135	0.161167490214831
Bacteria|Firmicutes|Erysipelotrichia|Erysipelotrichales|Erysipelotrichaceae|Faecalibaculum|Unassigned	0.291354068031175	0.601146856538988	0.362925247969557	0.331131479679792	0.865039857973335	0.0442515530593141	0.145205621531919	0.634555375416209	0.0513168567597543	0.149499177754522	0.0191339953695731	0.00914913083257091	0.0104148585315049	0.0168214866456087	0.0110219152414718	1.60673297628156	0.359820089955022	0.793345425896407	2.05196676094939	1.36654300042879	0.523215177234149	0.174927113702624	0.141996944369552	0.0802425106990014	0.714583673395361	0.073781606444923	0.0154336865932709	0.0736946166981217	0.038401053286033	0.00885535660521049
Bacteria|Firmicutes|Erysipelotrichia|Erysipelotrichales|Erysipelotrichaceae|Ileibacterium|Unassigned	0.0182096292519484	0.0277185870450254	0.0123324113387713	0.0170686329731852	0.00522156855919518	0.0936090545485491	0.0535877888986845	0.0732179279326395	0.0827691238060554	0.0514941612265577	0.00191339953695731	0.00365965233302836	0	0.00373810814346859	0.00183698587357863	0.00533798330990552	0.00529147191110327	0.00916103263159823	0.00175682085697721	0.0559294543149574	0.0559161258112831	0.0388726919339164	0.0449357418890986	0.0285306704707561	0.0507825960788581	0.0219350721863285	0.0120039784614329	0.0161768670800755	0.00731448634019676	0.0123974992472947
Bacteria|Firmicutes|Erysipelotrichia|Erysipelotrichales|Erysipelotrichaceae|Turicibacter|Unassigned	0.249471920751693	0.744937026835057	0.304786737372492	0.220185365354089	0.689247049813764	0.0987150029784699	0.300783073173261	0.568310583477154	0.175470542468837	0.262454112057939	0.0535751870348047	0.0457456541628545	0.0503384829022739	0.0112143244304058	0.0459246468394658	0.556929592000142	0.380985977599436	1.08100185052859	1.42478171500852	0.76996215440258	1.34198701947079	1.34464175280502	0.239058146850004	0.531383737517832	2.62437201878956	0.0119645848289064	0.00857427032959495	0.0125820077289476	0.0932597008375087	0.0265660698156315
Bacteria|Firmicutes|Negativicutes|Selenomonadales|Sporomusaceae|Unassigned|Unassigned	0.0145677034015587	0.0138592935225127	0.0264265957259386	0.0221892228651407	0.0261078427959759	0.0221257765296571	0.00864319175785234	0.0313791119711312	0.0165538247612111	0.019933223700603	0.0153071962956585	0.0128087831655993	0.0225655268182607	0.0112143244304058	0.0238808163565222	0.0498211775591182	0.0423317752888262	0.0366441305263929	0.0685160134221113	0.0186431514383191	0.0139790314528208	0.0229702270518597	0.00179742967556394	0.00713266761768902	0.018136641456735	0.0279173646007817	0.00857427032959495	0	0.0219434590205903	0
Bacteria|Firmicutes|Negativicutes|Veillonellales|Veillonellaceae|Unassigned|Unassigned	0.187559181295069	0.138592935225127	0.153274255210444	0.174100056326489	0.368990844849793	0.214449834056676	0.0276582136251275	0.0714746439342433	0.0993229485672665	0.114616036278467	0.0937565773109083	0.137236962488564	0.197882312098594	0.050464459936826	0.350864301853519	0.27401647657515	0.0934826704294911	0.0787848806317448	0.0404068797104759	0.0727082906094446	0.277583624563155	0.00530082162735224	0	0.00534950071326676	0.0507825960788581	0.163515992661721	0.00685941626367596	0.00179742967556394	0	0.0035421426420842
Bacteria|Proteobacteria|Betaproteobacteria|Burkholderiales|Sutterellaceae|Parasutterella|Unassigned	0.203947847621822	0.142057758605755	0.112753475097338	0.0665676685954222	0.085285619800188	0.165092332567441	0.0743314491175301	0.109826891898959	0.153950570279263	0.0348831414760552	0.223867745824005	0.292772186642269	0.149279638951571	0.082238379156309	0.2149273472087	0.0213519332396221	0.0123467677925743	0.0366441305263929	0.0298659545686126	0.0466078785957978	0.0159760359460809	0.0671437406131284	0.00718971870225577	0.014265335235378	0.0544099243702051	0.0159527797718753	0.0120039784614329	0.032353734160151	0.00548586475514757	0.0301082124577157
Bacteria|Proteobacteria|Betaproteobacteria|Burkholderiales|Sutterellaceae|Turicimonas|Unassigned	0.0127467404763639	0.0259861753547113	0.00528531914518772	0.0119480430812296	0.0139241828245205	0.0527614671091822	0.0363014053829798	0.0366089639663198	0.0529722392358754	0.0149499177754522	0.00574019861087194	0.00731930466605672	0.00520742926575247	0.00373810814346859	0.00918492936789316	0.00711731107987402	0.0229297116147808	0.00183220652631965	0.0228386711407038	0.0335576725889744	0.0119820269595607	0.021203286509409	0	0.00178316690442225	0.0253912980394291	0.0139586823003908	0.260657818019687	0.711782151523322	0.0347438101159346	0.692488886527461
Bacteria|Proteobacteria|Deltaproteobacteria|Desulfovibrionales|Desulfovibrionaceae|Desulfovibrio|Unassigned	0.52625828538131	0.452159451171977	0.762847729955427	0.732244354549644	0.231489539457653	18.4597055569739	15.2396757074452	9.98553074281331	9.39429555198729	9.91013438314978	0.357805713411017	0.591033851784081	0.727304287450095	1.09339663196456	2.59933501111376	1.22773616127827	1.79733662580474	1.98427966800418	1.47572951986086	2.37140886295419	0.744882675986021	1.03719409841859	1.81360654264402	1.30527817403709	0.825217186281444	1.05288346494377	2.45395616833008	0.267817021659028	0.656475149032659	0.184191417388378
Bacteria|Proteobacteria|Deltaproteobacteria|Unassigned|Unassigned|Unassigned|Unassigned	0.023672518027533	0.0433102922578522	0.0281883687743345	0.0187754962705037	0.027848365649041	0.0663773295889711	0.0311154903282684	0.0400955319631121	0.0182092072373322	0.019933223700603	0.145418364808756	0.0365965233302836	0.0433952438812706	0.0411191895781545	0.128589011150504	0.00355865553993701	0	0.00183220652631965	0	0	0.00199700449326011	0	0	0	0	0.00199409747148441	0	0.00359485935112789	0	0.0017710713210421
Bacteria|Proteobacteria|Gammaproteobacteria|Enterobacterales|Enterobacteriaceae|Pseudescherichia|Unassigned	0.00546288877558453	0.00346482338062817	0.00704709219358362	0.0204823595678222	0.00174052285306506	0.0340396561994724	0.00172863835157047	0	0.00496614742836332	0.0116277138253517	0.0382679907391462	0.0365965233302836	0.00173580975525082	0	0	0.00177932776996851	0.0176382397036776	0.0109932391579179	0.0122977459988405	0.0335576725889744	0.017973040439341	0.0123685837971552	0.0143794374045115	0.00891583452211127	0.0018136641456735	0.313073303023052	0.655074253181054	18.7705581019143	1.28003510953443	30.5084745762712
Bacteria|Unassigned|Unassigned|Unassigned|Unassigned|Unassigned|Unassigned	0.502585767353777	0.107409524799473	0.304786737372492	0.141669653677437	0.0626588227103422	0.81354778316739	0.598108869643382	5.63603716681485	0.993229485672665	0.244181990332386	5.35560530394352	0.843549862763037	3.21471966672453	0.289703381118816	1.16832301559601	0.0676144552588032	0.0211658876444131	0.0439729566316715	0.0298659545686126	0.0111858908629915	0.0439340988517224	0.0424065730188179	0.0251640154578952	0.0124821683309558	0.0362732829134701	0.00797638988593762	0.0188633947251089	0.0143794374045115	0.0128003510953443	0.0920957086941891
Bacteria|Verrucomicrobia|Verrucomicrobiae|Verrucomicrobiales|Akkermansiaceae|Akkermansia|Unassigned	4.6252458299949	3.74547407445905	4.95586758513768	2.72244695922304	2.29574964319281	0.651859416219896	0.376843160642362	1.83916461830797	2.12220033438726	1.07141077390741	0.340585117578402	1.03019213174748	0.288144419371637	0.160738650169149	1.06912577842276	16.3680361559403	0.151688861451627	0.111764598105498	0.117706997417473	0.0633867148902851	0.203694458312531	0.16609241099037	0.188730115934214	0.0998573466476462	0.0816148865553077	0.113663555874611	0.120039784614329	0.233665857823313	0.0640017554767216	0.0814692807679365
