Mon Jul 29 09:33:20 2024
Group	Group
	diff	lwr	upr	p adj
MDB-MDC	37.8	-49.918842448467	125.518842448467	0.882346154014254
HDC-MDC	48.4000000000001	-39.3188424484668	136.118842448467	0.669726449298934
HDA-MDC	63.4	-24.318842448467	151.118842448467	0.323402140146061
HDB-MDC	63.6	-24.1188424484669	151.318842448467	0.319474853976879
MDA-MDC	75.8000000000001	-11.9188424484669	163.518842448467	0.13626768397789
NCB-MDC	152.2	64.4811575515331	239.918842448467	5.31196104147647e-05
NCC-MDC	173.6	85.8811575515331	261.318842448467	4.64148269052611e-06
NCA-MDC	181.4	93.6811575515332	269.118842448467	1.91685312844747e-06
HDC-MDB	10.6000000000001	-77.1188424484668	98.3188424484671	0.999977118110209
HDA-MDB	25.6	-62.1188424484669	113.318842448467	0.987035621584997
HDB-MDB	25.8000000000001	-61.9188424484669	113.518842448467	0.986379599278021
MDA-MDB	38.0000000000001	-49.7188424484668	125.718842448467	0.879315078852714
NCB-MDB	114.4	26.6811575515332	202.118842448467	0.00354738088401318
NCC-MDB	135.8	48.0811575515331	223.518842448467	0.000339647335936388
NCA-MDB	143.6	55.8811575515332	231.318842448467	0.000141022526784718
HDA-HDC	14.9999999999999	-72.718842448467	102.718842448467	0.99968450282948
HDB-HDC	15.1999999999999	-72.518842448467	102.918842448467	0.999652086991061
MDA-HDC	27.4	-60.318842448467	115.118842448467	0.98017390750424
NCB-HDC	103.8	16.081157551533	191.518842448467	0.0106749911921213
NCC-HDC	125.2	37.481157551533	212.918842448467	0.0011025859666477
NCA-HDC	133	45.2811575515331	220.718842448467	0.000464607717444609
HDB-HDA	0.200000000000045	-87.5188424484669	87.918842448467	1
MDA-HDA	12.4000000000001	-75.3188424484668	100.118842448467	0.999924191328669
NCB-HDA	88.8000000000001	1.08115755153314	176.518842448467	0.0453455921945316
NCC-HDA	110.2	22.4811575515331	197.918842448467	0.00552351166559029
NCA-HDA	118	30.2811575515332	205.718842448467	0.00241342754768414
MDA-HDB	12.2	-75.5188424484669	99.918842448467	0.999932988422767
NCB-HDB	88.6	0.881157551533093	176.318842448467	0.0461761683652471
NCC-HDB	110	22.2811575515331	197.718842448467	0.0056401325097416
NCA-HDB	117.8	30.0811575515331	205.518842448467	0.00246593333990952
NCB-MDA	76.4	-11.318842448467	164.118842448467	0.130031049790983
NCC-MDA	97.8	10.081157551533	185.518842448467	0.019393774325172
NCA-MDA	105.6	17.8811575515331	193.318842448467	0.00888808499404337
NCC-NCB	21.4	-66.318842448467	109.118842448467	0.996022828591879
NCA-NCB	29.2	-58.5188424484669	116.918842448467	0.970887153674398
NCA-NCC	7.80000000000007	-79.9188424484669	95.518842448467	0.999997887507145
Mon Jul 29 09:45:33 2024
Group	group
	diff	lwr	upr	p adj
CMDB-CMDC	37.8000000000001	-49.9188424484669	125.518842448467	0.882346154014253
BHDC-CMDC	48.4000000000001	-39.3188424484668	136.118842448467	0.669726449298934
BHDA-CMDC	63.4000000000001	-24.3188424484668	151.118842448467	0.323402140146059
BHDB-CMDC	63.6	-24.1188424484669	151.318842448467	0.319474853976879
CMDA-CMDC	75.8000000000001	-11.9188424484669	163.518842448467	0.13626768397789
ANCB-CMDC	152.2	64.4811575515331	239.918842448467	5.31196104147647e-05
ANCC-CMDC	173.6	85.881157551533	261.318842448467	4.64148269052611e-06
ANCA-CMDC	181.4	93.6811575515333	269.118842448467	1.91685312844747e-06
BHDC-CMDB	10.6	-77.1188424484669	98.318842448467	0.999977118110209
BHDA-CMDB	25.6	-62.1188424484669	113.318842448467	0.987035621584997
BHDB-CMDB	25.8	-61.918842448467	113.518842448467	0.986379599278021
CMDA-CMDB	38	-49.7188424484669	125.718842448467	0.879315078852716
ANCB-CMDB	114.4	26.681157551533	202.118842448467	0.00354738088401318
ANCC-CMDB	135.8	48.0811575515329	223.518842448467	0.000339647335936388
ANCA-CMDB	143.6	55.8811575515332	231.318842448467	0.000141022526784718
BHDA-BHDC	15	-72.7188424484669	102.718842448467	0.99968450282948
BHDB-BHDC	15.1999999999999	-72.518842448467	102.918842448467	0.999652086991061
CMDA-BHDC	27.4	-60.318842448467	115.118842448467	0.98017390750424
ANCB-BHDC	103.8	16.081157551533	191.518842448467	0.0106749911921213
ANCC-BHDC	125.2	37.4811575515329	212.918842448467	0.0011025859666477
ANCA-BHDC	133	45.2811575515332	220.718842448467	0.000464607717444832
BHDB-BHDA	0.199999999999932	-87.518842448467	87.9188424484669	1
CMDA-BHDA	12.4	-75.318842448467	100.118842448467	0.999924191328669
ANCB-BHDA	88.8	1.08115755153302	176.518842448467	0.0453455921945317
ANCC-BHDA	110.2	22.4811575515329	197.918842448467	0.00552351166559084
ANCA-BHDA	118	30.2811575515332	205.718842448467	0.00241342754768414
CMDA-BHDB	12.2	-75.5188424484669	99.918842448467	0.999932988422767
ANCB-BHDB	88.6	0.881157551533093	176.318842448467	0.0461761683652471
ANCC-BHDB	110	22.281157551533	197.718842448467	0.00564013250974116
ANCA-BHDB	117.8	30.0811575515333	205.518842448467	0.00246593333990908
ANCB-CMDA	76.4	-11.318842448467	164.118842448467	0.130031049790983
ANCC-CMDA	97.7999999999998	10.0811575515329	185.518842448467	0.0193937743251722
ANCA-CMDA	105.6	17.8811575515332	193.318842448467	0.00888808499404314
ANCC-ANCB	21.3999999999999	-66.3188424484671	109.118842448467	0.996022828591879
ANCA-ANCB	29.2000000000002	-58.5188424484668	116.918842448467	0.970887153674398
ANCA-ANCC	7.8000000000003	-79.9188424484666	95.5188424484672	0.999997887507145
Mon Jul 29 10:59:37 2024
Group	group
	diff	lwr	upr	p adj
CMDB-CMDC	37.8000000000001	-49.9188424484669	125.518842448467	0.882346154014253
BHDC-CMDC	48.4000000000001	-39.3188424484668	136.118842448467	0.669726449298934
BHDA-CMDC	63.4000000000001	-24.3188424484668	151.118842448467	0.323402140146059
BHDB-CMDC	63.6	-24.1188424484669	151.318842448467	0.319474853976879
CMDA-CMDC	75.8000000000001	-11.9188424484669	163.518842448467	0.13626768397789
ANCB-CMDC	152.2	64.4811575515331	239.918842448467	5.31196104147647e-05
ANCC-CMDC	173.6	85.881157551533	261.318842448467	4.64148269052611e-06
ANCA-CMDC	181.4	93.6811575515333	269.118842448467	1.91685312844747e-06
BHDC-CMDB	10.6	-77.1188424484669	98.318842448467	0.999977118110209
BHDA-CMDB	25.6	-62.1188424484669	113.318842448467	0.987035621584997
BHDB-CMDB	25.8	-61.918842448467	113.518842448467	0.986379599278021
CMDA-CMDB	38	-49.7188424484669	125.718842448467	0.879315078852716
ANCB-CMDB	114.4	26.681157551533	202.118842448467	0.00354738088401318
ANCC-CMDB	135.8	48.0811575515329	223.518842448467	0.000339647335936388
ANCA-CMDB	143.6	55.8811575515332	231.318842448467	0.000141022526784718
BHDA-BHDC	15	-72.7188424484669	102.718842448467	0.99968450282948
BHDB-BHDC	15.1999999999999	-72.518842448467	102.918842448467	0.999652086991061
CMDA-BHDC	27.4	-60.318842448467	115.118842448467	0.98017390750424
ANCB-BHDC	103.8	16.081157551533	191.518842448467	0.0106749911921213
ANCC-BHDC	125.2	37.4811575515329	212.918842448467	0.0011025859666477
ANCA-BHDC	133	45.2811575515332	220.718842448467	0.000464607717444832
BHDB-BHDA	0.199999999999932	-87.518842448467	87.9188424484669	1
CMDA-BHDA	12.4	-75.318842448467	100.118842448467	0.999924191328669
ANCB-BHDA	88.8	1.08115755153302	176.518842448467	0.0453455921945317
ANCC-BHDA	110.2	22.4811575515329	197.918842448467	0.00552351166559084
ANCA-BHDA	118	30.2811575515332	205.718842448467	0.00241342754768414
CMDA-BHDB	12.2	-75.5188424484669	99.918842448467	0.999932988422767
ANCB-BHDB	88.6	0.881157551533093	176.318842448467	0.0461761683652471
ANCC-BHDB	110	22.281157551533	197.718842448467	0.00564013250974116
ANCA-BHDB	117.8	30.0811575515333	205.518842448467	0.00246593333990908
ANCB-CMDA	76.4	-11.318842448467	164.118842448467	0.130031049790983
ANCC-CMDA	97.7999999999998	10.0811575515329	185.518842448467	0.0193937743251722
ANCA-CMDA	105.6	17.8811575515332	193.318842448467	0.00888808499404314
ANCC-ANCB	21.3999999999999	-66.3188424484671	109.118842448467	0.996022828591879
ANCA-ANCB	29.2000000000002	-58.5188424484668	116.918842448467	0.970887153674398
ANCA-ANCC	7.8000000000003	-79.9188424484666	95.5188424484672	0.999997887507145
Mon Jul 29 10:59:40 2024
Group	group
	diff	lwr	upr	p adj
BHDC-CMDB	25.1793287549173	-58.7533653494971	109.112022859332	0.984572331616031
CMDC-CMDB	27.8976297086374	-56.035064395777	111.830323813052	0.971145935633493
BHDB-CMDB	37.0438457454284	-46.888848358986	120.976539849843	0.868117543302644
CMDA-CMDB	60.0996631304164	-23.833030973998	144.032357234831	0.335136793628731
BHDA-CMDB	80.2939729648347	-3.63872113957969	164.226667069249	0.0699223555807317
ANCB-CMDB	143.127169416531	59.1944753121165	227.059863520945	7.15322780852068e-05
ANCC-CMDB	168.585211717159	84.6525176127447	252.517905821573	3.45882825469879e-06
ANCA-CMDB	190.343555008486	106.410860904072	274.276249112901	2.6802327579567e-07
CMDC-BHDC	2.71830095372013	-81.2143931506942	86.6509950581345	0.999999999295723
BHDB-BHDC	11.8645169905111	-72.0681771139032	95.7972110949255	0.999924204417124
CMDA-BHDC	34.9203343754991	-49.0123597289152	118.853028479913	0.90101051607417
BHDA-BHDC	55.1146442099174	-28.818049894497	139.047338314332	0.44838628460061
ANCB-BHDC	117.947840661614	34.0151465571992	201.880534766028	0.00136254761841803
ANCC-BHDC	143.405882962242	59.4731888578274	227.338577066656	6.92024618981213e-05
ANCA-BHDC	165.164226253569	81.2315321491547	249.096920357983	5.1915025958138e-06
BHDB-CMDC	9.14621603679097	-74.7864780676234	93.0789101412053	0.999989699394371
CMDA-CMDC	32.202033421779	-51.7306606826354	116.134727526193	0.934994031175285
BHDA-CMDC	52.3963432561973	-31.5363508482171	136.329037360612	0.515637953215375
ANCB-CMDC	115.229539707893	31.2968456034791	199.162233812308	0.00185657868665012
ANCC-CMDC	140.687582008522	56.7548879041073	224.620276112936	9.5558291055009e-05
ANCA-CMDC	162.445925299849	78.5132311954346	246.378619404263	7.17198913391393e-06
CMDA-BHDB	23.055817384988	-60.8768767194263	106.988511489402	0.991222319084989
BHDA-BHDB	43.2501272194063	-40.6825668850081	127.182821323821	0.743136226847261
ANCB-BHDB	106.083323671102	22.1506295666881	190.016017775517	0.00515015483384573
ANCC-BHDB	131.541365971731	47.6086718673163	215.474060076145	0.000281421184412434
ANCA-BHDB	153.299709263058	69.3670151586436	237.232403367472	2.13136626006083e-05
BHDA-CMDA	20.1943098344183	-63.7383842699961	104.127003938833	0.996382072687316
ANCB-CMDA	83.0275062861144	-0.905187818299922	166.960200390529	0.0544172922862293
ANCC-CMDA	108.485548586743	24.5528544823283	192.418242691157	0.00395313374915884
ANCA-CMDA	130.24389187807	46.3111977736556	214.176585982484	0.000327706325356947
ANCB-BHDA	62.8331964516962	-21.0994976527182	146.76589055611	0.280573569261811
ANCC-BHDA	88.2912387523244	4.35854464791002	172.223932856739	0.0329094995698215
ANCA-BHDA	110.049582043652	26.1168879392373	193.982276148066	0.00332304435069652
ANCC-ANCB	25.4580423006282	-58.4746518037861	109.390736405043	0.983472561344514
ANCA-ANCB	47.2163855919555	-36.7163085124589	131.14907969637	0.647137232595087
ANCA-ANCC	21.7583432913273	-62.1743508130871	105.691037395742	0.994010455155566
Mon Jul 29 10:59:42 2024
Group	group
	diff	lwr	upr	p adj
BHDC-CMDB	5.78712092540013	-83.3950139517388	94.9692558025391	0.999999823196503
CMDC-CMDB	23.6423183810889	-65.5398164960501	112.824453258228	0.993050501564429
BHDB-CMDB	25.824692629561	-63.3574422475779	115.0068275067	0.987664054137768
CMDA-CMDB	62.6815548970651	-26.5005799800739	151.863689774204	0.35887982785751
BHDA-CMDB	74.1541195958973	-15.0280152812416	163.336254473036	0.169387744195725
ANCB-CMDB	164.569500767679	75.3873658905398	253.751635644818	1.76502834768888e-05
ANCC-CMDB	169.071987703294	79.8898528261546	258.254122580433	1.06547602052309e-05
ANCA-CMDB	182.929556094649	93.7474212175105	272.111690971788	2.26423050153635e-06
CMDC-BHDC	17.8551974556888	-71.3269374214502	107.037332332828	0.99900393609606
BHDB-BHDC	20.0375717041609	-69.1445631729781	109.2197065813	0.99774591042207
CMDA-BHDC	56.894433971665	-32.287700905474	146.076568848804	0.486877592397382
BHDA-BHDC	68.3669986704972	-20.8151362066418	157.549133547636	0.253034506430746
ANCB-BHDC	158.782379842279	69.6002449651396	247.964514719418	3.37709800470876e-05
ANCC-BHDC	163.284866777893	74.1027319007544	252.467001655032	2.03850478627254e-05
ANCA-BHDC	177.142435169249	87.9603002921104	266.324570046388	4.31798044664422e-06
BHDB-CMDC	2.18237424847212	-86.9997606286668	91.3645091256111	0.999999999924844
CMDA-CMDC	39.0392365159762	-50.1428983611628	128.221371393115	0.873139913950053
BHDA-CMDC	50.5118012148084	-38.6703336623305	139.693936091947	0.63903491996758
ANCB-CMDC	140.92718238659	51.7450475094509	230.109317263729	0.000247560273210712
ANCC-CMDC	145.429669322205	56.2475344450657	234.611804199344	0.000150187790404099
ANCA-CMDC	159.287237713561	70.1051028364216	248.4693725907	3.1913018652685e-05
CMDA-BHDB	36.8568622675041	-52.3252726096349	126.038997144643	0.904280411064004
BHDA-BHDB	48.3294269663363	-40.8527079108026	137.511561843475	0.690052616609277
ANCB-BHDB	138.744808138118	49.5626732609788	227.926943015257	0.000315114240915793
ANCC-BHDB	143.247295073733	54.0651601965936	232.429429950871	0.000191412362228749
ANCA-BHDB	157.104863465088	67.9227285879495	246.286998342227	4.07551765291281e-05
BHDA-CMDA	11.4725646988322	-77.7095701783067	100.654699575971	0.999963026250138
ANCB-CMDA	101.887945870614	12.7058109934747	191.070080747753	0.0152896101934147
ANCC-CMDA	106.390432806228	17.2082979290895	195.572567683367	0.00979767793102748
ANCA-CMDA	120.248001197584	31.0658663204454	209.430136074723	0.00234300344406668
ANCB-BHDA	90.4153811717814	1.23324629464244	179.59751604892	0.0448053733741599
ANCC-BHDA	94.9178681073962	5.73573323025724	184.100002984535	0.0297119838343548
ANCA-BHDA	108.775436498752	19.5933016216132	197.957571375891	0.00770604851816836
ANCC-ANCB	4.5024869356148	-84.6796479415242	93.6846218127538	0.999999975834975
ANCA-ANCB	18.3600553269707	-70.8220795501682	107.54219020411	0.998783966631088
ANCA-ANCC	13.8575683913559	-75.324566485783	103.039703268495	0.999845338789286
Mon Jul 29 10:59:45 2024
Group	group
	diff	lwr	upr	p adj
BHDA-CMDC	0.147818894326205	-0.605203998878103	0.900841787530513	0.999135680078187
ANCB-CMDC	0.357151394123718	-0.395871499080591	1.11017428732803	0.817304004066626
CMDB-CMDC	0.41461914304714	-0.338403750157168	1.16764203625145	0.672130032206256
CMDA-CMDC	0.466218015018292	-0.286804878186016	1.2192409082226	0.526522797243185
ANCC-CMDC	0.55980803764854	-0.193214855555769	1.31283093085285	0.28888473779987
BHDB-CMDC	0.562716918004056	-0.190305975200252	1.31573981120836	0.282695412062592
BHDC-CMDC	0.571612563597874	-0.181410329606434	1.32463545680218	0.264302838897458
ANCA-CMDC	0.653941820797367	-0.0990810724069416	1.40696471400167	0.13232152880269
ANCB-BHDA	0.209332499797513	-0.543690393406796	0.962355393001821	0.990513964907928
CMDB-BHDA	0.266800248720935	-0.486222644483373	1.01982314192524	0.958162497109068
CMDA-BHDA	0.318399120692087	-0.434623772512221	1.0714220138964	0.892743992575155
ANCC-BHDA	0.411989143322335	-0.341033749881974	1.16501203652664	0.679364026096183
BHDB-BHDA	0.414898023677851	-0.338124869526457	1.16792091688216	0.671360800933355
BHDC-BHDA	0.423793669271669	-0.329229223932639	1.17681656247598	0.646632997930381
ANCA-BHDA	0.506122926471162	-0.246899966733147	1.25914581967547	0.417418374745069
CMDB-ANCB	0.0574677489234228	-0.695555144280885	0.810490642127731	0.999999364070623
CMDA-ANCB	0.109066620894574	-0.643956272309734	0.862089514098883	0.999908881033681
ANCC-ANCB	0.202656643524822	-0.550366249679486	0.95567953672913	0.992324631498273
BHDB-ANCB	0.205565523880338	-0.54745736932397	0.958588417084646	0.991572559680344
BHDC-ANCB	0.214461169474156	-0.538561723730152	0.967484062678465	0.988908851737659
ANCA-ANCB	0.296790426673649	-0.456232466530659	1.04981331987796	0.92500414647347
CMDA-CMDB	0.0515988719711515	-0.701424021233157	0.80462176517546	0.999999728102125
ANCC-CMDB	0.145188894601399	-0.607833998602909	0.898211787805708	0.999240777347468
BHDB-CMDB	0.148097774956915	-0.604925118247393	0.901120668161224	0.999123858750686
BHDC-CMDB	0.156993420550734	-0.596029472653575	0.910016313755042	0.998669661454072
ANCA-CMDB	0.239322677750226	-0.513700215454082	0.992345570954534	0.977959549304493
ANCC-CMDA	0.0935900226302477	-0.659432870574061	0.846612915834556	0.999971603145094
BHDB-CMDA	0.0964989029857639	-0.656523990218544	0.849521796190072	0.999964097228005
BHDC-CMDA	0.105394548579582	-0.647628344624726	0.85841744178389	0.999929697851115
ANCA-CMDA	0.187723805779075	-0.565299087425234	0.940746698983383	0.995394172795588
BHDB-ANCC	0.00290888035551617	-0.750114012848792	0.755931773559824	1
BHDC-ANCC	0.0118045259493345	-0.741218367254974	0.764827419153643	0.999999999997956
ANCA-ANCC	0.0941337831488269	-0.658889110055481	0.847156676353135	0.999970312778844
BHDC-BHDB	0.00889564559381828	-0.74412724761049	0.761918538798127	1
ANCA-BHDB	0.0912249027933107	-0.661797990410998	0.844247795997619	0.999976671292823
ANCA-BHDC	0.0823292571994925	-0.670693636004816	0.835352150403801	0.999989432207772
Mon Jul 29 10:59:49 2024
Group	group
	diff	lwr	upr	p adj
BHDA-CMDC	0.00339831600000007	-0.0379692150030198	0.0447658470030199	0.999998864974024
ANCB-CMDC	0.01619626	-0.0251712710030199	0.0575637910030198	0.927583916159945
CMDA-CMDC	0.0230125760000001	-0.0183549550030198	0.0643801070030199	0.66027064653454
CMDB-CMDC	0.024252468	-0.0171150630030198	0.0656199990030199	0.596718628135144
ANCC-CMDC	0.026329956	-0.0150375750030199	0.0676974870030199	0.489943918726451
BHDB-CMDC	0.027626276	-0.0137412550030199	0.0689938070030199	0.425929427543661
ANCA-CMDC	0.0307842039999997	-0.0105833270030202	0.0721517350030196	0.28767786719139
BHDC-CMDC	0.031396816	-0.00997071500301988	0.0727643470030199	0.264482713148482
ANCB-BHDA	0.0127979439999999	-0.02856958700302	0.0541654750030198	0.981314489008242
CMDA-BHDA	0.01961426	-0.0217532710030199	0.0609817910030199	0.817544480617008
CMDB-BHDA	0.020854152	-0.0205133790030199	0.0622216830030198	0.764386753292435
ANCC-BHDA	0.0229316399999999	-0.01843589100302	0.0642991710030198	0.664358945545508
BHDB-BHDA	0.0242279599999999	-0.0171395710030199	0.0655954910030198	0.597985495820954
ANCA-BHDA	0.0273858879999996	-0.0139816430030202	0.0687534190030195	0.437553457071214
BHDC-BHDA	0.0279984999999999	-0.0133690310030199	0.0693660310030198	0.408190133833707
CMDA-ANCB	0.0068163160000001	-0.0345512150030198	0.04818384700302	0.999760345649875
CMDB-ANCB	0.00805620800000006	-0.0333113230030198	0.0494237390030199	0.99918383179735
ANCC-ANCB	0.010133696	-0.0312338350030198	0.0515012270030199	0.995909839245471
BHDB-ANCB	0.011430016	-0.0299375150030198	0.0527975470030199	0.990881641548275
ANCA-ANCB	0.0145879439999997	-0.0267795870030201	0.0559554750030196	0.959270668102441
BHDC-ANCB	0.015200556	-0.0261669750030198	0.0565680870030199	0.948649346462979
CMDB-CMDA	0.00123989199999996	-0.0401276390030199	0.0426074230030198	0.999999999620417
ANCC-CMDA	0.00331737999999993	-0.0380501510030199	0.0446849110030198	0.999999060845048
BHDB-CMDA	0.00461369999999994	-0.0367538310030199	0.0459812310030198	0.999987672071162
ANCA-CMDA	0.00777162799999964	-0.0335959030030202	0.0491391590030195	0.999371072260795
BHDC-CMDA	0.00838423999999993	-0.0329832910030199	0.0497517710030198	0.998912558757958
ANCC-CMDB	0.00207748799999996	-0.0392900430030199	0.0434450190030198	0.999999976828858
BHDB-CMDB	0.00337380799999998	-0.0379937230030199	0.0447413390030199	0.999998927714568
ANCA-CMDB	0.00653173599999968	-0.0348357950030202	0.0478992670030196	0.999825624398694
BHDC-CMDB	0.00714434799999997	-0.0342231830030199	0.0485118790030198	0.999660539395497
BHDB-ANCC	0.00129632000000002	-0.0400712110030199	0.0426638510030199	0.999999999458565
ANCA-ANCC	0.00445424799999972	-0.0369132830030202	0.0458217790030196	0.999990611473522
BHDC-ANCC	0.00506686000000001	-0.0363006710030199	0.0464343910030199	0.999974614799598
ANCA-BHDB	0.0031579279999997	-0.0382096030030202	0.0445254590030196	0.999999362608921
BHDC-BHDB	0.00377053999999999	-0.0375969910030199	0.0451380710030199	0.999997436289618
BHDC-ANCA	0.00061261200000029	-0.0407549190030196	0.0419801430030202	0.999999999998755
Mon Jul 29 10:59:52 2024
Group	group
	diff	lwr	upr	p adj
BHDA-ANCB	4.57333969221528	-47.5312759488541	56.6779553332847	0.999998091978487
CMDC-ANCB	12.813689898407	-39.2909257426624	64.9183055394764	0.995800216770991
ANCC-ANCB	16.5845787651526	-35.5200368759168	68.689194406222	0.97775709031805
CMDB-ANCB	18.7715252163047	-33.3330904247647	70.8761408573741	0.954016999110998
CMDA-ANCB	19.6208389776622	-32.4837766634072	71.7254546187316	0.941240631454828
BHDB-ANCB	23.7525656141341	-28.3520500269353	75.8571812552035	0.846800983666285
BHDC-ANCB	33.7093668041022	-18.3952488369671	85.8139824451716	0.468223407096874
ANCA-ANCB	33.8500006325906	-18.2546150084788	85.95461627366	0.462672524356089
CMDC-BHDA	8.24035020619171	-43.8642654348777	60.3449658472611	0.99982350865795
ANCC-BHDA	12.0112390729373	-40.0933765681321	64.1158547140067	0.997305507045384
CMDB-BHDA	14.1981855240894	-37.90643011698	66.3028011651588	0.991671693466745
CMDA-BHDA	15.0474992854469	-37.0571163556225	67.1521149265163	0.98787416131109
BHDB-BHDA	19.1792259219188	-32.9253897191506	71.2838415629882	0.948151743118848
BHDC-BHDA	29.136027111887	-22.9685885291824	81.2406427529563	0.654219005740357
ANCA-BHDA	29.2766609403753	-22.8279547006941	81.3812765814447	0.648544686562672
ANCC-CMDC	3.77088886674562	-48.3337267743238	55.875504507815	0.999999581440123
CMDB-CMDC	5.95783531789768	-46.1467803231717	58.0624509589671	0.999985053682796
CMDA-CMDC	6.80714907925518	-45.2974665618142	58.9117647203246	0.999958393577721
BHDB-CMDC	10.9388757157271	-41.1657399253423	63.0434913567965	0.998602187515197
BHDC-CMDC	20.8956769056953	-31.2089387353741	73.0002925467647	0.917901620640503
ANCA-CMDC	21.0363107341836	-31.0683049068858	73.140926375253	0.91501120993469
CMDB-ANCC	2.18694645115206	-49.9176691899173	54.2915620922215	0.999999994438713
CMDA-ANCC	3.03626021250956	-49.0683554285598	55.140875853579	0.999999924572785
BHDB-ANCC	7.16798684898151	-44.9366287920879	59.2726024900509	0.999938326692622
BHDC-ANCC	17.1247880389496	-34.9798276021198	69.229403680019	0.973015651789505
ANCA-ANCC	17.265421867438	-34.8391937736314	69.3700375085074	0.971667973767874
CMDA-CMDB	0.8493137613575	-51.2553018797119	52.9539294024269	0.999999999997166
BHDB-CMDB	4.98104039782945	-47.1235752432399	57.0856560388988	0.999996279438219
BHDC-CMDB	14.9378415877976	-37.1667740532718	67.042457228867	0.988428323281619
ANCA-CMDB	15.0784754162859	-37.0261402247835	67.1830910573553	0.987713967174893
BHDB-CMDA	4.13172663647195	-47.9728890045974	56.2363422775413	0.999999140271358
BHDC-CMDA	14.0885278264401	-38.0160878146293	66.1931434675095	0.99208440395727
ANCA-CMDA	14.2291616549284	-37.875453986141	66.3337772959978	0.991552100966064
BHDC-BHDB	9.95680118996813	-42.1478144511013	62.0614168310375	0.99928835930468
ANCA-BHDB	10.0974350184565	-42.0071806226129	62.2020506595259	0.99921232360589
ANCA-BHDC	0.140633828488333	-51.9639818125811	52.2452494695577	1
