Genus	H79	H94	H60	H61	H62	H63	H64	H66	H67	H68	H95	H96	L36	L37	L38	L39	L70	L91	L93	L73	L92	L76	L77	M54	M55	M56	M57	M58	M59	M30	M31	M32	M33	M34	M35
Kineothrix	10.9	11.6	8.45	8.56	6.79	3.98	13.9	3.35	12.1	8	8.38	7.09	11.2	14.3	7.12	5.85	7.4	11.6	8.01	5.72	6.12	5.14	3.76	13.6	11.6	16.8	14.5	11.2	13	7.3	13.8	8.4	4.42	3.43	6.01
Lacrimispora	11.8	17.3	7.4	12	13.9	5.05	19.3	6.48	10.9	8.33	8.3	11.4	14.1	14.3	16.5	8.17	16.5	20.3	7.61	5.61	12.8	13.2	5.18	12.9	9.48	9.66	22.9	13.9	25.5	15	21.1	14.1	12.7	6.13	6.49
Roseburia	0.16	0.15	0.27	0.19	0.25	0.77	0.24	0.45	0.52	0.77	0.29	0.17	0.27	0.2	0.62	0.12	0.63	0.28	0.47	0.79	0.29	0.67	0.91	0.78	0.84	0.26	0.17	0.55	0.24	0.15	0.15	0.28	0.2	0.18	1.35
Flintibacter	2.26	1.72	2.44	1.17	1.47	3.7	4.86	3.68	4.81	5.4	4.45	2.47	2.52	2.98	2.01	0.96	2.89	2.97	1.33	0.99	2.08	1.83	2.58	2.52	3.87	4.6	3.56	3.76	2.03	2.89	1.91	1.88	1.45	1.16	1.73
Blautia	0.56	1.62	1.5	1.03	0.79	2.38	1.58	0.93	2.43	2.02	1.57	1.1	1.43	0.96	0.64	0.32	1.22	1.02	1.76	1.46	2.25	0.61	1.98	3.04	1.21	0.79	1.08	1.69	0.56	1	0.95	2.2	1.53	1	0.84
Enterocloster	3.01	4.12	8.42	3.37	0.82	5.27	3.07	2.69	4.53	2.17	3.78	3.3	1.37	1.05	1.67	2.83	1.66	1.08	2.88	3.82	2.2	1.98	3.22	3.14	3.99	6.54	5.91	4.18	2.7	4.19	6.27	5.47	2.23	1.51	3.08
Acetatifactor	2.09	2.38	4.67	1.16	0.71	3.43	1.37	1.75	5.59	5.92	1.52	1.49	1.3	3.32	2.97	2.84	2.53	1.77	3.57	2.83	2.6	3.94	2.39	3.17	4.2	6.07	2.22	4.65	0.66	1.85	1.45	1.01	1.47	1.15	3.7
Duncaniella	1.08	2.11	1.47	3.38	2.88	1.94	1.98	3.58	3.62	1.81	3.69	1.72	3.93	2.02	2.39	1.18	1.89	2.19	5.62	4.94	4.34	2.62	5.53	1.53	1.86	0.94	1.23	2.96	2.36	3.04	1.63	4.86	2.73	2.44	4.83
Clostridium_XlVa	0.63	0.25	1.58	0.68	0.26	1.23	0.79	0.93	0.62	1.77	0.68	0.4	0.5	0.8	0.43	1.12	1.31	0.32	0.57	1.31	1.6	3.46	1.7	1.22	1.02	3.89	1.08	0.71	0.76	0.55	0.33	0.67	0.77	1.73	2.42
Oscillibacter	0.53	0.73	1.52	0.35	0.64	1.52	1.24	1.36	1.39	1.64	1.2	0.62	0.7	1.27	0.73	0.38	0.89	1.01	0.59	0.55	0.5	1.17	0.65	1.45	1.73	1.63	1.33	2.15	0.65	1.15	0.28	0.58	1.05	0.82	1.07
Bacteroides	0.84	1.36	0.76	2.55	3.11	3.21	1.34	2.01	0.77	0.96	2.86	0.94	2.67	0.71	0.43	0.28	0.71	1.13	0.68	2.76	0.65	0.92	2.7	0.94	1.37	0.65	1	1.54	1.65	1.08	0.61	3.93	0.65	0.51	1.91
Paramuribaculum	0.66	0.89	0.37	1.11	1.45	0.91	1.22	1.65	1.88	0.94	1.89	1.68	1.05	1.17	1.14	1.31	0.62	1.04	2.87	2.14	2.83	1.57	3.05	0.97	0.84	0.47	0.45	1.41	0.8	2.31	1.03	1.83	1.17	1.07	2.4
Clostridium_IV	0.75	1.18	0.75	0.65	0.96	1.49	1.44	1.18	1.16	0.88	0.74	0.85	0.74	1.36	0.97	1.28	0.94	1.68	0.66	0.6	0.66	1.22	0.6	1.25	1.36	0.86	1.18	1.05	0.48	1.04	0.57	0.54	0.58	0.7	0.47
Lachnospiracea_incertae_sedis	1.37	1.14	1.26	4.11	0.84	2.23	1.4	1.89	1.5	1.22	2.01	0.99	1.02	1.76	6.99	0.62	0.85	3.07	1.63	0.91	1.23	0.8	1.19	2.19	2.34	0.83	1.3	0.62	1.9	3.66	1.1	2.7	0.97	2.78	4.49
Lawsonibacter	0.39	0.14	0.46	0.1	0.28	2.16	0.44	0.53	0.83	0.42	0.52	0.78	0.25	0.33	0.15	0.73	0.38	0.61	0.22	0.21	0.12	0.2	0.18	0.48	1.01	1.72	0.93	0.77	1.36	0.3	0.22	0.28	0.13	0.14	0.34
Mediterraneibacter	0.71	0.68	0.44	0.96	0.3	0.27	0.98	0.67	0.45	0.37	0.33	0.5	0.85	0.7	0.59	0.36	0.34	0.54	0.56	0.2	0.3	0.5	0.28	0.65	0.36	0.29	0.22	0.2	1.22	0.12	0.45	0.11	0.2	0.1	0.28
Veillonella	0.03	0.01	0	0.01	0.02	0.06	0	0.13	0	0.02	0.03	0.08	0.01	0.1	0.28	0.41	0.41	0.29	0.1	0.48	0.4	0.39	0.68	0.11	0.06	0.17	0.16	0.18	0.2	0.06	0.04	0.08	0.1	0.12	0.02
Eisenbergiella	1.17	4.17	5.59	2.23	0.94	8.56	2.96	2.57	2.94	5	1.13	3.54	1.6	1.14	2.4	6.57	1.83	2.21	2.54	2.3	3.4	2.14	2.2	5.03	6.65	2.69	3.91	6.51	2.15	3.72	2.28	2.04	2.17	1.48	1.6
Vallitalea	0	0	0	0.01	0	0.01	0.04	0.1	0.05	0.02	0.03	0	0.06	0.01	0.01	0.01	0	0.05	0	0	0	0	0.02	0	0	0.01	0.03	0.01	0.02	0	0	0	0	0.01	0.01
Eubacterium	0.24	0.42	0.45	0.13	1.26	0.99	0.73	3.3	2.09	2.18	4.64	1.56	2.85	9.52	6.61	11.3	12.1	1.12	9.32	1.36	1.34	1.75	7.42	0.52	0.79	0.44	0.59	0.4	0.92	0.11	0.32	0.11	0.16	2.81	0.26
Neglecta	0.16	0.14	0.25	0.17	0.22	0.06	0.08	0.06	0.15	0.17	0.11	0.17	0.04	0.31	0.09	0.37	0.06	0.07	0.11	0.16	0.11	0.13	0.06	0.06	0.04	0.1	0.09	0.1	0.06	0.17	0.14	0.09	0.08	0.11	0.14
Adlercreutzia	0.02	0.03	0.04	0.1	0.02	0.04	0.02	0.02	0.09	0.06	0.06	0.05	0.04	0.14	0.1	0.17	0.01	0.04	0.06	0.03	0.03	0.09	0.05	0.02	0.03	0.03	0.05	0.09	0.1	0.09	0.04	0.09	0.06	0.06	0.1
Alkaliphilus	0	0	0	0	0.02	0.03	0.06	0.04	0.01	0.01	0.01	0.08	0.02	0	0.04	0.01	0	0.08	0.02	0	0	0	0.11	0.02	0.15	0.04	0.05	0.07	0.1	0.02	0	0	0.01	0.05	0.06
Muribaculum	0.55	0.66	0.44	0.81	0.81	0.5	0.55	1.09	0.66	0.6	1.33	0.63	0.85	0.93	0.51	0.61	0.59	0.92	1.22	1.1	1.12	0.64	1.52	0.49	0.6	0.35	0.49	0.72	0.74	1.11	0.51	1.66	0.7	0.86	1.4
Christensenella	0.01	0.01	0.01	0.01	0.01	0.03	0	0.02	0.03	0.01	0	0.03	0.03	0.02	0.01	0.04	0.02	0	0.04	0	0	0	0	0.01	0.01	0	0.02	0.01	0	0.02	0	0	0	0.01	0
Alistipes	0.84	0.36	0.43	0.41	0.43	0.7	0.19	0.72	1.15	0.2	0.49	0.35	1.32	0.15	0.16	0.38	0.38	0.45	0.58	1.87	0.92	0.62	0.8	0.24	0.46	0.32	0.41	0.47	0.28	0.39	0.4	0.56	0.48	0.35	0.84
Harryflintia	0.29	0.26	0.24	0.18	0.15	0.2	0.48	0.28	0.26	0.38	0.28	0.1	0.23	0.18	0.09	0.11	0.22	0.11	0.16	0.09	0.08	0.07	0.16	0.08	0.09	0.11	0.18	0.14	0.4	0.23	0.21	0.31	0.15	0.05	0.07
Bifidobacterium	0.27	0.22	0.3	0.56	0.22	0.21	0.55	0.47	0.14	0.46	1.68	0.56	0.14	0.17	0.09	0.24	0.15	0.06	0.58	0.43	0.29	0.23	0.47	0.16	0.19	0.14	0.25	0.25	0.41	0.31	0.14	0.18	0.17	0.31	0.16
Streptococcus	0.22	0.15	0.27	0.5	0.53	0.27	0.49	0.69	0.24	0.13	0.18	0.21	0.37	0.21	0.23	0.19	0.16	0.22	0.75	0.29	0.26	0.26	0.29	0.5	0.24	0.17	0.11	0.25	0.3	0.39	0.3	0.47	0.5	0.3	0.49
Saccharibacteria_genera_incertae_sedis	0	0.02	0.01	0.04	0.01	0.02	0.03	0.05	0.06	0.07	0	0.01	0.01	0.02	0.09	0	0.05	0	0	0.01	0	0	0.05	0	0.01	0.02	0.01	0.13	0	0.01	0	0.02	0.18	0.02	0.01
