OTUID	All	HDC	MDC	NCC
ASV_1	3.03828	0.6904907	4.5142350	3.9101139
ASV_15	2.081088	5.1676760	0.7671649	0.3084234
ASV_2	1.98917	3.2058786	2.4929841	0.2686459
ASV_12	1.792265	3.41544232	1.88244709	0.07890589
ASV_20	1.815088	0.1308222	1.2102009	4.1042413
ASV_9	1.639769	0.3785387	2.3754000	2.1653671
ASV_22	1.654722	0.1141544	0.1122573	4.7377540
ASV_58	1.313509	0.1089555	2.3390822	1.4924892
ASV_27	1.318737	2.2916563	1.5465315	0.1180217
ASV_24	1.349861	0.04532984	0.02500493	3.97924733
ASV_10	1.311594	1.8094723	0.5391421	1.5861686
ASV_21	1.22503	2.7755745	0.4809559	0.4185598
ASV_42	1.123099	0.06306282	3.18674844	0.11948520
ASV_39	1.182843	0.5320217	2.5655513	0.4509553
ASV_25	1.105677	2.2648792	0.5891468	0.4630059
ASV_13	1.053083	0.9958160	1.3266363	0.8367953
ASV_29	1.026993	1.80086829	1.22264172	0.05746879
ASV_76	0.971402	1.68116903	0.01299685	1.22004158
ASV_16	0.933026	1.46479244	1.26054040	0.07374593
ASV_26	0.949876	1.5980496	0.4060523	0.8455276
ASV_89	0.888762	0.1215350	0.5074816	2.0372698
ASV_48	0.846737	0.3202449	2.1104421	0.1095251
ASV_201	0.815539	1.6278593	0.7141527	0.1046044
ASV_34	0.832267	0.02776136	0.01321338	2.45582606
ASV_60	0.769813	0.05377603	0.27103858	1.98462549
ASV_126	0.777462	0.04032367	2.26745494	0.02460701
ASV_417	0.720663	0.2064549	0.8879851	1.0675495
ASV_28	0.730104	1.33573025	0.79832427	0.05625684
ASV_38	0.71274	0.5659120	1.4525947	0.1197134
ASV_117	0.685374	1.1352924	0.6276613	0.2931696
ASV_37	0.691209	1.11591624	0.86108490	0.09662554
ASV_35	0.648318	1.04420935	0.86221938	0.03852557
ASV_46	0.652042	0.6504750	0.9834286	0.3222227
ASV_97	0.645097	0.9423949	0.6222097	0.3706868
ASV_52	0.59949	0.502729	1.148722	0.147018
ASV_59	0.585057	1.17799601	0.55171719	0.02545652
ASV_84	0.568715	1.1397230	0.4156898	0.1507328
ASV_55	0.544289	0.74040784	0.79857999	0.09387933
ASV_392	0.533053	0.01761871	0.27476391	1.30677639
ASV_136	0.508407	0.0130089	0.9436170	0.5685948
ASV_8	0.532687	1.54165895	0.02309489	0.03330672
ASV_4	0.492057	0.30844496	0.07100659	1.09671882
ASV_32	0.480884	0.3113288	0.3064981	0.8248253
ASV_1253	0.473304	0.79491534	0.53846351	0.08653271
ASV_1365	0.460366	0.70618298	0.62233023	0.05258502
ASV_23	0.463217	0.2087750	0.3195476	0.8613281
ASV_31	0.458088	0.02144860	0.01262107	1.34019430
ASV_73	0.452779	0.05631206	0.06268546	1.23933986
ASV_122	0.442783	0.04608613	0.34926559	0.93299705
ASV_85	0.427008	0.83984522	0.35450170	0.08667623
ASV_61	0.419829	0.09093861	0.06860422	1.09994414
ASV_74	0.404766	0.1193560	0.6986795	0.3962635
ASV_102	0.392282	0.61797422	0.54213525	0.01673586
ASV_63	0.388815	0.03063724	0.01604521	1.11976235
ASV_19	0.400894	0.2662779	0.7098105	0.2265923
ASV_220	0.382685	0.0072207552	0.0006646992	1.1401706391
ASV_3	0.364912	0.18219954	0.09923503	0.81330101
ASV_120	0.364557	0.01261904	0.02161315	1.05943966
ASV_157	0.357463	0.4296564	0.3689117	0.2738204
ASV_96	0.367638	0.66044116	0.42096166	0.02151113
ASV_87	0.361005	0.8698973	0.1122483	0.1008690
ASV_130	0.354775	0.47329424	0.50361839	0.08741114
ASV_5	0.36472	0.98345670	0.07765013	0.03305440
ASV_49	0.353014	0.6314841	0.1808003	0.2467574
ASV_78	0.34999	0.4935738	0.3451573	0.2112401
ASV_300	0.347539	0.67084737	0.29092218	0.08084608
ASV_41	0.347664	0.79241015	0.01990174	0.23067879
ASV_206	0.334511	0.62083923	0.36401747	0.01867712
ASV_75	0.338813	0.3837446	0.3925933	0.2401024
ASV_56	0.336805	0.11433482	0.06831185	0.82776783
ASV_135	0.329077	0.30141888	0.67345148	0.01235961
ASV_94	0.330842	0.09399796	0.09438005	0.80414817
ASV_198	0.325979	0.50064135	0.44828013	0.02901589
ASV_51	0.327201	0.93931984	0.01978798	0.02249437
ASV_121	0.315584	0.02228520	0.03165948	0.89280849
ASV_1450	0.298208	0.43679028	0.43180581	0.02602905
ASV_71	0.313374	0.5330348	0.2076902	0.1993974
ASV_347	0.30912	0.01918376	0.89628145	0.01189533
ASV_64	0.299282	0.5066481	0.2853418	0.1058566
ASV_248	0.28352	0.01410081	0.75650874	0.07994936
ASV_83	0.284754	0.1889113	0.2923483	0.3730034
ASV_114	0.280103	0.18840103	0.59685953	0.05504811
ASV_99	0.283887	0.06889801	0.63425433	0.14850958
ASV_7	0.269454	0.03401404	0.74939422	0.02495484
ASV_203	0.279962	0.69704264	0.12371677	0.01912785
ASV_68	0.267466	0.3020951	0.3592003	0.1411040
ASV_44	0.263846	0.3470261	0.3079110	0.1365999
ASV_1314	0.253882	0.04449761	0.66343106	0.05371602
ASV_356	0.248268	0.006965446	0.717590904	0.020246679
ASV_86	0.265765	0.25014533	0.52320835	0.02394213
ASV_17	0.260492	0.01317882	0.09898486	0.66931125
ASV_6	0.26072	0.22676054	0.46145163	0.09394878
ASV_1440	0.254269	0.3790031	0.1148651	0.2689400
ASV_213	0.248995	0.01958973	0.20248332	0.52491097
ASV_112	0.258216	0.735585493	0.032928959	0.006134438
ASV_1412	0.25328	0.5169751	0.1761471	0.0667182
ASV_95	0.249613	0.1457951	0.2727010	0.3303443
ASV_227	0.247175	0.24262910	0.48649076	0.01240578
ASV_88	0.243446	0.2099226	0.1617921	0.3586229
ASV_159	0.23733	0.08419726	0.39481642	0.23297582
ASV_11	0.242519	0.06010258	0.25425508	0.41319785
ASV_185	0.238168	0.10881999	0.51171355	0.09397085
ASV_1318	0.218474	0.1110893	0.4654154	0.0789181
ASV_249	0.229346	0.60308459	0.08062182	0.00433247
ASV_128	0.225506	0.11803767	0.05153512	0.50694664
ASV_172	0.224975	0.28728240	0.30511204	0.08252946
ASV_139	0.218454	0.09617638	0.10742517	0.45176015
ASV_1027	0.216209	0.09396992	0.50781638	0.04684220
ASV_123	0.208476	0.04716193	0.13427678	0.44398842
ASV_143	0.203883	0.42367542	0.13340391	0.05456976
ASV_222	0.20588	0.011668169	0.004318492	0.601654291
ASV_125	0.204825	0.06761277	0.04993814	0.49692522
ASV_342	0.199536	0.009723917	0.004800479	0.584082609
ASV_1046	0.192708	0.32035044	0.23745139	0.02032149
ASV_113	0.195131	0.35855615	0.21631275	0.01052501
ASV_111	0.195248	0.2235489	0.1740376	0.1881587
ASV_81	0.197786	0.07290743	0.33160364	0.18884661
ASV_138	0.192918	0.15612698	0.40697916	0.01564811
ASV_189	0.190968	0.1023233	0.3570767	0.1135031
ASV_153	0.190964	0.45589256	0.03153685	0.08546247
ASV_90	0.188074	0.39037884	0.13799804	0.03584462
ASV_411	0.184456	0.04493435	0.03387225	0.47456193
ASV_93	0.185625	0.1721581	0.1531027	0.2316149
ASV_207	0.190735	0.2278292	0.1319670	0.2124077
ASV_191	0.187649	0.03797767	0.10842580	0.41654366
ASV_144	0.186313	0.33553622	0.16458339	0.05881896
ASV_43	0.182956	0.006702622	0.533524650	0.008641855
ASV_148	0.181322	0.16448948	0.07515273	0.30432490
ASV_127	0.180832	0.12151803	0.36783560	0.05314187
ASV_170	0.177546	0.07242969	0.20910397	0.25110388
ASV_193	0.173911	0.1804823	0.2153645	0.1258863
ASV_14	0.176805	0.47477394	0.04253878	0.01310168
ASV_91	0.170291	0.43081092	0.06953438	0.01052740
ASV_1610	0.162224	0.1106459	0.2585682	0.1174590
ASV_179	0.165802	0.2356661	0.1528224	0.1089177
ASV_1446	0.163213	0.30522435	0.10898193	0.07543197
ASV_82	0.165899	0.2276198	0.1393536	0.1307234
ASV_109	0.161401	0.07123649	0.07506160	0.33790495
ASV_720	0.15992	0.009544372	0.186427377	0.283786797
ASV_1658	0.15713	0.1132462	0.1622562	0.1958868
ASV_231	0.154726	0.23230920	0.15411367	0.07775497
ASV_573	0.150677	0.36577815	0.02908277	0.05716923
ASV_152	0.152053	0.01577699	0.14953976	0.29084187
ASV_465	0.149171	0.06877872	0.25502026	0.12371488
ASV_314	0.144788	0.04604341	0.10221263	0.28610733
ASV_390	0.142557	0.0048341344	0.0006646992	0.4221725668
ASV_50	0.142296	0.20896512	0.09663896	0.12128466
ASV_154	0.140622	0.1288164	0.1350208	0.1580293
ASV_118	0.142288	0.360435534	0.057178090	0.009251797
ASV_217	0.139747	0.01646066	0.01713263	0.38564753
ASV_1035	0.139862	0.13993935	0.23933643	0.04030898
ASV_1413	0.136537	0.03860044	0.26925752	0.10175256
ASV_238	0.13837	0.05447786	0.07501774	0.28561342
ASV_240	0.1376	0.05471830	0.06658468	0.29149774
ASV_255	0.137855	0.07887387	0.05396293	0.28072934
ASV_1497	0.138253	0.22161867	0.16183894	0.03130283
ASV_256	0.134556	0.1373304	0.1154810	0.1508577
ASV_67	0.133007	0.003817122	0.392681112	0.002523342
ASV_244	0.13407	0.21148776	0.15534243	0.03537874
ASV_259	0.136147	0.17912870	0.22240171	0.00690914
ASV_54	0.134441	0.09920081	0.17497973	0.12914289
ASV_333	0.128286	0.1156177	0.1304470	0.1387930
ASV_100	0.126709	0.19793451	0.15725777	0.02493492
ASV_106	0.126916	0.21172282	0.12191606	0.04710932
ASV_205	0.126663	0.1694907	0.0835290	0.1269705
ASV_72	0.125254	0.08545932	0.14551791	0.14478544
ASV_101	0.122798	0.21751934	0.10391403	0.04696048
ASV_223	0.123019	0.13409897	0.07791903	0.15703889
ASV_188	0.122532	0.04566107	0.08491963	0.23701494
ASV_104	0.121457	0.07629706	0.05716708	0.23090569
ASV_204	0.123258	0.08424351	0.10441933	0.18110999
ASV_103	0.121423	0.18981362	0.12861345	0.04584088
ASV_108	0.122433	0.1044520	0.1018566	0.1609896
ASV_195	0.121273	0.0099214661	0.0006646992	0.3532314782
ASV_174	0.120738	0.20708544	0.08550850	0.06961903
ASV_261	0.120674	0.15340770	0.15466661	0.05394842
ASV_197	0.11836	0.07100904	0.11898379	0.16508693
ASV_800	0.11766	0.1160323	0.1082665	0.1286802
ASV_1567	0.110428	0.002518033	0.317740762	0.011025907
ASV_133	0.116066	0.16962849	0.08739933	0.09117155
ASV_473	0.11831	0.001929381	0.353000260	0.000000000
ASV_137	0.116958	0.18599981	0.15137466	0.01350069
ASV_167	0.113835	0.21584134	0.08012768	0.04553659
ASV_182	0.112382	0.05083379	0.04941133	0.23690201
ASV_1582	0.112706	0.13863325	0.07937944	0.12010495
ASV_455	0.115079	0.326562314	0.016205923	0.002467626
ASV_209	0.112137	0.04696227	0.26293690	0.02651164
ASV_377	0.109624	0.12282572	0.15377928	0.05226767
ASV_281	0.110656	0.0005790254	0.0006646992	0.3307228322
ASV_276	0.109745	0.1765257	0.1507974	0.0019134
ASV_33	0.109806	0.1013046	0.2021739	0.0259391
ASV_187	0.109233	0.15822212	0.10186266	0.06761407
ASV_243	0.106801	0.03866361	0.03692060	0.24481772
ASV_129	0.106479	0.09034097	0.07361565	0.15548155
ASV_594	0.1064	0.167834972	0.143319772	0.008045451
ASV_327	0.104916	0.0042551090	0.0006095405	0.3098848461
ASV_619	0.105816	0.17347472	0.07261933	0.07135472
ASV_192	0.104777	0.13298676	0.11869140	0.06265183
ASV_383	0.102864	0.01759422	0.09545252	0.19554385
ASV_211	0.104907	0.11974376	0.09497024	0.10000579
ASV_241	0.105269	0.28171208	0.01327822	0.02081601
ASV_200	0.103837	0.09890073	0.08632995	0.12628020
ASV_158	0.105634	0.04576673	0.16945663	0.10167903
ASV_176	0.103761	0.256276010	0.050651097	0.004355554
ASV_242	0.104217	0.06717705	0.07994957	0.16552397
ASV_225	0.105884	0.02044121	0.24719536	0.05001497
ASV_507	0.101695	0.07472341	0.08625053	0.14411176
ASV_284	0.101669	0.11818537	0.14656330	0.04025828
ASV_385	0.101928	0.006062704	0.003691715	0.296030293
ASV_196	0.099738	0.08702711	0.11495555	0.09723196
ASV_448	0.099474	0.004386521	0.002417476	0.291618088
ASV_336	0.096585	0.03052297	0.23168326	0.02754821
ASV_1448	0.093358	0.21611642	0.03461821	0.02934064
ASV_216	0.093489	0.195574494	0.002472634	0.082420719
ASV_397	0.095064	0.08664915	0.04171763	0.15682432
ASV_234	0.093444	0.15818017	0.09678032	0.02537294
ASV_110	0.094277	0.032020629	0.249561659	0.001250128
ASV_398	0.091558	0.15841418	0.07336561	0.04289544
ASV_447	0.096059	0.004975173	0.266613777	0.016587026
ASV_1297	0.093332	0.0043352548	0.0006095405	0.2750514557
ASV_140	0.091513	0.12167611	0.05098764	0.10187670
ASV_180	0.091292	0.05913667	0.05106134	0.16367852
ASV_291	0.0903	0.1581360287	0.0006095405	0.1121554852
ASV_271	0.089907	0.17889805	0.03275658	0.05806786
ASV_293	0.089154	0.214918387	0.001901016	0.050643763
ASV_183	0.09145	0.02280333	0.08262758	0.16892026
ASV_481	0.092632	0.267910533	0.005575496	0.004411270
ASV_155	0.090572	0.06600726	0.02665084	0.17905866
ASV_334	0.089336	0.250055193	0.007506879	0.010446210
ASV_413	0.09285	0.250253402	0.023330127	0.004965496
ASV_184	0.088476	0.07196516	0.06255297	0.13090984
ASV_214	0.086658	0.14611290	0.09482970	0.01903235
ASV_166	0.086653	0.03865907	0.20648410	0.01481530
ASV_171	0.085216	0.004904654	0.056791803	0.193952614
ASV_275	0.08517	0.064692052	0.181521325	0.009297966
ASV_1505	0.082917	0.12504876	0.05296104	0.07074258
ASV_98	0.08308	0.12751121	0.01220525	0.10952297
ASV_210	0.082903	0.01737617	0.18434034	0.04699288
ASV_173	0.08312	0.13392615	0.02511525	0.09031913
ASV_532	0.087779	0.0006399181	0.2614475651	0.0012501285
ASV_309	0.081091	0.110535251	0.129630784	0.003107812
ASV_246	0.08042	0.002386621	0.043558716	0.195314109
ASV_290	0.084819	0.02972065	0.18356401	0.04117203
ASV_105	0.079903	0.02393462	0.07807087	0.13770410
ASV_435	0.079776	0.206619819	0.023512184	0.009196081
ASV_848	0.079851	0.01052937	0.07298905	0.15603313
ASV_151	0.080437	0.12813573	0.08421848	0.02895618
ASV_57	0.079671	0.02762033	0.01570670	0.19568693
ASV_30	0.08021	0.05054756	0.18758374	0.00249787
ASV_229	0.079995	0.05034978	0.09329676	0.09633921
ASV_254	0.078633	0.05148522	0.05031061	0.13410388
ASV_648	0.077673	0.003736976	0.226224362	0.003056870
ASV_496	0.078467	0.03970380	0.17190421	0.02379251
ASV_141	0.079088	0.08568302	0.06010925	0.09147083
ASV_80	0.075954	0.023250947	0.009725062	0.194886673
ASV_331	0.073174	0.189541667	0.009766434	0.020214829
ASV_475	0.077818	0.227825029	0.003158020	0.002470013
ASV_226	0.076212	0.14267549	0.03518506	0.05077691
ASV_1605	0.0747	0.1759915	0.0315160	0.0165918
ASV_423	0.073218	0.204210720	0.010475287	0.004967883
ASV_1470	0.07423	0.009959972	0.002455398	0.210276055
ASV_407	0.0749	0.04077464	0.04258984	0.14133492
ASV_467	0.07447	0.2202476568	0.0006646992	0.0024978704
ASV_1147	0.071988	0.03520433	0.16706719	0.01369331
ASV_1553	0.072531	0.169679598	0.041144691	0.006769851
ASV_426	0.071008	0.001279836	0.209248999	0.002495484
ASV_348	0.071766	0.03998492	0.06486982	0.11044245
ASV_208	0.075107	0.006692996	0.201981870	0.016647515
ASV_253	0.072212	0.095748979	0.119025879	0.001860071
ASV_218	0.070499	0.03524597	0.10305781	0.07319409
ASV_410	0.071191	0.091375898	0.116672366	0.005524496
ASV_236	0.070913	0.11139815	0.07711988	0.02422071
ASV_278	0.067834	0.006853288	0.069520869	0.127128345
ASV_175	0.070497	0.14265669	0.05818687	0.01064759
ASV_162	0.070517	0.03535797	0.10702428	0.06916990
ASV_277	0.068239	0.08375089	0.07099757	0.04996719
ASV_316	0.069902	0.168736375	0.039111854	0.001857684
ASV_235	0.067586	0.004255109	0.052767826	0.145736210
ASV_269	0.066797	0.06762341	0.04375999	0.08900719
ASV_169	0.067204	0.14566107	0.03849263	0.01745723
ASV_258	0.064815	0.13900619	0.03445077	0.02098793
ASV_509	0.063183	0.003756229	0.043853887	0.141938397
ASV_260	0.0636	0.11646568	0.05106134	0.02327330
ASV_301	0.062953	0.007879926	0.008661121	0.172319230
ASV_289	0.063582	0.008811548	0.003636557	0.178299344
ASV_306	0.063119	0.06934562	0.04993945	0.07007274
ASV_124	0.063101	0.07718988	0.10151923	0.01059426
ASV_252	0.060719	0.05721058	0.09241633	0.03253066
ASV_1368	0.058815	0.03387095	0.07085161	0.07172105
ASV_470	0.060665	0.02998245	0.01851374	0.13349953
ASV_428	0.059375	0.037716888	0.136046821	0.004362714
ASV_1542	0.059473	0.07205049	0.09085808	0.01551120
ASV_1240	0.058285	0.054439127	0.119167319	0.001247742
ASV_150	0.059663	0.05705992	0.07412734	0.04780283
ASV_372	0.060146	0.06137279	0.08477008	0.03429576
ASV_673	0.059452	0.07918256	0.02962335	0.06955012
ASV_391	0.058238	0.006955820	0.165312945	0.002444541
ASV_464	0.058432	0.04307252	0.10163396	0.03058862
ASV_190	0.059741	0.02220506	0.06909095	0.08792714
ASV_228	0.058993	0.006194116	0.043572356	0.127213523
ASV_468	0.058275	0.06156720	0.05638451	0.05687473
ASV_1031	0.056975	0.02139944	0.03027016	0.11925538
ASV_156	0.058399	0.005775383	0.005169353	0.164253538
ASV_131	0.058401	0.05374292	0.06958674	0.05187343
ASV_1364	0.058401	0.063606245	0.104133220	0.007463367
ASV_349	0.05732	0.06306275	0.09526343	0.01363282
ASV_279	0.05724	0.03787952	0.07838444	0.05545506
ASV_297	0.057054	0.010651157	0.007937813	0.152573558
ASV_549	0.05676	0.12128226	0.02888150	0.02011509
ASV_376	0.057127	0.005675984	0.001790699	0.163915122
ASV_1238	0.057804	0.018090825	0.147109182	0.008212598
ASV_446	0.055978	0.01059026	0.00413233	0.15321084
ASV_1614	0.054504	0.076810013	0.081123495	0.005577825
ASV_450	0.055586	0.09261003	0.05910257	0.01504532
ASV_443	0.056556	0.001868488	0.000000000	0.167800891
ASV_988	0.057298	0.004955920	0.003543476	0.163395828
ASV_230	0.055669	0.008500591	0.019516287	0.138990549
ASV_47	0.055949	0.06607590	0.07368129	0.02808890
ASV_556	0.055117	0.064552329	0.004449496	0.096349583
ASV_265	0.054872	0.07240651	0.01683680	0.07537359
ASV_1569	0.056216	0.0951516075	0.0728854292	0.0006099421
ASV_537	0.053996	0.083250833	0.009098285	0.069638447
ASV_250	0.05327	0.096123710	0.056193607	0.007491225
ASV_487	0.054947	0.02010576	0.03921874	0.10551674
ASV_483	0.05533	0.065294553	0.096391236	0.004304612
ASV_422	0.053395	0.00122857	0.00000000	0.15895785
ASV_233	0.052577	0.105850760	0.049435466	0.002444541
ASV_299	0.052565	0.132498438	0.023337682	0.001860071
ASV_382	0.052402	0.02081306	0.05250516	0.08388722
ASV_546	0.051329	0.001807595	0.001752777	0.150426600
ASV_45	0.050356	0.009300801	0.009931910	0.131835505
ASV_1022	0.04988	0.01286786	0.06693501	0.06983575
ASV_434	0.052245	0.0006495447	0.0018458577	0.1542409046
ASV_1439	0.052182	0.151618948	0.001236317	0.003689897
ASV_285	0.050292	0.07093328	0.02183723	0.05810654
ASV_283	0.048945	0.139471649	0.005503101	0.001860071
ASV_950	0.049548	0.01728326	0.04664567	0.08471428
ASV_318	0.049224	0.03479209	0.01336852	0.09951205
ASV_323	0.048232	0.03618494	0.05805389	0.05045592
ASV_429	0.048591	0.01937607	0.02572136	0.10067641
ASV_145	0.049161	0.04054697	0.07233517	0.03460166
ASV_288	0.048324	0.004316002	0.008471508	0.132185941
ASV_449	0.049461	0.001878115	0.000000000	0.146503733
ASV_263	0.047716	0.05842953	0.05819245	0.02652596
ASV_538	0.048044	0.0012990893	0.0006095405	0.1422224214
ASV_395	0.046627	0.05029407	0.06213598	0.02745110
ASV_330	0.047773	0.06551887	0.04561471	0.03218658
ASV_247	0.049415	0.01422995	0.13151735	0.00249787
ASV_569	0.046448	0.04403286	0.03818106	0.05713104
ASV_343	0.046353	0.004264736	0.004779793	0.130014662
ASV_370	0.043756	0.043708981	0.086335561	0.001222271
ASV_107	0.045404	0.097473203	0.009707825	0.029030990
ASV_245	0.046939	0.04822723	0.05934653	0.03324409
ASV_267	0.04549	0.02935193	0.03148579	0.07563147
ASV_199	0.045319	0.02306178	0.05189497	0.06100026
ASV_257	0.044625	0.08309572	0.03272556	0.01805364
ASV_1479	0.045993	0.014210699	0.120605910	0.003163528
ASV_380	0.044455	0.03073014	0.05336852	0.04926730
ASV_354	0.043959	0.024453771	0.004779793	0.102643422
ASV_337	0.044906	0.058672462	0.004225411	0.071820553
ASV_1652	0.045516	0.082452418	0.050962672	0.003133284
ASV_664	0.04269	0.009873333	0.112005193	0.006190154
ASV_626	0.043648	0.003849135	0.018778539	0.108315972
ASV_387	0.043563	0.04422305	0.03058322	0.05588330
ASV_494	0.044335	0.04319117	0.03836442	0.05144895
ASV_1550	0.043668	0.05076976	0.05794145	0.02229299
ASV_1552	0.042734	0.04369967	0.04293949	0.04156412
ASV_378	0.042272	0.05248947	0.06259714	0.01173057
ASV_535	0.041606	0.01549805	0.06298063	0.04633915
ASV_625	0.042024	0.0236769693	0.1017835265	0.0006123286
ASV_36	0.041336	0.03765920	0.03793285	0.04841516
ASV_1337	0.039945	0.075286606	0.041439191	0.003110199
ASV_134	0.041389	0.100011284	0.007920577	0.016234964
ASV_766	0.040335	0.05591799	0.05275353	0.01233414
ASV_273	0.040595	0.03360391	0.03329095	0.05488867
ASV_867	0.041159	0.080611969	0.039756537	0.003107812
ASV_268	0.039895	0.03873937	0.06734247	0.01360258
ASV_629	0.040159	0.08290387	0.01749805	0.02007530
ASV_282	0.039324	0.001228570	0.000571618	0.116171929
ASV_442	0.039455	0.005413160	0.006278117	0.106674078
ASV_564	0.040128	0.06613218	0.01989419	0.03435864
ASV_403	0.038266	0.012030392	0.098464967	0.004302225
ASV_350	0.039218	0.005016812	0.006295353	0.106340783
ASV_295	0.038386	0.00000000	0.01443656	0.10072126
ASV_485	0.039611	0.0196165032	0.0986052979	0.0006123286
ASV_959	0.03894	0.059535063	0.055399051	0.001885542
ASV_697	0.03824	0.05909605	0.04512798	0.01049477
ASV_142	0.0379	0.081897050	0.007637883	0.024164992
ASV_270	0.037138	0.04293045	0.05622461	0.01226011
ASV_1077	0.039108	0.108434955	0.006388435	0.002500257
ASV_612	0.037183	0.002376994	0.096166049	0.013004569
ASV_1486	0.037161	0.080926762	0.028080877	0.002474786
ASV_497	0.038104	0.04815671	0.04984226	0.01631376
ASV_287	0.037553	0.01945621	0.05233280	0.04086900
ASV_514	0.037319	0.041825714	0.062053760	0.008078082
ASV_440	0.037164	0.07005395	0.02411057	0.01732749
ASV_781	0.03739	0.001228570	0.002417476	0.108523324
ASV_305	0.03617	0.0907318472	0.0171671013	0.0006123286
ASV_621	0.036237	0.03757717	0.00000000	0.07113424
ASV_1246	0.036141	0.05211574	0.01799728	0.03830963
ASV_453	0.036277	0.0006495447	0.0000000000	0.1081799606
ASV_357	0.035326	0.001299089	0.074326022	0.030352759
ASV_542	0.034824	0.01651295	0.07303254	0.01492673
ASV_1386	0.035593	0.006914180	0.003691715	0.096174452
ASV_418	0.035426	0.0005790254	0.0017527766	0.1039463596
ASV_740	0.037255	0.0005790254	0.1035331839	0.0076535981
ASV_462	0.034969	0.03954483	0.01854821	0.04681458
ASV_322	0.034224	0.003595938	0.002379553	0.096697848
ASV_491	0.034946	0.0006399181	0.0006646992	0.1035346331
ASV_232	0.034803	0.02424660	0.00000000	0.08016211
ASV_296	0.034073	0.019285271	0.002510557	0.080423398
ASV_364	0.034042	0.02935529	0.05783113	0.01494105
ASV_472	0.033407	0.02446778	0.04322711	0.03252666
ASV_312	0.033937	0.01976279	0.00707037	0.07497775
ASV_967	0.033248	0.027589176	0.066442521	0.005712341
ASV_262	0.032887	0.06051504	0.02571380	0.01243364
ASV_332	0.032973	0.04621646	0.03293241	0.01976965
ASV_215	0.032508	0.009643771	0.006071269	0.081809430
ASV_541	0.032798	0.01464133	0.04440400	0.03934984
ASV_687	0.032802	0.001158051	0.000000000	0.097246912
ASV_502	0.031715	0.0005790254	0.0716761909	0.0228909977
ASV_1501	0.033469	0.098505746	0.001901016	0.000000000
ASV_1286	0.032474	0.007502832	0.003230415	0.086688403
ASV_599	0.03314	0.0006495447	0.0969352669	0.0018345993
ASV_554	0.032036	0.02657968	0.05026007	0.01926875
ASV_895	0.032099	0.02712247	0.02006722	0.04910629
ASV_371	0.031212	0.001858862	0.001807935	0.089968569
ASV_319	0.031328	0.00122857	0.00000000	0.09275446
ASV_524	0.03132	0.04453925	0.03340127	0.01601926
ASV_461	0.031672	0.046108681	0.043963403	0.004944798
ASV_386	0.030904	0.04194968	0.01423317	0.03652937
ASV_732	0.031065	0.03757717	0.00000000	0.05561904
ASV_725	0.031002	0.03837299	0.00000000	0.05463317
ASV_539	0.030696	0.02669833	0.02292465	0.04246380
ASV_119	0.030779	0.02116127	0.01091033	0.06026457
ASV_1424	0.030576	0.001807595	0.002510557	0.087410015
ASV_406	0.030528	0.03506853	0.03915192	0.01736490
ASV_513	0.030417	0.005746503	0.004910796	0.080594862
ASV_669	0.030095	0.04356912	0.03122446	0.01549289
ASV_353	0.030184	0.02177231	0.01290377	0.05587721
ASV_381	0.030641	0.055856641	0.034840981	0.001224657
ASV_1549	0.030419	0.04654644	0.01727676	0.02743279
ASV_1141	0.02979	0.047397984	0.036975763	0.004995741
ASV_488	0.029299	0.057469956	0.009098285	0.021327817
ASV_388	0.030677	0.074278858	0.005465178	0.012287188
ASV_328	0.029388	0.01997434	0.04850400	0.01968607
ASV_362	0.029892	0.02243148	0.02110014	0.04614356
ASV_272	0.029845	0.06921398	0.00865422	0.01166609
ASV_202	0.028187	0.06975339	0.00361587	0.01119067
ASV_401	0.029553	0.001878115	0.001236317	0.085544933
ASV_438	0.028969	0.01914212	0.02458780	0.04317747
ASV_486	0.028523	0.02546116	0.04764558	0.01246149
ASV_512	0.029148	0.002965646	0.016802332	0.067674561
ASV_53	0.027977	0.006396048	0.070600590	0.006934612
ASV_359	0.029055	0.02825062	0.01172261	0.04719051
ASV_456	0.02965	0.001948634	0.001236317	0.085766537
ASV_864	0.029355	0.0012894628	0.0006095405	0.0861665693
ASV_274	0.029297	0.01908874	0.04846526	0.02033819
ASV_482	0.029457	0.04515256	0.04194237	0.00127560
ASV_313	0.028533	0.002527659	0.009762984	0.073309707
ASV_420	0.029181	0.013069790	0.069473627	0.004998127
ASV_239	0.028304	0.058546704	0.008106739	0.018257408
ASV_495	0.027969	0.03765708	0.02222959	0.02401932
ASV_1613	0.028063	0.028654321	0.053645620	0.001887928
ASV_1018	0.027788	0.0768108077	0.0059402650	0.0006123286
ASV_460	0.028575	0.050441597	0.031562948	0.003720141
ASV_451	0.028254	0.01823727	0.03660475	0.02991873
ASV_457	0.02795	0.010782569	0.007510984	0.065556416
ASV_149	0.026688	0.003209217	0.073133158	0.003722528
ASV_581	0.027661	0.004753988	0.078229970	0.000000000
ASV_1209	0.026762	0.044796512	0.029914258	0.005575438
ASV_408	0.027231	0.033146667	0.039754573	0.008792295
ASV_765	0.027203	0.02239713	0.05921158	0.00000000
ASV_784	0.027588	0.001158051	0.000000000	0.081607007
ASV_186	0.027452	0.006712249	0.003653793	0.071991215
ASV_770	0.027188	0.03065540	0.02926828	0.02164165
ASV_164	0.026288	0.01032744	0.02241098	0.04612451
ASV_932	0.025226	0.001279836	0.073178782	0.001219884
ASV_635	0.026111	0.02438747	0.03783632	0.01610999
ASV_62	0.026578	0.04474243	0.01207014	0.02292124
ASV_341	0.025952	0.02733176	0.01386429	0.03666018
ASV_634	0.02602	0.0006495447	0.0774116471	0.0000000000
ASV_219	0.025823	0.048434249	0.003120097	0.025916018
ASV_425	0.026691	0.03793916	0.04213264	0.00000000
ASV_506	0.026508	0.034560026	0.041188697	0.003775857
ASV_360	0.025649	0.0223118102	0.0540222114	0.0006123286
ASV_743	0.02624	0.03835578	0.02927582	0.01108878
ASV_1491	0.026136	0.020326781	0.055584559	0.002495484
ASV_684	0.025688	0.0050360656	0.0006095405	0.0714189361
ASV_466	0.024339	0.07301809	0.00000000	0.00000000
ASV_431	0.026097	0.02698143	0.02969920	0.02160902
ASV_437	0.026413	0.062068126	0.014729594	0.002442155
ASV_458	0.025886	0.02474211	0.04236920	0.01054809
ASV_957	0.025638	0.001218943	0.001994097	0.073702146
ASV_762	0.025437	0.01737617	0.01308583	0.04584964
ASV_308	0.025732	0.068735376	0.006019560	0.002442155
ASV_631	0.025696	0.059867090	0.005444492	0.011775138
ASV_608	0.025196	0.02022441	0.01878887	0.03657554
ASV_752	0.025152	0.003026539	0.001845858	0.070582401
ASV_419	0.024775	0.03249274	0.04183140	0.00000000
ASV_632	0.025013	0.009860573	0.001883780	0.063293883
ASV_586	0.025111	0.040096220	0.032072522	0.003163528
ASV_266	0.024424	0.03344275	0.02925728	0.01057118
ASV_304	0.024267	0.01364882	0.02830496	0.03084728
ASV_315	0.024177	0.01187010	0.02562548	0.03503569
ASV_375	0.023891	0.02565033	0.03307721	0.01294408
ASV_584	0.024479	0.034735576	0.006849735	0.031852826
ASV_346	0.023419	0.001299089	0.002603638	0.066352792
ASV_393	0.02317	0.042696283	0.025565560	0.001247742
ASV_570	0.023797	0.02610107	0.03348810	0.01180300
ASV_540	0.023408	0.01434000	0.02260814	0.03327726
ASV_534	0.023451	0.019335675	0.002472634	0.048545925
ASV_237	0.023639	0.009841320	0.054881922	0.006194927
ASV_311	0.02245	0.056984858	0.001790699	0.008574206
ASV_402	0.023075	0.02653906	0.03153127	0.01115565
ASV_168	0.022774	0.0018588616	0.0006646992	0.0657986087
ASV_526	0.022992	0.02247962	0.01288653	0.03361101
ASV_471	0.022975	0.03255175	0.01402632	0.02234632
ASV_609	0.024135	0.001279836	0.071124951	0.000000000
ASV_652	0.022776	0.022678415	0.004779793	0.040870609
ASV_504	0.022827	0.0030265389	0.0006095405	0.0648451313
ASV_1454	0.022384	0.025605328	0.034743125	0.006802482
ASV_768	0.022636	0.0000000000	0.0006646992	0.0672445227
ASV_358	0.021242	0.004457040	0.054352640	0.004916941
ASV_565	0.022569	0.02197424	0.01657825	0.02915357
ASV_657	0.022507	0.01209128	0.03200636	0.02342292
ASV_582	0.022436	0.032088015	0.026579102	0.008639468
ASV_614	0.02201	0.02053412	0.01585494	0.02964093
ASV_1581	0.022118	0.002527659	0.001845858	0.061980337
ASV_557	0.021983	0.01787629	0.01914396	0.02892911
ASV_452	0.021719	0.02813948	0.01722226	0.01979512
ASV_492	0.021848	0.038077067	0.019423206	0.008043064
ASV_562	0.0215	0.001299089	0.005503101	0.057698223
ASV_605	0.021667	0.00122857	0.01231146	0.05146010
ASV_421	0.021374	0.003868388	0.011874299	0.048379602
ASV_572	0.021282	0.008862814	0.008861069	0.046122081
ASV_436	0.021384	0.01618610	0.01943699	0.02853009
ASV_525	0.021102	0.03022164	0.01014844	0.02293556
ASV_518	0.021297	0.03045245	0.01742566	0.01601288
ASV_1526	0.021728	0.001228570	0.001752777	0.062202722
ASV_610	0.021109	0.001218943	0.021351139	0.040755967
ASV_412	0.021768	0.060469978	0.002362317	0.002472399
ASV_520	0.021347	0.02881266	0.01039321	0.02483542
ASV_499	0.020546	0.013028151	0.007675805	0.040935090
ASV_637	0.020529	0.008734536	0.025586901	0.027265645
ASV_832	0.020537	0.003097058	0.028449096	0.030066197
ASV_490	0.020315	0.031548359	0.026262591	0.003133284
ASV_789	0.020639	0.01302815	0.00127424	0.04761315
ASV_1570	0.021101	0.045614183	0.014526195	0.003161141
ASV_1230	0.02084	0.0396306026	0.0222785005	0.0006123286
ASV_615	0.020075	0.007502832	0.001828622	0.050894179
ASV_1370	0.019934	0.01359003	0.04621197	0.00000000
ASV_251	0.020091	0.01552693	0.02241230	0.02233278
ASV_522	0.019866	0.0006495447	0.0006095405	0.0583399716
ASV_745	0.020113	0.0012990893	0.0006095405	0.0584289478
ASV_1180	0.020692	0.0591035022	0.0023623171	0.0006099421
ASV_498	0.019844	0.02223269	0.01063453	0.02666447
ASV_147	0.019388	0.026803134	0.025699999	0.005661398
ASV_394	0.018384	0.003887641	0.048767463	0.002497870
ASV_1637	0.019758	0.03498212	0.02237914	0.00191340
ASV_660	0.019535	0.002578926	0.019581781	0.036444239
ASV_555	0.019209	0.002527659	0.003230415	0.051868659
ASV_771	0.019133	0.02928455	0.00188378	0.02622989
ASV_329	0.019124	0.010702423	0.003712402	0.042958315
ASV_416	0.019123	0.002508406	0.017040203	0.037820899
ASV_1635	0.019005	0.001807595	0.001329398	0.053879170
ASV_730	0.018503	0.034332575	0.015648090	0.005526883
ASV_811	0.018523	0.0000000	0.0000000	0.0555676
ASV_1611	0.018671	0.01732803	0.01447449	0.02421116
ASV_731	0.018656	0.01783129	0.01897849	0.01915732
ASV_692	0.018942	0.002386621	0.002989094	0.051450858
ASV_822	0.018521	0.0127983618	0.0421547975	0.0006099421
ASV_553	0.018169	0.00000000	0.00000000	0.05450762
ASV_644	0.018519	0.0005790254	0.0006646992	0.0543137428
ASV_680	0.018503	0.019254280	0.008254979	0.027998951
ASV_404	0.01764	0.027932146	0.019408766	0.005577825
ASV_400	0.018561	0.004376894	0.003691715	0.047614513
ASV_583	0.018234	0.009666157	0.014340033	0.030696056
ASV_1008	0.017388	0.03841761	0.00000000	0.01374664
ASV_576	0.017923	0.01821801	0.01639208	0.01915970
ASV_1105	0.017752	0.001218943	0.000000000	0.052036825
ASV_303	0.018313	0.024995312	0.026865900	0.003077568
ASV_894	0.017497	0.0500505619	0.0018286216	0.0006123286
ASV_321	0.017798	0.016548325	0.008933464	0.027912991
ASV_427	0.017518	0.018125109	0.030704546	0.003724914
ASV_703	0.017541	0.01408680	0.01229768	0.02623838
ASV_954	0.01632	0.0006495447	0.0476718309	0.0006377998
ASV_374	0.017453	0.005128971	0.008306032	0.038924340
ASV_441	0.017368	0.01529299	0.01947836	0.01733227
ASV_551	0.016976	0.0490965537	0.0012190811	0.0006123286
ASV_650	0.017366	0.016918926	0.009800907	0.025377716
ASV_298	0.017102	0.01569998	0.01825518	0.01735058
ASV_788	0.017014	0.00000000	0.00000000	0.05104195
ASV_530	0.016708	0.030205518	0.013789102	0.006129665
ASV_741	0.016737	0.000000000	0.001181159	0.049029053
ASV_352	0.016634	0.01797656	0.00782815	0.02409711
ASV_658	0.01655	0.010043252	0.004487418	0.035118478
ASV_367	0.016348	0.002965646	0.001181159	0.044896405
ASV_611	0.016354	0.01830779	0.01279345	0.01796052
ASV_769	0.015997	0.02138770	0.01547916	0.01112302
ASV_115	0.015801	0.014368880	0.029315869	0.003717754
ASV_587	0.016129	0.002527659	0.000571618	0.045287433
ASV_1618	0.016169	0.02106188	0.01118546	0.01626044
ASV_989	0.015545	0.001158051	0.045476984	0.000000000
ASV_307	0.016053	0.001797969	0.001752777	0.044608823
ASV_533	0.015737	0.023076647	0.022277846	0.001857684
ASV_672	0.015781	0.018412431	0.009690589	0.019240892
ASV_1601	0.016045	0.01491903	0.02019888	0.01301811
ASV_647	0.015607	0.016726621	0.009487191	0.020607224
ASV_699	0.015191	0.009547505	0.026666754	0.009358455
ASV_414	0.015456	0.001289463	0.008861069	0.036216560
ASV_528	0.015694	0.008987733	0.000571618	0.037522166
ASV_604	0.015153	0.03140105	0.00000000	0.01405891
ASV_978	0.015219	0.001939007	0.041276380	0.002442155
ASV_286	0.015136	0.023716565	0.019216357	0.002474786
ASV_1540	0.015332	0.024872504	0.011264759	0.009859352
ASV_519	0.015171	0.01511031	0.01603765	0.01436374
ASV_665	0.015317	0.019871812	0.005503101	0.020576980
ASV_1041	0.015281	0.011403234	0.009725062	0.024713664
ASV_165	0.015214	0.009454600	0.004817715	0.031370241
ASV_529	0.015322	0.007464326	0.031087861	0.007414811
ASV_1242	0.01553	0.03165128	0.01116478	0.00377347
ASV_759	0.015412	0.001868488	0.001828622	0.042537585
ASV_738	0.014651	0.00000000	0.01611907	0.02783341
ASV_797	0.015017	0.006072331	0.008179134	0.030800327
ASV_409	0.014379	0.021088485	0.018964701	0.003082341
ASV_742	0.014845	0.009723917	0.025542093	0.009267722
ASV_636	0.014859	0.019376066	0.016557561	0.008644241
ASV_952	0.014891	0.015239609	0.005406569	0.024025703
ASV_1554	0.014895	0.038580102	0.000000000	0.006104194
ASV_1499	0.014596	0.001228570	0.001236317	0.041322951
ASV_773	0.014696	0.001858862	0.012442467	0.029786600
ASV_493	0.014172	0.028806008	0.007569593	0.006139211
ASV_476	0.014403	0.0018075954	0.0006646992	0.0407366361
ASV_602	0.014195	0.011780328	0.008619748	0.022186330
ASV_1407	0.014564	0.0005790254	0.0005716180	0.0425423583
ASV_649	0.013993	0.01378023	0.01341678	0.01478107
ASV_744	0.014094	0.013668069	0.004466732	0.024148286
ASV_568	0.014022	0.016115583	0.009249975	0.016701625
ASV_877	0.014069	0.007026339	0.015341930	0.019837295
ASV_696	0.014441	0.001279836	0.040792906	0.001250128
ASV_659	0.013845	0.0006399181	0.0408943437	0.0000000000
ASV_40	0.013898	0.005036066	0.004542577	0.032116542
ASV_702	0.013809	0.012685181	0.006222959	0.022518237
ASV_767	0.01375	0.0006495447	0.0012190811	0.0393800879
ASV_1254	0.013528	0.012721576	0.020530645	0.007331238
ASV_365	0.013914	0.0006495447	0.0005716180	0.0405199141
ASV_667	0.013567	0.003615191	0.019257730	0.017828390
ASV_618	0.013424	0.001299089	0.030842450	0.008129024
ASV_782	0.013439	0.023906985	0.013358168	0.003052097
ASV_938	0.013207	0.015833505	0.022539853	0.001247742
ASV_590	0.013178	0.01686766	0.01825518	0.00441127
ASV_646	0.013123	0.01718386	0.01035529	0.01182847
ASV_724	0.013191	0.014256721	0.008013658	0.017302021
ASV_627	0.013145	0.012378606	0.006570492	0.020486247
ASV_623	0.013498	0.030341312	0.005740972	0.004411270
ASV_737	0.013596	0.00000000	0.04078946	0.00000000
ASV_968	0.013204	0.00122857	0.00127424	0.03711044
ASV_317	0.013171	0.007272021	0.019110800	0.013129538
ASV_508	0.012962	0.001878115	0.001883780	0.035123013
ASV_793	0.012892	0.02003524	0.01061385	0.00802714
ASV_824	0.012815	0.004946293	0.002565715	0.030933238
ASV_726	0.012604	0.01182408	0.01978798	0.00619970
ASV_926	0.012758	0.0044794266	0.0331840660	0.0006099421
ASV_1049	0.013313	0.00000000	0.03993925	0.00000000
ASV_361	0.012509	0.00000000	0.00000000	0.03752796
ASV_591	0.012601	0.00000000	0.00000000	0.03780259
ASV_723	0.012624	0.002447514	0.004910796	0.030515133
ASV_676	0.012565	0.002437887	0.035257459	0.000000000
ASV_1519	0.012726	0.02398502	0.01419179	0.00000000
ASV_1111	0.012452	0.003087432	0.025608242	0.008660166
ASV_545	0.012245	0.011210929	0.018089703	0.007435509
ASV_433	0.012193	0.0000000000	0.0006095405	0.0359703746
ASV_700	0.012298	0.005736876	0.004449496	0.026706645
ASV_682	0.012296	0.0019486340	0.0006095405	0.0343307798
ASV_862	0.012053	0.00661285	0.01277621	0.01676849
ASV_1548	0.012445	0.004632203	0.032703403	0.000000000
ASV_992	0.011662	0.004447414	0.022940566	0.007597883
ASV_1063	0.011791	0.007352167	0.011405443	0.016615665
ASV_560	0.011995	0.017638990	0.012125301	0.006220398
ASV_810	0.011942	0.003157951	0.008547353	0.024120428
ASV_815	0.011976	0.0359265	0.0000000	0.0000000
ASV_1387	0.012653	0.003087432	0.033014323	0.001857684
ASV_1284	0.0118	0.01353666	0.02186416	0.00000000
ASV_543	0.011636	0.015913651	0.017132629	0.001862457
ASV_578	0.011711	0.002527659	0.006129878	0.026475017
ASV_933	0.011584	0.021665399	0.008123975	0.004963110
ASV_826	0.011921	0.003148324	0.008971386	0.023642615
ASV_886	0.011799	0.004376894	0.001790699	0.029228381
ASV_1040	0.011733	0.0006495447	0.0000000000	0.0345491073
ASV_566	0.011533	0.00372735	0.01455313	0.01631854
ASV_645	0.011703	0.001218943	0.001219081	0.032671311
ASV_642	0.011539	0.005685610	0.007992971	0.020938589
ASV_571	0.011364	0.011930993	0.019687339	0.002474786
ASV_706	0.011367	0.019538469	0.007655119	0.006906754
ASV_607	0.011574	0.007515592	0.003581398	0.023624304
ASV_757	0.011845	0.017127350	0.009860170	0.008548735
ASV_177	0.011616	0.005727250	0.004411573	0.024709434
ASV_368	0.011184	0.0005790254	0.0000000000	0.0329726695
ASV_714	0.011316	0.003595938	0.004432260	0.025920791
ASV_776	0.011372	0.011982259	0.008526667	0.013607351
ASV_1193	0.011639	0.00000000	0.00000000	0.03491662
ASV_536	0.011112	0.011578396	0.018031749	0.003724914
ASV_399	0.011042	0.001939007	0.001236317	0.029950036
ASV_503	0.010862	0.016658213	0.012817587	0.003110199
ASV_616	0.011183	0.014736347	0.013124402	0.005689256
ASV_710	0.01122	0.007634244	0.001236317	0.024790859
ASV_711	0.011434	0.0018781147	0.0006646992	0.0317602496
ASV_806	0.011124	0.0006495447	0.0041530162	0.0285698831
ASV_1627	0.010911	0.007291274	0.024165076	0.001275600
ASV_705	0.010964	0.008702523	0.009838829	0.014351809
ASV_663	0.011153	0.01856748	0.00000000	0.01489011
ASV_1406	0.010661	0.005746503	0.003027016	0.023210429
ASV_640	0.0105	0.026589306	0.000000000	0.004912167
ASV_831	0.010673	0.0006399181	0.0000000000	0.0313800251
ASV_716	0.010883	0.0136680690	0.0183696009	0.0006099421
ASV_827	0.010553	0.00000000	0.03165818	0.00000000
ASV_600	0.010731	0.011473753	0.005207276	0.015511204
ASV_760	0.010502	0.015281248	0.013086480	0.003138057
ASV_884	0.010312	0.009464226	0.007844732	0.013625663
ASV_790	0.010305	0.000000000	0.009859515	0.021054793
ASV_1541	0.010507	0.001807595	0.003027016	0.026685709
ASV_1464	0.010794	0.002376994	0.030003889	0.000000000
ASV_439	0.009949	0.003087432	0.015579146	0.011181121
ASV_873	0.010262	0.006235756	0.021465562	0.003084728
ASV_923	0.010131	0.025451530	0.002472634	0.002467626
ASV_758	0.010083	0.000000000	0.006333276	0.023916658
ASV_1003	0.009932	0.026824499	0.002971858	0.000000000
ASV_847	0.009966	0.028647987	0.000000000	0.001250128
ASV_919	0.009739	0.0006495447	0.0062877982	0.0222786691
ASV_340	0.009553	0.0005790254	0.0005716180	0.0275078812
ASV_729	0.009825	0.008254909	0.012587257	0.008632308
ASV_722	0.009708	0.009130883	0.012611393	0.007382180
ASV_712	0.009825	0.00000000	0.00000000	0.02947593
ASV_1388	0.009129	0.0000000000	0.0267494991	0.0006377998
ASV_264	0.009684	0.002518033	0.001181159	0.025352007
ASV_734	0.009554	0.009592505	0.010968279	0.008101167
ASV_1317	0.009134	0.000000000	0.020547881	0.006853425
ASV_1074	0.009652	0.0005790254	0.0000000000	0.0283762458
ASV_912	0.009423	0.000000	0.000000	0.028269
ASV_384	0.009387	0.007605365	0.010613845	0.009940539
ASV_531	0.009272	0.002386621	0.019261180	0.006167069
ASV_593	0.009242	0.009873333	0.013551231	0.004302225
ASV_713	0.009275	0.005045692	0.009783670	0.012995022
ASV_961	0.009299	0.002569299	0.002417476	0.022909309
ASV_521	0.008878	0.012982129	0.009935360	0.003717754
ASV_690	0.008994	0.008938578	0.006884208	0.011158037
ASV_577	0.008642	0.001919754	0.020310011	0.003697056
ASV_677	0.008625	0.0228255608	0.0006095405	0.0024397682
ASV_949	0.0091	0.00000000	0.00000000	0.02729906
ASV_845	0.009046	0.002598179	0.006698045	0.017841928
ASV_1021	0.008945	0.018473324	0.008361191	0.000000000
ASV_1206	0.00906	0.0005790254	0.0000000000	0.0266023735
ASV_1639	0.008396	0.00000000	0.02518912	0.00000000
ASV_561	0.008543	0.006335155	0.016156995	0.003135670
ASV_763	0.009098	0.020017233	0.002896013	0.004381026
ASV_1488	0.008815	0.007668369	0.017525640	0.001250128
ASV_840	0.008802	0.001289463	0.009859515	0.015255711
ASV_753	0.009311	0.001878115	0.024831085	0.001224657
ASV_896	0.008853	0.004447414	0.014033218	0.008078082
ASV_355	0.008918	0.018087852	0.006832499	0.001832213
ASV_1528	0.008533	0.006296649	0.018082802	0.001219884
ASV_651	0.008704	0.003746603	0.006219508	0.016146618
ASV_809	0.008592	0.009738788	0.004246097	0.011791063
ASV_1442	0.008616	0.006763515	0.006718732	0.012364382
ASV_1007	0.008723	0.0088115482	0.0006646992	0.0166920789
ASV_1117	0.008756	0.0136019317	0.0120535611	0.0006123286
ASV_693	0.008435	0.007525219	0.002417476	0.015363150
ASV_841	0.008483	0.004367268	0.007400667	0.013681378
ASV_655	0.008492	0.001279836	0.002455398	0.021741149
ASV_751	0.008606	0.0104908649	0.0147158079	0.0006099421
ASV_935	0.008356	0.001279836	0.004724634	0.019062593
ASV_1138	0.008483	0.00000000	0.00000000	0.02544775
ASV_1265	0.008547	0.015460793	0.006405671	0.003773470
ASV_1428	0.008565	0.0148497549	0.0102077033	0.0006377998
ASV_603	0.008328	0.001279836	0.001938939	0.021766620
ASV_1000	0.008263	0.00000000	0.00000000	0.02479008
ASV_1607	0.00785	0.007018824	0.010420128	0.006111353
ASV_791	0.008247	0.00741306	0.00428402	0.01304358
ASV_849	0.008001	0.0006495447	0.0091458884	0.0142077469
ASV_796	0.008441	0.005125838	0.007035898	0.013159783
ASV_844	0.008207	0.008683269	0.006129878	0.009808410
ASV_1087	0.008223	0.000000000	0.002603638	0.022065353
ASV_454	0.007914	0.003615191	0.001752777	0.018375456
ASV_479	0.007914	0.0124223571	0.0006646992	0.0106547526
ASV_544	0.008133	0.001868488	0.000000000	0.022531776
ASV_630	0.008076	0.000000000	0.001329398	0.022898938
ASV_681	0.008036	0.00000000	0.00000000	0.02410689
ASV_686	0.008005	0.003878015	0.004779793	0.015358377
ASV_814	0.008	0.00000000	0.01083728	0.01316217
ASV_900	0.007664	0.002569299	0.020423778	0.000000000
ASV_1073	0.008023	0.011757941	0.001181159	0.011130179
ASV_430	0.007717	0.006165237	0.014484168	0.002500257
ASV_1573	0.008225	0.015518553	0.009157548	0.000000000
ASV_746	0.007832	0.003797869	0.008678357	0.011021134
ASV_735	0.007892	0.012641430	0.007345508	0.003689897
ASV_775	0.007859	0.012011139	0.004817715	0.006749153
ASV_893	0.007859	0.008904454	0.009115521	0.005557127
ASV_833	0.007886	0.006843661	0.004356415	0.012459107
ASV_881	0.007734	0.00000000	0.01942945	0.00377347
ASV_1312	0.007889	0.002518033	0.003082175	0.018067177
ASV_821	0.008197	0.012312469	0.009784325	0.002495484
ASV_904	0.00781	0.007413060	0.003082175	0.012934534
ASV_1172	0.007809	0.00000000	0.00000000	0.02342769
ASV_116	0.007439	0.0067346355	0.0149454688	0.0006377998
ASV_480	0.007668	0.009841320	0.006977289	0.006185380
ASV_656	0.007367	0.0054836790	0.0159783875	0.0006377998
ASV_469	0.007699	0.006875674	0.013751179	0.002470013
ASV_695	0.007696	0.006994326	0.003691715	0.012403392
ASV_717	0.007673	0.001289463	0.000571618	0.021159064
ASV_785	0.007803	0.005177104	0.004597735	0.013635209
ASV_1038	0.00772	0.001868488	0.000000000	0.021291194
ASV_77	0.007152	0.001797969	0.017769087	0.001887928
ASV_670	0.007485	0.011262195	0.007531671	0.003662039
ASV_643	0.007365	0.002386621	0.009156894	0.010550481
ASV_638	0.007661	0.007582978	0.015401193	0.000000000
ASV_761	0.007457	0.008072231	0.001938939	0.012359609
ASV_1602	0.007324	0.003717723	0.012032220	0.006222785
ASV_855	0.007477	0.0030874316	0.0006646992	0.0186795055
ASV_320	0.007423	0.015386914	0.001938939	0.004942412
ASV_597	0.00712	0.001807595	0.015779094	0.003773470
ASV_675	0.007157	0.001868488	0.007290350	0.012313440
ASV_1625	0.007216	0.002447514	0.001901016	0.017299634
ASV_1013	0.007266	0.006376795	0.007975735	0.007445055
ASV_774	0.007139	0.013414872	0.004228861	0.003773470
ASV_1016	0.007242	0.005493306	0.005630654	0.010601424
ASV_1078	0.006934	0.006510318	0.006897339	0.007394113
ASV_792	0.007184	0.001868488	0.005592732	0.014089937
ASV_830	0.007375	0.005087332	0.004652894	0.012385080
ASV_994	0.007171	0.011037877	0.004893560	0.005580212
ASV_1047	0.006733	0.012159533	0.008040575	0.000000000
ASV_1272	0.007228	0.004376894	0.015418430	0.001887928
ASV_575	0.006956	0.00000000	0.00000000	0.02086933
ASV_1113	0.007071	0.008712149	0.006312590	0.006187767
ASV_1048	0.007091	0.005119345	0.016154869	0.000000000
ASV_424	0.006901	0.005125838	0.002493321	0.013083369
ASV_477	0.006792	0.008897961	0.002324395	0.009153904
ASV_474	0.00685	0.005036066	0.013627076	0.001885542
ASV_754	0.006853	0.001228570	0.001828622	0.017501018
ASV_674	0.006797	0.0184509372	0.0006646992	0.0012755997
ASV_929	0.00674	0.017154981	0.001236317	0.001829826
ASV_1011	0.006769	0.007422686	0.003691715	0.009193695
ASV_887	0.006863	0.005087332	0.008141211	0.007361482
ASV_1155	0.006775	0.000000000	0.001714854	0.018610252
ASV_484	0.006694	0.005125838	0.004559813	0.010396873
ASV_505	0.006527	0.001218943	0.001219081	0.017144420
ASV_798	0.006677	0.006213370	0.004432260	0.009383926
ASV_1335	0.006392	0.009395818	0.007920577	0.001860071
ASV_799	0.006521	0.006194116	0.011505425	0.001862457
ASV_920	0.006575	0.006885301	0.004817715	0.008022366
ASV_882	0.006658	0.0000000000	0.0006095405	0.0193634746
ASV_1278	0.00669	0.003807496	0.003268337	0.012995022
ASV_783	0.006649	0.003676084	0.000000000	0.016272368
ASV_823	0.006552	0.00000000	0.00000000	0.01965743
ASV_808	0.006592	0.003778616	0.004373651	0.011622311
ASV_861	0.006489	0.005515692	0.010262207	0.003689897
ASV_1285	0.006628	0.007582978	0.000000000	0.012301507
ASV_1071	0.00641	0.0006399181	0.0019010163	0.0166896923
ASV_405	0.006552	0.001929381	0.012222487	0.005503798
ASV_1418	0.006447	0.005413160	0.010155995	0.003771083
ASV_911	0.006486	0.013530164	0.005927134	0.000000000
ASV_1283	0.006569	0.0190952373	0.0000000000	0.0006123286
ASV_280	0.00617	0.0043256283	0.0006646992	0.0135190046
ASV_523	0.006243	0.000000000	0.001143236	0.017584591
ASV_516	0.006186	0.00000000	0.00000000	0.01855692
ASV_606	0.006183	0.001158051	0.001274240	0.016117154
ASV_755	0.006215	0.004457040	0.007438589	0.006749153
ASV_1014	0.006188	0.006641730	0.002493321	0.009430095
ASV_958	0.00606	0.005281748	0.004872874	0.008024753
ASV_1010	0.006103	0.004264736	0.002989094	0.011056152
ASV_1001	0.00621	0.001289463	0.000000000	0.017339425
ASV_846	0.006279	0.004405774	0.001329398	0.013101680
ASV_977	0.006273	0.003797869	0.005668577	0.009351295
ASV_1493	0.006145	0.008593497	0.000000000	0.009842646
ASV_1234	0.006252	0.007656631	0.006684259	0.004413656
ASV_1044	0.005961	0.003887641	0.010860742	0.003135670
ASV_1656	0.006106	0.0006399181	0.0176766753	0.0000000000
ASV_444	0.005879	0.000000000	0.008950045	0.008685637
ASV_834	0.005939	0.009719535	0.006849735	0.001247742
ASV_733	0.006027	0.004527560	0.003598634	0.009954077
ASV_748	0.005962	0.001299089	0.000000000	0.016585421
ASV_931	0.006025	0.0069558199	0.0105069785	0.0006123286
ASV_836	0.005983	0.00000000	0.00000000	0.01794859
ASV_325	0.005662	0.000000000	0.003429708	0.013556409
ASV_302	0.005747	0.000000000	0.002493321	0.014748435
ASV_678	0.005834	0.001878115	0.007015211	0.008609224
ASV_736	0.005815	0.004904654	0.001274240	0.011264695
ASV_914	0.00581	0.007058352	0.010372525	0.000000000
ASV_866	0.005757	0.001939007	0.000000000	0.015332906
ASV_924	0.005723	0.005393907	0.003802033	0.007973810
ASV_1054	0.00572	0.0036055643	0.0129423450	0.0006123286
ASV_559	0.005569	0.003807496	0.010451820	0.002446928
ASV_787	0.005579	0.011210929	0.004301256	0.001224657
ASV_880	0.005579	0.005036066	0.003009780	0.008690411
ASV_1533	0.005562	0.004904654	0.004339178	0.007442669
ASV_839	0.005576	0.001929381	0.012962377	0.001836986
ASV_1002	0.005536	0.003087432	0.003581398	0.009940539
ASV_856	0.005621	0.001939007	0.006904894	0.008019980
ASV_937	0.005544	0.001939007	0.003505553	0.011188281
ASV_1414	0.00557	0.003756229	0.003653793	0.009300353
ASV_916	0.005523	0.015996930	0.000571618	0.000000000
ASV_868	0.005606	0.001939007	0.001938939	0.012939307
ASV_1231	0.005579	0.0006495447	0.0006095405	0.0154793545
ASV_588	0.0053	0.004405774	0.002951171	0.008541575
ASV_962	0.005325	0.004405774	0.004170252	0.007398886
ASV_1498	0.005293	0.005096958	0.005867870	0.004914554
ASV_930	0.005394	0.003778616	0.010544901	0.001857684
ASV_1355	0.005406	0.00000000	0.00000000	0.01621665
ASV_1331	0.005559	0.015348634	0.001329398	0.000000000
ASV_1372	0.005337	0.004264736	0.000000000	0.011744894
ASV_550	0.005289	0.0012990893	0.0006646992	0.0139018539
ASV_838	0.005039	0.005992185	0.001714854	0.007410038
ASV_1135	0.00508	0.0005790254	0.0005716180	0.0140899370
ASV_984	0.005098	0.006763515	0.003619321	0.004912167
ASV_892	0.005137	0.006245383	0.004170252	0.004995741
ASV_853	0.005176	0.005036066	0.005575496	0.004916941
ASV_1189	0.0051	0.002386621	0.003064939	0.009849806
ASV_917	0.005119	0.001929381	0.000571618	0.012856515
ASV_975	0.005195	0.0006399181	0.0043943371	0.0105504811
ASV_1023	0.005157	0.00000000	0.00000000	0.01546981
ASV_1151	0.005217	0.01068004	0.00000000	0.00497027
ASV_1217	0.00506	0.006439799	0.000000000	0.008741353
ASV_1474	0.00511	0.0000000	0.0000000	0.0153313
ASV_885	0.004956	0.003727350	0.008695593	0.002444541
ASV_666	0.004966	0.003157951	0.004301256	0.007437896
ASV_707	0.005067	0.00000000	0.00000000	0.01520054
ASV_854	0.00492	0.003826749	0.003598634	0.007336011
ASV_974	0.004876	0.004885400	0.002324395	0.007417197
ASV_874	0.004999	0.001868488	0.005059036	0.008070922
ASV_915	0.004933	0.007473953	0.002989094	0.004337243
ASV_1167	0.00499	0.004476293	0.000000000	0.010492379
ASV_944	0.004708	0.003087432	0.002438162	0.008599677
ASV_558	0.004819	0.004405774	0.005723735	0.004327697
ASV_596	0.004806	0.0051963574	0.0006646992	0.0085558948
ASV_898	0.00485	0.0006495447	0.0011432360	0.0127559969
ASV_906	0.004827	0.002598179	0.006295353	0.005587371
ASV_1062	0.004771	0.001158051	0.000000000	0.013155009
ASV_899	0.004746	0.003138698	0.005575496	0.005524496
ASV_878	0.004881	0.00000000	0.01464341	0.00000000
ASV_1396	0.004758	0.0000000	0.0000000	0.0142754
ASV_922	0.004668	0.006104344	0.007899890	0.000000000
ASV_1033	0.004794	0.0018588616	0.0119122218	0.0006099421
ASV_1456	0.004819	0.0057785160	0.0006646992	0.0080128201
ASV_918	0.004695	0.00000000	0.00000000	0.01408356
ASV_1152	0.004769	0.002447514	0.001994097	0.009864125
ASV_1134	0.004843	0.00000000	0.00000000	0.01453011
ASV_1195	0.00473	0.001878115	0.000000000	0.012311053
ASV_1232	0.004677	0.00000000	0.00000000	0.01403105
ASV_1259	0.004796	0.00319959	0.01118891	0.00000000
ASV_1083	0.004637	0.003177204	0.005630654	0.005102399
ASV_973	0.004505	0.006133224	0.003691715	0.003689897
ASV_1146	0.00452	0.00000000	0.00000000	0.01356118
ASV_1260	0.004557	0.003138698	0.003137334	0.007394113
ASV_1096	0.004512	0.003666457	0.000571618	0.009297966
ASV_1354	0.004652	0.00000000	0.00000000	0.01395518
ASV_1334	0.004526	0.003685710	0.000000000	0.009891983
ASV_1224	0.004693	0.000000000	0.012243174	0.001836986
ASV_527	0.004292	0.006885301	0.004741870	0.001250128
ASV_1005	0.004325	0.000000000	0.003746874	0.009228712
ASV_747	0.004342	0.004946293	0.003746874	0.004332470
ASV_870	0.004345	0.004194216	0.005778894	0.003061643
ASV_828	0.004376	0.0000000000	0.0125148618	0.0006123286
ASV_1036	0.004356	0.004936667	0.002417476	0.005714727
ASV_1106	0.004331	0.003746603	0.003027016	0.006218011
ASV_1121	0.004361	0.001218943	0.003175256	0.008688024
ASV_1127	0.004319	0.000000000	0.001143236	0.011812542
ASV_366	0.004146	0.000000000	0.009325820	0.003112586
ASV_500	0.004115	0.003106685	0.001807935	0.007430736
ASV_863	0.004076	0.00000000	0.00000000	0.01222909
ASV_1015	0.004315	0.000000000	0.006591833	0.006352527
ASV_964	0.004154	0.005595838	0.003784797	0.003082341
ASV_1531	0.004158	0.006875674	0.002510557	0.003087114
ASV_980	0.00412	0.0006399181	0.0012742397	0.0104462096
ASV_1006	0.004208	0.006165237	0.004597735	0.001862457
ASV_1070	0.004162	0.005036066	0.004394337	0.003056870
ASV_1101	0.004126	0.0005790254	0.0000000000	0.0117982230
ASV_1545	0.004166	0.006296649	0.006202272	0.000000000
ASV_1629	0.00406	0.001878115	0.007828150	0.002472399
ASV_579	0.00392	0.002578926	0.001845858	0.007336011
ASV_719	0.00394	0.002527659	0.002493321	0.006800096
ASV_704	0.003928	0.0006399181	0.0025484794	0.0085956854
ASV_727	0.003936	0.002457140	0.001274240	0.008075695
ASV_889	0.003922	0.005605464	0.002417476	0.003743226
ASV_1261	0.003895	0.001299089	0.000571618	0.009813183
ASV_829	0.003988	0.00000000	0.00000000	0.01196298
ASV_996	0.003895	0.0006495447	0.0060919550	0.0049424117
ASV_876	0.003929	0.002447514	0.003120097	0.006218011
ASV_859	0.00392	0.000000000	0.001790699	0.009968397
ASV_1107	0.003973	0.002508406	0.006274667	0.003135670
ASV_1039	0.00394	0.006245383	0.000000000	0.005575438
ASV_982	0.003844	0.005474052	0.002362317	0.003697056
ASV_1095	0.003924	0.001228570	0.001219081	0.009325824
ASV_913	0.003963	0.001289463	0.001938939	0.008660166
ASV_1102	0.003893	0.004396148	0.005444492	0.001836986
ASV_1628	0.003925	0.0006495447	0.0000000000	0.0111254057
ASV_1080	0.004022	0.0006399181	0.0000000000	0.0114246816
ASV_1079	0.003963	0.0006495447	0.0012190811	0.0100193393
ASV_1056	0.003933	0.00000000	0.00000000	0.01179822
ASV_563	0.003606	0.002956020	0.004115094	0.003745612
ASV_842	0.00364	0.004316002	0.006604964	0.000000000
ASV_683	0.003663	0.0000000	0.0000000	0.0109885
ASV_701	0.003721	0.000000000	0.003102861	0.008059770
ASV_778	0.003749	0.004457040	0.001236317	0.005554740
ASV_764	0.003682	0.0006495447	0.0000000000	0.0103952672
ASV_803	0.003714	0.0055862113	0.0049452687	0.0006099421
ASV_1065	0.0037	0.001737076	0.000571618	0.008792295
ASV_1143	0.003642	0.0059216658	0.0043943371	0.0006099421
ASV_942	0.003722	0.005096958	0.002989094	0.003079955
ASV_1093	0.003677	0.001218943	0.001143236	0.008669712
ASV_986	0.003737	0.0005790254	0.0006095405	0.0100217258
ASV_1026	0.003676	0.00000000	0.00000000	0.01102829
ASV_1042	0.003696	0.00000000	0.00000000	0.01108878
ASV_1401	0.003658	0.0005790254	0.0000000000	0.0103952672
ASV_622	0.003399	0.001158051	0.001714854	0.007324078
ASV_547	0.003487	0.0006495447	0.0006095405	0.0092008543
ASV_628	0.003489	0.00000000	0.00000000	0.01046691
ASV_817	0.003486	0.00000000	0.00000000	0.01045814
ASV_925	0.003542	0.003138698	0.005630654	0.001857684
ASV_1098	0.003492	0.003535045	0.002603638	0.004337243
ASV_1025	0.003522	0.0005790254	0.0000000000	0.0099867083
ASV_1275	0.003497	0.004386521	0.003027016	0.003077568
ASV_1114	0.003561	0.0005790254	0.0000000000	0.0101029126
ASV_1123	0.003463	0.003615191	0.001143236	0.005631154
ASV_1178	0.00346	0.0006399181	0.0054065695	0.0043324697
ASV_1400	0.00354	0.001158051	0.000000000	0.009462726
ASV_1539	0.003545	0.00000000	0.01063453	0.00000000
ASV_1527	0.003606	0.00000000	0.00000000	0.01081713
ASV_351	0.003349	0.006165237	0.002658797	0.001222271
ASV_709	0.003268	0.000000000	0.000000000	0.009803637
ASV_860	0.003375	0.00000000	0.00000000	0.01012361
ASV_794	0.003264	0.000000000	0.000000000	0.009791704
ASV_820	0.003409	0.0057753827	0.0038399552	0.0006123286
ASV_1082	0.003234	0.001948634	0.004666025	0.003087114
ASV_1052	0.00329	0.003807496	0.004228861	0.001832213
ASV_1160	0.00332	0.003167577	0.000571618	0.006220398
ASV_991	0.003356	0.002569299	0.005613418	0.001885542
ASV_1380	0.003285	0.002559672	0.002324395	0.004970270
ASV_1223	0.003285	0.0006399181	0.0006646992	0.0085511216
ASV_1445	0.003213	0.0028951269	0.0006095405	0.0061344381
ASV_1420	0.003274	0.0006399181	0.0030270163	0.0061551361
ASV_1463	0.003375	0.000000	0.000000	0.010126
ASV_624	0.003073	0.000000000	0.001901016	0.007319305
ASV_633	0.003098	0.001228570	0.000571618	0.007493611
ASV_890	0.003125	0.001868488	0.005059036	0.002446928
ASV_728	0.003191	0.003167577	0.006405671	0.000000000
ASV_875	0.003121	0.001228570	0.001938939	0.006194927
ASV_805	0.003167	0.003228470	0.002603638	0.003669199
ASV_888	0.003107	0.000000000	0.000000000	0.009321051
ASV_1075	0.003104	0.005045692	0.002379553	0.001887928
ASV_1276	0.003223	0.004537186	0.001994097	0.003138057
ASV_1110	0.003113	0.002508406	0.003082175	0.003747999
ASV_1596	0.003127	0.002508406	0.002565715	0.004306998
ASV_1069	0.003122	0.004428161	0.000000000	0.004937639
ASV_1175	0.003112	0.001868488	0.004411573	0.003054483
ASV_1045	0.003107	0.005493306	0.002603638	0.001224657
ASV_1066	0.003074	0.001218943	0.004945269	0.003056870
ASV_1130	0.003181	0.000000000	0.000000000	0.009541526
ASV_1061	0.003067	0.001737076	0.000000000	0.007463367
ASV_1032	0.003074	0.0006495447	0.0000000000	0.0085726007
ASV_1088	0.00315	0.0045275595	0.0042840198	0.0006377998
ASV_324	0.00289	0.003148324	0.003027016	0.002495484
ASV_1090	0.002988	0.003209217	0.003895114	0.001860071
ASV_617	0.002938	0.003209217	0.004356415	0.001247742
ASV_1128	0.003003	0.004527560	0.003230415	0.001250128
ASV_1363	0.00291	0.003868388	0.003636557	0.001224657
ASV_1019	0.002871	0.004936667	0.001790699	0.001885542
ASV_1196	0.002883	0.001858862	0.001236317	0.005552354
ASV_939	0.002865	0.000000000	0.000000000	0.008594904
ASV_1358	0.002869	0.002508406	0.000571618	0.005526883
ASV_1311	0.002888	0.0006495447	0.0017906991	0.0062227846
ASV_1144	0.002976	0.000000000	0.000000000	0.008929198
ASV_1443	0.002905	0.001868488	0.002510557	0.004334856
ASV_1097	0.002837	0.001737076	0.000000000	0.006774624
ASV_1214	0.002866	0.003087432	0.000571618	0.004940025
ASV_1153	0.002923	0.0006399181	0.0000000000	0.0081290244
ASV_1410	0.002982	0.003817122	0.001329398	0.003798941
ASV_1305	0.002869	0.001807595	0.001883780	0.004914554
ASV_1072	0.002872	0.003736976	0.001828622	0.003049710
ASV_1408	0.002903	0.004457040	0.001143236	0.003110199
ASV_1441	0.002867	0.000000000	0.004266784	0.004334856
ASV_1212	0.002894	0.002376994	0.001329398	0.004975043
ASV_1665	0.002846	0.000000000	0.000000000	0.008539189
ASV_373	0.002686	0.001939007	0.000000000	0.006118513
ASV_653	0.002692	0.002598179	0.000571618	0.004907394
ASV_718	0.002477	0.000000000	0.007431034	0.000000000
ASV_698	0.002657	0.000000000	0.000000000	0.007971424
ASV_804	0.002701	0.0012894628	0.0006646992	0.0061487575
ASV_936	0.002634	0.0005790254	0.0000000000	0.0073240778
ASV_941	0.002696	0.003247723	0.003619321	0.001219884
ASV_1004	0.002779	0.001228570	0.007108292	0.000000000
ASV_901	0.00269	0.000000000	0.000571618	0.007498384
ASV_1084	0.00265	0.004245482	0.001845858	0.001860071
ASV_1086	0.002703	0.001299089	0.001845858	0.004963110
ASV_1210	0.002709	0.002518033	0.000000000	0.005608069
ASV_1057	0.002672	0.004335255	0.001236317	0.002444541
ASV_1120	0.002653	0.003148324	0.001752777	0.003056870
ASV_1051	0.002742	0.003817122	0.001274240	0.003135670
ASV_1621	0.002716	0.003157951	0.002493321	0.002495484
ASV_1308	0.002763	0.003746603	0.004542577	0.000000000
ASV_1020	0.002702	0.002508406	0.001845858	0.003750385
ASV_1115	0.002682	0.000000000	0.001883780	0.006162296
ASV_1236	0.002733	0.0025276594	0.0050590362	0.0006123286
ASV_1399	0.002689	0.0005790254	0.0006095405	0.0068788959
ASV_1270	0.002736	0.000000000	0.000000000	0.008207825
ASV_1362	0.00266	0.00000000	0.00000000	0.00798097
ASV_1393	0.002665	0.000000000	0.000571618	0.007421971
ASV_489	0.002508	0.004428161	0.001236317	0.001860071
ASV_903	0.00252	0.002588552	0.000000000	0.004972656
ASV_921	0.002492	0.0037177231	0.0031200974	0.0006377998
ASV_979	0.002439	0.0005790254	0.0012363172	0.0055014113
ASV_879	0.002324	0.000000000	0.006973184	0.000000000
ASV_883	0.002444	0.000000000	0.000000000	0.007331238
ASV_1188	0.002495	0.001289463	0.004339178	0.001857684
ASV_1059	0.002515	0.001939007	0.003746874	0.001860071
ASV_985	0.002429	0.0005790254	0.0000000000	0.0067093626
ASV_987	0.002488	0.0006399181	0.0012742397	0.0055499672
ASV_1159	0.002479	0.001289463	0.001236317	0.004909781
ASV_1336	0.002449	0.002457140	0.001143236	0.003747999
ASV_1012	0.002507	0.0024987797	0.0006095405	0.0044112699
ASV_1425	0.002498	0.0005790254	0.0000000000	0.0069139134
ASV_1302	0.002495	0.0038267487	0.0030477026	0.0006099421
ASV_1273	0.002435	0.002437887	0.001143236	0.003722528
ASV_1608	0.002472	0.003615191	0.001938939	0.001862457
ASV_1142	0.002538	0.0070039528	0.0006095405	0.0000000000
ASV_1376	0.002438	0.002457140	0.003636557	0.001219884
ASV_1219	0.002477	0.0030778050	0.0006646992	0.0036875101
ASV_1299	0.002526	0.000000000	0.000000000	0.007577184
ASV_1580	0.002438	0.0000000000	0.0067049458	0.0006099421
ASV_1543	0.002316	0.006948305	0.000000000	0.000000000
ASV_685	0.002236	0.000000000	0.000000000	0.006709363
ASV_851	0.002284	0.0006495447	0.0019010163	0.0043022253
ASV_1165	0.002264	0.003736976	0.001807935	0.001247742
ASV_940	0.002224	0.000000000	0.001181159	0.005489478
ASV_960	0.002305	0.001279836	0.000000000	0.005635927
ASV_1132	0.002295	0.000000000	0.001329398	0.005554740
ASV_1561	0.002315	0.003157951	0.002565715	0.001222271
ASV_1279	0.002253	0.002508406	0.001143236	0.003107812
ASV_1208	0.002278	0.0000000000	0.0006095405	0.0062251711
ASV_1182	0.002286	0.001289463	0.002455398	0.003112586
ASV_1139	0.002264	0.000000000	0.000000000	0.006792936
ASV_1258	0.002286	0.001929381	0.002455398	0.002472399
ASV_1140	0.002268	0.0006399181	0.0006095405	0.0055547404
ASV_1198	0.002377	0.003887641	0.001994097	0.001250128
ASV_1375	0.002311	0.001939007	0.001883780	0.003110199
ASV_1340	0.002273	0.002527659	0.001845858	0.002446928
ASV_1603	0.002291	0.003736976	0.000000000	0.003135670
ASV_1257	0.002123	0.006369279	0.000000000	0.000000000
ASV_1507	0.002255	0.001868488	0.000000000	0.004896242
ASV_1451	0.002292	0.001929381	0.002472634	0.002474786
ASV_1585	0.002295	0.000000000	0.000000000	0.006886056
ASV_1572	0.001996	0.0019197543	0.0034297081	0.0006377998
ASV_1351	0.00212	0.003887641	0.002472634	0.000000000
ASV_1578	0.002138	0.005177104	0.001236317	0.000000000
ASV_818	0.002091	0.0006399181	0.0018837802	0.0037479988
ASV_946	0.002123	0.001299089	0.003213179	0.001857684
ASV_909	0.002097	0.005148224	0.001143236	0.000000000
ASV_928	0.002054	0.002498780	0.001219081	0.002444541
ASV_1024	0.002061	0.0006495447	0.0000000000	0.0055340423
ASV_1329	0.00206	0.001299089	0.003047703	0.001832213
ASV_963	0.002048	0.001299089	0.000571618	0.004274368
ASV_1576	0.002177	0.004537186	0.001994097	0.000000000
ASV_1017	0.002088	0.003167577	0.001845858	0.001250128
ASV_1176	0.002055	0.001218943	0.001883780	0.003061643
ASV_1379	0.002068	0.002578926	0.000571618	0.003054483
ASV_1174	0.002034	0.003087432	0.000571618	0.002442155
ASV_1617	0.002075	0.001299089	0.003064939	0.001860071
ASV_1405	0.002055	0.002457140	0.001181159	0.002525728
ASV_1537	0.002037	0.0006399181	0.0018079352	0.0036644255
ASV_1604	0.002108	0.0025981787	0.0006646992	0.0030616431
ASV_1327	0.002077	0.000000000	0.003120097	0.003110199
ASV_1359	0.002047	0.001228570	0.002472634	0.002439768
ASV_1262	0.002086	0.001289463	0.000000000	0.004967883
ASV_1494	0.001965	0.001158051	0.002286472	0.002449314
ASV_1522	0.002088	0.0005790254	0.0000000000	0.0056844830
ASV_1207	0.002061	0.0012189435	0.0006095405	0.0043531678
ASV_1248	0.002036	0.001948634	0.001714854	0.002444541
ASV_1343	0.002037	0.001737076	0.001901016	0.002472399
ASV_1221	0.002088	0.0012894628	0.0006646992	0.0043093850
ASV_1558	0.002063	0.001919754	0.000000000	0.004269594
ASV_1502	0.002079	0.001919754	0.001181159	0.003135670
ASV_1555	0.002072	0.0006495447	0.0017906991	0.0037758566
ASV_1371	0.002044	0.001858862	0.003047703	0.001224657
ASV_1623	0.002083	0.002508406	0.001274240	0.002467626
ASV_379	0.001834	0.000000000	0.001219081	0.004283914
ASV_598	0.001892	0.003016912	0.002658797	0.000000000
ASV_1510	0.001924	0.003218844	0.001329398	0.001224657
ASV_688	0.001844	0.000000000	0.000000000	0.005531656
ASV_780	0.00181	0.001158051	0.000571618	0.003699443
ASV_869	0.001834	0.0005790254	0.0011811586	0.0037432257
ASV_990	0.001871	0.0012285701	0.0006646992	0.0037201411
ASV_802	0.001831	0.000000000	0.000571618	0.004921714
ASV_943	0.001875	0.0050168125	0.0006095405	0.0000000000
ASV_1191	0.001853	0.001279836	0.001752777	0.002525728
ASV_1661	0.001837	0.000000000	0.002455398	0.003054483
ASV_983	0.001798	0.0041749631	0.0006095405	0.0006099421
ASV_948	0.001854	0.0000000	0.0000000	0.0055619
ASV_1171	0.001834	0.000000000	0.000000000	0.005501411
ASV_997	0.001888	0.0000000000	0.0006646992	0.0049981273
ASV_1177	0.001857	0.0006399181	0.0049314829	0.0000000000
ASV_1192	0.001829	0.001158051	0.001883780	0.002444541
ASV_1081	0.001906	0.0006399181	0.0000000000	0.0050769275
ASV_1145	0.001884	0.000000000	0.005651341	0.000000000
ASV_1222	0.001833	0.0006399181	0.0017527766	0.0031054259
ASV_1416	0.00185	0.0006495447	0.0005716180	0.0043300831
ASV_1378	0.001849	0.0006495447	0.0011811586	0.0037177545
ASV_1313	0.001887	0.001279836	0.001274240	0.003105426
ASV_1381	0.00191	0.001929381	0.001329398	0.002470013
ASV_1626	0.001886	0.003218844	0.000000000	0.002439768
ASV_345	0.001646	0.002386621	0.001329398	0.001222271
ASV_415	0.001666	0.0019197543	0.0006095405	0.0024700126
ASV_1649	0.001643	0.001939007	0.002989094	0.000000000
ASV_739	0.00164	0.0006399181	0.0000000000	0.0042791407
ASV_816	0.001669	0.001948634	0.000000000	0.003056870
ASV_995	0.001676	0.000000000	0.003802033	0.001224657
ASV_1660	0.001595	0.001279836	0.002286472	0.001219884
ASV_910	0.001649	0.0006399181	0.0012190811	0.0030871143
ASV_1043	0.001648	0.000000000	0.000000000	0.004944798
ASV_956	0.001705	0.003897268	0.001219081	0.000000000
ASV_1213	0.001642	0.0006495447	0.0011432360	0.0031332836
ASV_1150	0.00167	0.0006399181	0.0031200974	0.0012501285
ASV_1478	0.001624	0.001218943	0.001790699	0.001862457
ASV_1148	0.001659	0.0006495447	0.0000000000	0.0043276965
ASV_1394	0.001665	0.000000000	0.000000000	0.004995741
ASV_1154	0.001754	0.0000000000	0.0046528941	0.0006099421
ASV_1076	0.001629	0.002457140	0.001181159	0.001250128
ASV_1256	0.001626	0.0011580508	0.0006095405	0.0031101990
ASV_1304	0.001616	0.001807595	0.000571618	0.002470013
ASV_1237	0.001637	0.0005790254	0.0000000000	0.0043324697
ASV_1109	0.001689	0.003736976	0.001329398	0.000000000
ASV_1050	0.001699	0.003157951	0.001938939	0.000000000
ASV_1190	0.001674	0.000000000	0.001938939	0.003082341
ASV_1532	0.001681	0.0031579509	0.0012742397	0.0006099421
ASV_1536	0.001658	0.0018684881	0.0006095405	0.0024954838
ASV_369	0.00146	0.0006399181	0.0031028613	0.0006377998
ASV_1518	0.001433	0.0005790254	0.0024726344	0.0012477419
ASV_589	0.001431	0.000000000	0.000571618	0.003722528
ASV_668	0.001451	0.0005790254	0.0006646992	0.0031101990
ASV_1432	0.001474	0.001939007	0.001236317	0.001247742
ASV_1392	0.001442	0.0005790254	0.0006646992	0.0030823412
ASV_1028	0.001452	0.001289463	0.001181159	0.001885542
ASV_976	0.001466	0.0006495447	0.0000000000	0.0037479988
ASV_857	0.001351	0.004053178	0.000000000	0.000000000
ASV_891	0.00146	0.000000000	0.000000000	0.004381026
ASV_1577	0.001334	0.000000000	0.004001326	0.000000000
ASV_1268	0.001413	0.0005790254	0.0000000000	0.0036596523
ASV_1356	0.001459	0.001228570	0.001236317	0.001913400
ASV_1419	0.001515	0.000000000	0.001994097	0.002551199
ASV_1288	0.001401	0.0005790254	0.0017906991	0.0018322127
ASV_1186	0.001432	0.000000000	0.000000000	0.004297452
ASV_1277	0.001487	0.002559672	0.001901016	0.000000000
ASV_1108	0.001442	0.0018781147	0.0006095405	0.0018369859
ASV_1342	0.001501	0.0038395085	0.0006646992	0.0000000000
ASV_1281	0.001434	0.001218943	0.000000000	0.003082341
ASV_1301	0.001497	0.000000000	0.001994097	0.002495484
ASV_1037	0.001456	0.0012189435	0.0025105569	0.0006377998
ASV_1315	0.001447	0.000000000	0.003064939	0.001275600
ASV_1382	0.001489	0.0006399181	0.0000000000	0.0038267991
ASV_1473	0.001462	0.000000000	0.000000000	0.004385799
ASV_1220	0.001446	0.000000000	0.000000000	0.004337243
ASV_1194	0.001402	0.0005790254	0.0011811586	0.0024445414
ASV_1309	0.001385	0.0035446716	0.0000000000	0.0006099421
ASV_1530	0.001465	0.0006495447	0.0012742397	0.0024700126
ASV_1556	0.001462	0.0006399181	0.0006646992	0.0030823412
ASV_1622	0.001459	0.0019197543	0.0018458577	0.0006099421
ASV_1324	0.001461	0.000000000	0.000000000	0.004383412
ASV_1565	0.001418	0.000000000	0.001807935	0.002446928
ASV_1452	0.001451	0.001299089	0.001828622	0.001224657
ASV_1606	0.001436	0.000000000	0.000000000	0.004306998
ASV_1467	0.001231	0.0006495447	0.0030442524	0.0000000000
ASV_807	0.001267	0.000000000	0.001938939	0.001862457
ASV_772	0.001271	0.0006495447	0.0006646992	0.0024978704
ASV_779	0.001227	0.000000000	0.001236317	0.002444541
ASV_1645	0.001277	0.0031675775	0.0006646992	0.0000000000
ASV_907	0.001254	0.000000000	0.001901016	0.001862457
ASV_993	0.001275	0.000000000	0.002603638	0.001219884
ASV_1060	0.001265	0.0019390074	0.0012190811	0.0006377998
ASV_1274	0.001216	0.0030361655	0.0000000000	0.0006123286
ASV_1503	0.001232	0.0006399181	0.0006095405	0.0024469279
ASV_1633	0.001237	0.001279836	0.000571618	0.001860071
ASV_1124	0.001221	0.0000000000	0.0006095405	0.0030544834
ASV_1247	0.001236	0.002527659	0.001181159	0.000000000
ASV_1218	0.001229	0.0005790254	0.0000000000	0.0031078124
ASV_1119	0.001232	0.00000000	0.00000000	0.00369467
ASV_1122	0.001254	0.0030970582	0.0006646992	0.0000000000
ASV_1125	0.00122	0.0006495447	0.0005716180	0.0024397682
ASV_1307	0.001212	0.0005790254	0.0006095405	0.0024469279
ASV_1330	0.001244	0.0006495447	0.0006095405	0.0024723992
ASV_1563	0.001217	0.000000000	0.000571618	0.003079955
ASV_1166	0.00127	0.0006495447	0.0012742397	0.0018855417
ASV_1447	0.001264	0.002518033	0.001274240	0.000000000
ASV_1568	0.001243	0.001299089	0.001181159	0.001247742
ASV_1310	0.001214	0.001807595	0.000000000	0.001834599
ASV_1588	0.001238	0.0018684881	0.0012363172	0.0006099421
ASV_1657	0.001247	0.001218943	0.001274240	0.001247742
ASV_1251	0.001224	0.0005790254	0.0018458577	0.0012477419
ASV_1508	0.001253	0.0006495447	0.0012742397	0.0018345993
ASV_1369	0.001194	0.001218943	0.001143236	0.001219884
ASV_1459	0.001227	0.0006399181	0.0011811586	0.0018600705
ASV_1534	0.001247	0.0000000000	0.0031028613	0.0006377998
ASV_1373	0.001223	0.001228570	0.000000000	0.002439768
ASV_1547	0.001233	0.002447514	0.000000000	0.001250128
ASV_1631	0.00124	0.0006495447	0.0012363172	0.0018345993
ASV_1411	0.001231	0.001218943	0.000000000	0.002474786
ASV_1544	0.001223	0.001228570	0.001219081	0.001222271
ASV_1619	0.001264	0.0012990893	0.0018837802	0.0006099421
ASV_515	0.001037	0.000000000	0.000000000	0.003110199
ASV_1293	0.000975	0.0006399181	0.0022864721	0.0000000000
ASV_694	0.001021	0.0005790254	0.0005716180	0.0019133995
ASV_708	0.001018	0.000000000	0.000000000	0.003054483
ASV_1346	0.001053	0.00000000	0.00315802	0.00000000
ASV_905	0.001108	0.000000000	0.003323496	0.000000000
ASV_1235	0.00103	0.001868488	0.000000000	0.001222271
ASV_1216	0.001108	0.000000000	0.003323496	0.000000000
ASV_934	0.001054	0.0018588616	0.0006646992	0.0006377998
ASV_1306	0.001036	0.0012894628	0.0011811586	0.0006377998
ASV_1215	0.001077	0.000000000	0.003230415	0.000000000
ASV_1460	0.001031	0.0006495447	0.0000000000	0.0024421548
ASV_1164	0.001045	0.00000000	0.00000000	0.00313567
ASV_1162	0.001014	0.0006399181	0.0017906991	0.0006123286
ASV_1282	0.001032	0.001878115	0.001219081	0.000000000
ASV_1332	0.001015	0.0005790254	0.0018286216	0.0006377998
ASV_1374	0.001066	0.0006495447	0.0012742397	0.0012755997
ASV_1593	0.001005	0.0006495447	0.0011432360	0.0012222707
ASV_1496	0.001038	0.0012285701	0.0006095405	0.0012755997
ASV_1289	0.001017	0.001218943	0.000000000	0.001832213
ASV_1485	0.001004	0.001218943	0.000571618	0.001222271
ASV_1338	0.001025	0.001228570	0.000571618	0.001275600
ASV_1509	0.001026	0.0012189435	0.0006095405	0.0012501285
ASV_1475	0.001015	0.000000000	0.000571618	0.002474786
ASV_1560	0.001031	0.000000000	0.001845858	0.001247742
ASV_1600	0.001005	0.000000000	0.001181159	0.001834599
ASV_1620	0.001036	0.0006399181	0.0006095405	0.0018576840
ASV_1415	0.001041	0.001289463	0.000000000	0.001832213
ASV_1280	0.001054	0.0000000000	0.0006095405	0.0025511994
ASV_1339	0.001025	0.001228570	0.001845858	0.000000000
ASV_1483	0.001068	0.0019293809	0.0006646992	0.0006099421
ASV_1245	0.001006	0.002447514	0.000571618	0.000000000
ASV_1551	0.001017	0.0006495447	0.0017906991	0.0006099421
ASV_1462	0.001082	0.0006399181	0.0019940975	0.0006123286
ASV_1453	0.001033	0.001878115	0.000000000	0.001219884
ASV_1490	0.001038	0.000000000	0.000000000	0.003112586
ASV_1630	0.001046	0.0000000000	0.0006646992	0.0024747857
ASV_1535	0.001052	0.0005790254	0.0013293983	0.0012477419
ASV_1586	0.001021	0.000000000	0.000000000	0.003061643
ASV_1480	0.001025	0.0005790254	0.0006646992	0.0018298262
ASV_432	0.000832	0.0006399181	0.0006095405	0.0012477419
ASV_1267	0.000841	0.0006495447	0.0012363172	0.0006377998
ASV_510	0.000813	0.000000000	0.000000000	0.002439768
ASV_671	0.000815	0.000000000	0.000000000	0.002444541
ASV_750	0.000804	0.0012285701	0.0005716180	0.0006123286
ASV_1202	0.000865	0.0019293809	0.0006646992	0.0000000000
ASV_871	0.000784	0.0000000000	0.0017148541	0.0006377998
ASV_966	0.000843	0.0006399181	0.0000000000	0.0018879283
ASV_902	0.000816	0.000000000	0.000000000	0.002446928
ASV_1094	0.000841	0.000000000	0.000000000	0.002523342
ASV_1513	0.000775	0.000000000	0.002324395	0.000000000
ASV_945	0.000813	0.0005790254	0.0000000000	0.0018600705
ASV_971	0.000825	0.000000000	0.000000000	0.002474786
ASV_981	0.000869	0.0000000000	0.0019940975	0.0006123286
ASV_1100	0.000858	0.0005790254	0.0019940975	0.0000000000
ASV_1423	0.000859	0.0012990893	0.0006646992	0.0006123286
ASV_1085	0.000807	0.0000000000	0.0018079352	0.0006123286
ASV_1161	0.00086	0.0006399181	0.0006646992	0.0012755997
ASV_1137	0.000842	0.000000000	0.000000000	0.002525728
ASV_1291	0.000806	0.000000000	0.002417476	0.000000000
ASV_1438	0.000846	0.0006495447	0.0000000000	0.0018879283
ASV_1557	0.000859	0.0019390074	0.0000000000	0.0006377998
ASV_1287	0.000836	0.0006495447	0.0006095405	0.0012501285
ASV_1197	0.000842	0.0012798362	0.0006095405	0.0006377998
ASV_1181	0.000849	0.001299089	0.000000000	0.001247742
ASV_1434	0.000839	0.002518033	0.000000000	0.000000000
ASV_1328	0.000839	0.002518033	0.000000000	0.000000000
ASV_1402	0.00086	0.0006399181	0.0013293983	0.0006099421
ASV_1477	0.000824	0.0012894628	0.0005716180	0.0006099421
ASV_1587	0.000878	0.0006399181	0.0019940975	0.0000000000
ASV_1436	0.000823	0.000000000	0.000000000	0.002467626
ASV_1592	0.000854	0.0006495447	0.0006646992	0.0012477419
ASV_1559	0.000868	0.000000000	0.002603638	0.000000000
ASV_396	0.000619	0.0000000000	0.0012190811	0.0006377998
ASV_459	0.00061	0.0000000000	0.0012190811	0.0006099421
ASV_1204	0.000615	0.000000000	0.001845858	0.000000000
ASV_1205	0.000594	0.0006399181	0.0011432360	0.0000000000
ASV_1347	0.000605	0.0005790254	0.0012363172	0.0000000000
ASV_1055	0.000589	0.0011580508	0.0006095405	0.0000000000
ASV_1469	0.000572	0.000000000	0.001714854	0.000000000
ASV_1241	6e-04	0.0005790254	0.0006095405	0.0006123286
ASV_858	0.000629	0.000000000	0.000000000	0.001887928
ASV_1226	0.000613	0.0012285701	0.0006095405	0.0000000000
ASV_1514	0.000629	0.0006495447	0.0012363172	0.0000000000
ASV_749	0.000612	0.000000000	0.000000000	0.001834599
ASV_1126	0.000638	0.0000000	0.0000000	0.0019134
ASV_927	0.000594	0.0000000000	0.0011432360	0.0006377998
ASV_998	0.000638	0.0000000	0.0000000	0.0019134
ASV_1360	0.000631	0.0012285701	0.0006646992	0.0000000000
ASV_1520	0.000625	0.0006399181	0.0012363172	0.0000000000
ASV_1316	0.000665	0.000000000	0.001994097	0.000000000
ASV_1300	0.000612	0.000000000	0.000000000	0.001836986
ASV_1129	0.000607	0.000000000	0.000571618	0.001250128
ASV_1156	0.000629	0.000000000	0.000000000	0.001885542
ASV_1249	0.000616	0.000000000	0.000571618	0.001275600
ASV_1112	0.000589	0.0011580508	0.0000000000	0.0006099421
ASV_1524	0.000611	0.000000000	0.000000000	0.001832213
ASV_1437	0.000597	0.000000000	0.000571618	0.001219884
ASV_1303	0.00061	0.0005790254	0.0000000000	0.0012501285
ASV_1163	0.00061	0.0000000000	0.0012190811	0.0006099421
ASV_1252	0.000639	0.0006399181	0.0000000000	0.0012755997
ASV_1211	0.000639	0.0006399181	0.0006646992	0.0006123286
ASV_1325	0.000611	0.000000000	0.000000000	0.001832213
ASV_1506	0.000629	0.0000000000	0.0006646992	0.0012222707
ASV_1457	0.00064	0.001919754	0.000000000	0.000000000
ASV_1487	0.00062	0.0000000000	0.0006095405	0.0012501285
ASV_1538	0.000596	0.0005790254	0.0005716180	0.0006377998
ASV_1397	0.000616	0.000000000	0.000571618	0.001275600
ASV_1583	0.000612	0.000000000	0.000000000	0.001834599
ASV_1590	0.000628	0.0000000000	0.0012742397	0.0006099421
ASV_1609	0.000589	0.0011580508	0.0006095405	0.0000000000
ASV_1034	0.000412	0.000000000	0.001236317	0.000000000
ASV_1319	0.000386	0.001158051	0.000000000	0.000000000
ASV_1228	0.000416	0.0006399181	0.0006095405	0.0000000000
ASV_1349	0.000381	0.000000000	0.001143236	0.000000000
ASV_601	0.000407	0.000000000	0.000000000	0.001219884
ASV_595	0.000407	0.000000000	0.000000000	0.001219884
ASV_1353	0.000381	0.000000000	0.001143236	0.000000000
ASV_691	0.000395	0.0000000000	0.0005716180	0.0006123286
ASV_795	0.000407	0.000000000	0.000000000	0.001219884
ASV_1430	0.000426	0.0006399181	0.0000000000	0.0006377998
ASV_756	0.000407	0.000000000	0.000000000	0.001222271
ASV_955	0.000406	0.0005790254	0.0000000000	0.0006377998
ASV_852	0.000407	0.000000000	0.000000000	0.001222271
ASV_1348	0.000384	0.0005790254	0.0005716180	0.0000000000
ASV_897	0.000407	0.000000000	0.000000000	0.001222271
ASV_837	0.000384	0.0005790254	0.0005716180	0.0000000000
ASV_972	0.000415	0.0005790254	0.0006646992	0.0000000000
ASV_1266	0.000417	0.0006399181	0.0000000000	0.0006099421
ASV_1263	0.000427	0.001279836	0.000000000	0.000000000
ASV_969	0.000407	0.000000000	0.000000000	0.001219884
ASV_1064	0.00042	0.0006495447	0.0000000000	0.0006099421
ASV_1320	0.000403	0.0000000000	0.0005716180	0.0006377998
ASV_1030	0.000415	0.0005790254	0.0006646992	0.0000000000
ASV_1458	0.000427	0.001279836	0.000000000	0.000000000
ASV_1642	0.000433	0.001299089	0.000000000	0.000000000
ASV_1068	0.000381	0.000000000	0.001143236	0.000000000
ASV_1435	0.000425	0.0000000	0.0000000	0.0012756
ASV_1168	0.000407	0.000000000	0.000000000	0.001222271
ASV_1200	0.000407	0.000000000	0.000000000	0.001222271
ASV_1326	0.000417	0.000000000	0.000000000	0.001250128
ASV_1244	0.000408	0.000000000	0.000000000	0.001224657
ASV_1295	0.000406	0.000000000	0.001219081	0.000000000
ASV_1504	0.000407	0.000000000	0.000000000	0.001222271
ASV_1233	0.000417	0.000000000	0.000000000	0.001250128
ASV_1333	0.000425	0.00000000	0.00127424	0.00000000
ASV_1345	0.000381	0.000000000	0.001143236	0.000000000
ASV_1461	0.000425	0.00000000	0.00127424	0.00000000
ASV_1361	0.00042	0.0006495447	0.0000000000	0.0006099421
ASV_1476	0.000417	0.0006399181	0.0000000000	0.0006123286
ASV_1409	0.000435	0.0006399181	0.0006646992	0.0000000000
ASV_1417	0.000406	0.001218943	0.000000000	0.000000000
ASV_1489	0.000426	0.0000000000	0.0006646992	0.0006123286
ASV_1598	0.00041	0.00122857	0.00000000	0.00000000
ASV_1383	0.000417	0.000000000	0.000000000	0.001250128
ASV_1595	0.000443	0.000000000	0.001329398	0.000000000
ASV_1632	0.000394	0.0000000000	0.0005716180	0.0006099421
ASV_1662	0.000417	0.000000000	0.000000000	0.001250128
ASV_1500	0.00042	0.0006495447	0.0006095405	0.0000000000
ASV_1091	0.000203	0.0000000000	0.0006095405	0.0000000000
ASV_574	0.000213	0.0000000000	0.0000000000	0.0006377998
ASV_1201	0.000213	0.0000000000	0.0000000000	0.0006377998
ASV_1426	0.000203	0.0000000000	0.0006095405	0.0000000000
ASV_585	0.000217	0.0006495447	0.0000000000	0.0000000000
ASV_662	0.000222	0.0000000000	0.0006646992	0.0000000000
ASV_1647	0.000191	0.000000000	0.000571618	0.000000000
ASV_1431	0.000191	0.000000000	0.000571618	0.000000000
ASV_1429	0.000203	0.0000000000	0.0006095405	0.0000000000
ASV_1521	0.000191	0.000000000	0.000571618	0.000000000
ASV_1389	0.000222	0.0000000000	0.0006646992	0.0000000000
ASV_1203	0.000203	0.0000000000	0.0006095405	0.0000000000
ASV_951	0.000203	0.0000000000	0.0000000000	0.0006099421
ASV_843	0.000204	0.0000000000	0.0000000000	0.0006123286
ASV_1350	0.000191	0.000000000	0.000571618	0.000000000
ASV_1655	0.000222	0.0000000000	0.0006646992	0.0000000000
ASV_1468	0.000213	0.0006399181	0.0000000000	0.0000000000
ASV_1131	0.000193	0.0005790254	0.0000000000	0.0000000000
ASV_1579	0.000222	0.0000000000	0.0006646992	0.0000000000
ASV_1136	0.000217	0.0006495447	0.0000000000	0.0000000000
ASV_1323	0.000222	0.0000000000	0.0006646992	0.0000000000
ASV_1092	0.000204	0.0000000000	0.0000000000	0.0006123286
ASV_1654	0.000203	0.0000000000	0.0006095405	0.0000000000
ASV_1149	0.000213	0.0006399181	0.0000000000	0.0000000000
ASV_1183	0.000222	0.0000000000	0.0006646992	0.0000000000
ASV_1170	0.000213	0.0000000000	0.0000000000	0.0006377998
ASV_1158	0.000204	0.0000000000	0.0000000000	0.0006123286
ASV_1239	0.000193	0.0005790254	0.0000000000	0.0000000000
ASV_1322	0.000203	0.0000000000	0.0000000000	0.0006099421
ASV_1472	0.000213	0.0000000000	0.0000000000	0.0006377998
ASV_1243	0.000203	0.0000000000	0.0000000000	0.0006099421
ASV_1385	0.000213	0.0000000000	0.0000000000	0.0006377998
ASV_1344	0.000213	0.0000000000	0.0000000000	0.0006377998
ASV_1564	0.000203	0.0000000000	0.0006095405	0.0000000000
ASV_1269	0.000204	0.0000000000	0.0000000000	0.0006123286
ASV_1341	0.000217	0.0006495447	0.0000000000	0.0000000000
ASV_1404	0.000213	0.0000000000	0.0000000000	0.0006377998
ASV_1525	0.000213	0.0000000000	0.0000000000	0.0006377998
ASV_1584	0.000204	0.0000000000	0.0000000000	0.0006123286
ASV_1659	0.000213	0.0000000000	0.0000000000	0.0006377998
