unifrac_binary	H60	H61	H62	H63	H64	H66	H67	H68	H79	H94	H95	H96	L36	L37	L38	L39	L70	L73	L76	L77	L91	L92	L93	M30	M31	M32	M33	M34	M35	M54	M55	M56	M57	M58	M59	N12	N13	N15	N16	N17	N51	N52	N53	N86	N87	N88	N90
H60	0	0.431	0.557	0.324	0.365	0.460	0.325	0.333	0.303	0.245	0.559	0.455	0.462	0.492	0.463	0.454	0.336	0.478	0.299	0.570	0.416	0.334	0.432	0.303	0.373	0.462	0.336	0.333	0.442	0.167	0.167	0.216	0.211	0.213	0.344	0.486	0.725	0.711	0.622	0.506	0.327	0.554	0.652	0.416	0.362	0.403	0.476
H61	0.431	0	0.373	0.397	0.350	0.446	0.328	0.349	0.298	0.302	0.370	0.304	0.339	0.405	0.374	0.428	0.391	0.433	0.488	0.496	0.371	0.508	0.423	0.367	0.295	0.305	0.401	0.367	0.458	0.521	0.422	0.537	0.438	0.428	0.250	0.701	0.682	0.511	0.580	0.471	0.484	0.477	0.536	0.494	0.489	0.495	0.576
H62	0.557	0.373	0	0.422	0.470	0.343	0.444	0.433	0.443	0.481	0.505	0.374	0.387	0.470	0.327	0.508	0.372	0.390	0.457	0.405	0.329	0.481	0.450	0.431	0.479	0.431	0.323	0.361	0.440	0.559	0.482	0.633	0.548	0.524	0.362	0.589	0.535	0.496	0.595	0.585	0.577	0.519	0.590	0.550	0.576	0.546	0.520
H63	0.324	0.397	0.422	0	0.362	0.358	0.274	0.238	0.297	0.332	0.393	0.296	0.436	0.399	0.350	0.369	0.331	0.421	0.413	0.450	0.329	0.411	0.359	0.303	0.398	0.414	0.372	0.344	0.397	0.314	0.268	0.373	0.355	0.327	0.269	0.648	0.679	0.594	0.617	0.418	0.389	0.460	0.577	0.506	0.425	0.499	0.548
H64	0.365	0.350	0.470	0.362	0	0.395	0.298	0.316	0.312	0.332	0.388	0.391	0.208	0.386	0.388	0.429	0.370	0.374	0.468	0.459	0.356	0.417	0.386	0.382	0.348	0.395	0.463	0.410	0.424	0.432	0.335	0.457	0.421	0.320	0.303	0.717	0.748	0.641	0.647	0.551	0.532	0.572	0.640	0.620	0.562	0.583	0.663
H66	0.460	0.446	0.343	0.358	0.395	0	0.362	0.348	0.380	0.400	0.465	0.428	0.349	0.413	0.260	0.369	0.369	0.363	0.361	0.299	0.298	0.342	0.365	0.375	0.484	0.494	0.400	0.360	0.368	0.473	0.407	0.520	0.511	0.391	0.366	0.609	0.626	0.602	0.573	0.518	0.542	0.535	0.578	0.574	0.573	0.532	0.543
H67	0.325	0.328	0.444	0.274	0.298	0.362	0	0.179	0.299	0.350	0.302	0.231	0.414	0.357	0.307	0.344	0.293	0.391	0.400	0.401	0.306	0.341	0.250	0.276	0.268	0.319	0.360	0.343	0.344	0.380	0.295	0.327	0.353	0.271	0.252	0.666	0.650	0.587	0.582	0.452	0.429	0.459	0.585	0.506	0.441	0.474	0.543
H68	0.333	0.349	0.433	0.238	0.316	0.348	0.179	0	0.328	0.392	0.350	0.260	0.427	0.313	0.281	0.315	0.314	0.421	0.369	0.435	0.253	0.420	0.348	0.329	0.319	0.410	0.387	0.342	0.382	0.381	0.287	0.373	0.359	0.339	0.263	0.666	0.665	0.542	0.541	0.422	0.409	0.429	0.538	0.496	0.430	0.462	0.523
H79	0.303	0.298	0.443	0.297	0.312	0.380	0.299	0.328	0	0.216	0.462	0.320	0.321	0.454	0.311	0.371	0.278	0.373	0.393	0.472	0.333	0.401	0.336	0.322	0.314	0.385	0.324	0.278	0.375	0.366	0.321	0.372	0.279	0.290	0.225	0.628	0.665	0.548	0.519	0.447	0.460	0.467	0.509	0.524	0.481	0.520	0.560
H94	0.245	0.302	0.481	0.332	0.332	0.400	0.350	0.392	0.216	0	0.515	0.395	0.399	0.536	0.375	0.383	0.318	0.421	0.308	0.469	0.365	0.304	0.355	0.228	0.339	0.406	0.285	0.308	0.386	0.265	0.201	0.315	0.222	0.210	0.276	0.550	0.703	0.606	0.571	0.478	0.368	0.502	0.544	0.454	0.397	0.441	0.525
H95	0.559	0.370	0.505	0.393	0.388	0.465	0.302	0.350	0.462	0.515	0	0.279	0.449	0.379	0.425	0.412	0.464	0.472	0.553	0.482	0.425	0.511	0.424	0.384	0.373	0.431	0.527	0.492	0.484	0.580	0.480	0.582	0.559	0.477	0.372	0.829	0.813	0.673	0.709	0.596	0.589	0.566	0.700	0.648	0.610	0.623	0.651
H96	0.455	0.304	0.374	0.296	0.391	0.428	0.231	0.260	0.320	0.395	0.279	0	0.404	0.324	0.306	0.292	0.331	0.426	0.461	0.453	0.344	0.429	0.324	0.281	0.260	0.379	0.340	0.307	0.401	0.472	0.389	0.459	0.412	0.437	0.272	0.672	0.635	0.483	0.557	0.457	0.433	0.380	0.536	0.482	0.449	0.490	0.508
L36	0.462	0.339	0.387	0.436	0.208	0.349	0.414	0.427	0.321	0.399	0.449	0.404	0	0.491	0.325	0.461	0.369	0.248	0.426	0.393	0.372	0.367	0.348	0.390	0.412	0.366	0.379	0.340	0.427	0.528	0.439	0.567	0.504	0.436	0.342	0.647	0.677	0.651	0.626	0.586	0.594	0.590	0.625	0.599	0.601	0.567	0.636
L37	0.492	0.405	0.470	0.399	0.386	0.413	0.357	0.313	0.454	0.536	0.379	0.324	0.491	0	0.405	0.379	0.413	0.506	0.438	0.441	0.387	0.491	0.479	0.498	0.367	0.553	0.532	0.470	0.493	0.511	0.455	0.575	0.565	0.530	0.445	0.734	0.739	0.512	0.584	0.510	0.515	0.461	0.574	0.557	0.520	0.544	0.543
L38	0.463	0.374	0.327	0.350	0.388	0.260	0.307	0.281	0.311	0.375	0.425	0.306	0.325	0.405	0	0.268	0.258	0.353	0.340	0.373	0.169	0.338	0.273	0.318	0.398	0.418	0.302	0.253	0.379	0.459	0.367	0.494	0.424	0.390	0.279	0.603	0.591	0.517	0.528	0.460	0.480	0.421	0.536	0.475	0.481	0.445	0.529
L39	0.454	0.428	0.508	0.369	0.429	0.369	0.344	0.315	0.371	0.383	0.412	0.292	0.461	0.379	0.268	0	0.406	0.444	0.375	0.468	0.339	0.378	0.322	0.394	0.375	0.454	0.448	0.404	0.415	0.427	0.386	0.468	0.406	0.418	0.423	0.656	0.708	0.518	0.538	0.382	0.377	0.340	0.525	0.446	0.405	0.415	0.489
L70	0.336	0.391	0.372	0.331	0.370	0.369	0.293	0.314	0.278	0.318	0.464	0.331	0.369	0.413	0.258	0.406	0	0.372	0.323	0.449	0.257	0.334	0.329	0.289	0.376	0.431	0.245	0.253	0.381	0.392	0.308	0.426	0.315	0.342	0.280	0.545	0.609	0.546	0.582	0.467	0.451	0.456	0.592	0.448	0.433	0.418	0.474
L73	0.478	0.433	0.390	0.421	0.374	0.363	0.391	0.421	0.373	0.421	0.472	0.426	0.248	0.506	0.353	0.444	0.372	0	0.383	0.253	0.384	0.299	0.257	0.396	0.380	0.336	0.366	0.350	0.326	0.520	0.424	0.524	0.499	0.397	0.381	0.611	0.619	0.603	0.658	0.536	0.568	0.543	0.590	0.560	0.553	0.553	0.571
L76	0.299	0.488	0.457	0.413	0.468	0.361	0.400	0.369	0.393	0.308	0.553	0.461	0.426	0.438	0.340	0.375	0.323	0.383	0	0.387	0.377	0.237	0.342	0.355	0.465	0.543	0.311	0.322	0.346	0.315	0.307	0.404	0.358	0.349	0.416	0.470	0.672	0.625	0.581	0.570	0.380	0.555	0.600	0.390	0.357	0.331	0.372
L77	0.570	0.496	0.405	0.450	0.459	0.299	0.401	0.435	0.472	0.469	0.482	0.453	0.393	0.441	0.373	0.468	0.449	0.253	0.387	0	0.392	0.312	0.310	0.429	0.452	0.442	0.492	0.442	0.328	0.577	0.482	0.606	0.594	0.479	0.413	0.655	0.607	0.538	0.586	0.619	0.660	0.557	0.502	0.634	0.616	0.625	0.562
L91	0.416	0.371	0.329	0.329	0.356	0.298	0.306	0.253	0.333	0.365	0.425	0.344	0.372	0.387	0.169	0.339	0.257	0.384	0.377	0.392	0	0.413	0.343	0.318	0.366	0.408	0.349	0.308	0.346	0.394	0.275	0.477	0.341	0.375	0.249	0.604	0.603	0.535	0.540	0.476	0.502	0.428	0.539	0.476	0.474	0.443	0.497
L92	0.334	0.508	0.481	0.411	0.417	0.342	0.341	0.420	0.401	0.304	0.511	0.429	0.367	0.491	0.338	0.378	0.334	0.299	0.237	0.312	0.413	0	0.214	0.273	0.404	0.441	0.284	0.276	0.269	0.327	0.349	0.418	0.416	0.320	0.442	0.495	0.645	0.619	0.614	0.510	0.404	0.492	0.590	0.413	0.431	0.385	0.488
L93	0.432	0.423	0.450	0.359	0.386	0.365	0.250	0.348	0.336	0.355	0.424	0.324	0.348	0.479	0.273	0.322	0.329	0.257	0.342	0.310	0.343	0.214	0	0.290	0.341	0.300	0.313	0.256	0.292	0.430	0.364	0.480	0.424	0.383	0.354	0.594	0.593	0.594	0.583	0.455	0.457	0.439	0.559	0.473	0.464	0.464	0.557
M30	0.303	0.367	0.431	0.303	0.382	0.375	0.276	0.329	0.322	0.228	0.384	0.281	0.390	0.498	0.318	0.394	0.289	0.396	0.355	0.429	0.318	0.273	0.290	0	0.333	0.350	0.247	0.229	0.314	0.332	0.177	0.301	0.262	0.216	0.244	0.485	0.630	0.636	0.600	0.481	0.392	0.486	0.575	0.388	0.408	0.376	0.457
M31	0.373	0.295	0.479	0.398	0.348	0.484	0.268	0.319	0.314	0.339	0.373	0.260	0.412	0.367	0.398	0.375	0.376	0.380	0.465	0.452	0.366	0.404	0.341	0.333	0	0.349	0.403	0.345	0.331	0.410	0.360	0.426	0.332	0.369	0.284	0.661	0.675	0.554	0.563	0.455	0.436	0.400	0.511	0.477	0.448	0.501	0.514
M32	0.462	0.305	0.431	0.414	0.395	0.494	0.319	0.410	0.385	0.406	0.431	0.379	0.366	0.553	0.418	0.454	0.431	0.336	0.543	0.442	0.408	0.441	0.300	0.350	0.349	0	0.390	0.354	0.363	0.510	0.423	0.494	0.442	0.413	0.343	0.648	0.616	0.585	0.590	0.457	0.540	0.486	0.525	0.523	0.564	0.527	0.601
M33	0.336	0.401	0.323	0.372	0.463	0.400	0.360	0.387	0.324	0.285	0.527	0.340	0.379	0.532	0.302	0.448	0.245	0.366	0.311	0.492	0.349	0.284	0.313	0.247	0.403	0.390	0	0.146	0.372	0.353	0.306	0.424	0.341	0.344	0.337	0.473	0.570	0.555	0.525	0.484	0.382	0.473	0.576	0.388	0.392	0.385	0.432
M34	0.333	0.367	0.361	0.344	0.410	0.360	0.343	0.342	0.278	0.308	0.492	0.307	0.340	0.470	0.253	0.404	0.253	0.350	0.322	0.442	0.308	0.276	0.256	0.229	0.345	0.354	0.146	0	0.330	0.360	0.298	0.428	0.337	0.356	0.291	0.467	0.551	0.580	0.520	0.448	0.415	0.455	0.552	0.384	0.423	0.392	0.425
M35	0.442	0.458	0.440	0.397	0.424	0.368	0.344	0.382	0.375	0.386	0.484	0.401	0.427	0.493	0.379	0.415	0.381	0.326	0.346	0.328	0.346	0.269	0.292	0.314	0.331	0.363	0.372	0.330	0	0.467	0.372	0.414	0.416	0.317	0.347	0.576	0.592	0.574	0.603	0.493	0.519	0.479	0.538	0.465	0.526	0.492	0.513
M54	0.167	0.521	0.559	0.314	0.432	0.473	0.380	0.381	0.366	0.265	0.580	0.472	0.528	0.511	0.459	0.427	0.392	0.520	0.315	0.577	0.394	0.327	0.430	0.332	0.410	0.510	0.353	0.360	0.467	0	0.200	0.297	0.237	0.321	0.397	0.489	0.729	0.682	0.596	0.514	0.294	0.529	0.623	0.394	0.321	0.383	0.464
M55	0.167	0.422	0.482	0.268	0.335	0.407	0.295	0.287	0.321	0.201	0.480	0.389	0.439	0.455	0.367	0.386	0.308	0.424	0.307	0.482	0.275	0.349	0.364	0.177	0.360	0.423	0.306	0.298	0.372	0.200	0	0.248	0.158	0.172	0.255	0.533	0.703	0.664	0.601	0.514	0.372	0.532	0.632	0.440	0.382	0.425	0.471
M56	0.216	0.537	0.633	0.373	0.457	0.520	0.327	0.373	0.372	0.315	0.582	0.459	0.567	0.575	0.494	0.468	0.426	0.524	0.404	0.606	0.477	0.418	0.480	0.301	0.426	0.494	0.424	0.428	0.414	0.297	0.248	0	0.196	0.147	0.375	0.533	0.755	0.721	0.679	0.530	0.392	0.600	0.689	0.475	0.432	0.481	0.534
M57	0.211	0.438	0.548	0.355	0.421	0.511	0.353	0.359	0.279	0.222	0.559	0.412	0.504	0.565	0.424	0.406	0.315	0.499	0.358	0.594	0.341	0.416	0.424	0.262	0.332	0.442	0.341	0.337	0.416	0.237	0.158	0.196	0	0.221	0.311	0.515	0.702	0.659	0.620	0.531	0.368	0.517	0.629	0.419	0.383	0.407	0.453
M58	0.213	0.428	0.524	0.327	0.320	0.391	0.271	0.339	0.290	0.210	0.477	0.437	0.436	0.530	0.390	0.418	0.342	0.397	0.349	0.479	0.375	0.320	0.383	0.216	0.369	0.413	0.344	0.356	0.317	0.321	0.172	0.147	0.221	0	0.299	0.536	0.708	0.674	0.676	0.481	0.417	0.576	0.665	0.473	0.455	0.477	0.510
M59	0.344	0.250	0.362	0.269	0.303	0.366	0.252	0.263	0.225	0.276	0.372	0.272	0.342	0.445	0.279	0.423	0.280	0.381	0.416	0.413	0.249	0.442	0.354	0.244	0.284	0.343	0.337	0.291	0.347	0.397	0.255	0.375	0.311	0.299	0	0.632	0.632	0.579	0.555	0.510	0.498	0.489	0.536	0.532	0.515	0.534	0.558
N12	0.486	0.701	0.589	0.648	0.717	0.609	0.666	0.666	0.628	0.550	0.829	0.672	0.647	0.734	0.603	0.656	0.545	0.611	0.470	0.655	0.604	0.495	0.594	0.485	0.661	0.648	0.473	0.467	0.576	0.489	0.533	0.533	0.515	0.536	0.632	0	0.410	0.645	0.593	0.525	0.496	0.625	0.590	0.290	0.460	0.272	0.296
N13	0.725	0.682	0.535	0.679	0.748	0.626	0.650	0.665	0.665	0.703	0.813	0.635	0.677	0.739	0.591	0.708	0.609	0.619	0.672	0.607	0.603	0.645	0.593	0.630	0.675	0.616	0.570	0.551	0.592	0.729	0.703	0.755	0.702	0.708	0.632	0.410	0	0.477	0.484	0.558	0.701	0.616	0.519	0.534	0.695	0.560	0.451
N15	0.711	0.511	0.496	0.594	0.641	0.602	0.587	0.542	0.548	0.606	0.673	0.483	0.651	0.512	0.517	0.518	0.546	0.603	0.625	0.538	0.535	0.619	0.594	0.636	0.554	0.585	0.555	0.580	0.574	0.682	0.664	0.721	0.659	0.674	0.579	0.645	0.477	0	0.313	0.444	0.525	0.421	0.275	0.475	0.555	0.537	0.492
N16	0.622	0.580	0.595	0.617	0.647	0.573	0.582	0.541	0.519	0.571	0.709	0.557	0.626	0.584	0.528	0.538	0.582	0.658	0.581	0.586	0.540	0.614	0.583	0.600	0.563	0.590	0.525	0.520	0.603	0.596	0.601	0.679	0.620	0.676	0.555	0.593	0.484	0.313	0	0.513	0.540	0.477	0.314	0.533	0.595	0.534	0.524
N17	0.506	0.471	0.585	0.418	0.551	0.518	0.452	0.422	0.447	0.478	0.596	0.457	0.586	0.510	0.460	0.382	0.467	0.536	0.570	0.619	0.476	0.510	0.455	0.481	0.455	0.457	0.484	0.448	0.493	0.514	0.514	0.530	0.531	0.481	0.510	0.525	0.558	0.444	0.513	0	0.331	0.331	0.404	0.354	0.420	0.396	0.445
N51	0.327	0.484	0.577	0.389	0.532	0.542	0.429	0.409	0.460	0.368	0.589	0.433	0.594	0.515	0.480	0.377	0.451	0.568	0.380	0.660	0.502	0.404	0.457	0.392	0.436	0.540	0.382	0.415	0.519	0.294	0.372	0.392	0.368	0.417	0.498	0.496	0.701	0.525	0.540	0.331	0	0.294	0.536	0.232	0.123	0.273	0.367
N52	0.554	0.477	0.519	0.460	0.572	0.535	0.459	0.429	0.467	0.502	0.566	0.380	0.590	0.461	0.421	0.340	0.456	0.543	0.555	0.557	0.428	0.492	0.439	0.486	0.400	0.486	0.473	0.455	0.479	0.529	0.532	0.600	0.517	0.576	0.489	0.625	0.616	0.421	0.477	0.331	0.294	0	0.388	0.369	0.298	0.412	0.474
N53	0.652	0.536	0.590	0.577	0.640	0.578	0.585	0.538	0.509	0.544	0.700	0.536	0.625	0.574	0.536	0.525	0.592	0.590	0.600	0.502	0.539	0.590	0.559	0.575	0.511	0.525	0.576	0.552	0.538	0.623	0.632	0.689	0.629	0.665	0.536	0.590	0.519	0.275	0.314	0.404	0.536	0.388	0	0.483	0.565	0.514	0.516
N86	0.416	0.494	0.550	0.506	0.620	0.574	0.506	0.496	0.524	0.454	0.648	0.482	0.599	0.557	0.475	0.446	0.448	0.560	0.390	0.634	0.476	0.413	0.473	0.388	0.477	0.523	0.388	0.384	0.465	0.394	0.440	0.475	0.419	0.473	0.532	0.290	0.534	0.475	0.533	0.354	0.232	0.369	0.483	0	0.197	0.118	0.203
N87	0.362	0.489	0.576	0.425	0.562	0.573	0.441	0.430	0.481	0.397	0.610	0.449	0.601	0.520	0.481	0.405	0.433	0.553	0.357	0.616	0.474	0.431	0.464	0.408	0.448	0.564	0.392	0.423	0.526	0.321	0.382	0.432	0.383	0.455	0.515	0.460	0.695	0.555	0.595	0.420	0.123	0.298	0.565	0.197	0	0.246	0.334
N88	0.403	0.495	0.546	0.499	0.583	0.532	0.474	0.462	0.520	0.441	0.623	0.490	0.567	0.544	0.445	0.415	0.418	0.553	0.331	0.625	0.443	0.385	0.464	0.376	0.501	0.527	0.385	0.392	0.492	0.383	0.425	0.481	0.407	0.477	0.534	0.272	0.560	0.537	0.534	0.396	0.273	0.412	0.514	0.118	0.246	0	0.242
N90	0.476	0.576	0.520	0.548	0.663	0.543	0.543	0.523	0.560	0.525	0.651	0.508	0.636	0.543	0.529	0.489	0.474	0.571	0.372	0.562	0.497	0.488	0.557	0.457	0.514	0.601	0.432	0.425	0.513	0.464	0.471	0.534	0.453	0.510	0.558	0.296	0.451	0.492	0.524	0.445	0.367	0.474	0.516	0.203	0.334	0.242	0
