ID	log2FC	log2CPM	PValue	FDR	level	MeanA	MeanB	NC1	NC2	NC3	NC4	NC5	NC6	NC7	NC8	NC9	NC10	NC11	NC12	NC13	NC14	NC15	HD1	HD2	HD3	HD4	HD5	HD6	HD7	HD8	HD9	HD10	HD11	HD12	HD13	HD14	HD15
ASV_1	1.318	15.974	0.0452367668877044	0.0730385298707728	Enriched	2.406	0.965	5.534	0.835	5.446	3.433	3.26	0.034	0.579	0.071	0.081	4.952	2.133	3.162	0.087	0.045	6.435	0.073	0.087	2.553	0.605	0.096	0.075	1.376	4.007	0.088	0.089	0.684	0.974	2.031	0.413	1.32
ASV_2	-3.73	17.182	0.00226463932681059	0.00877547739139104	Depleted	0.329	4.36	0.029	0.043	0.019	0.026	0.035	0.179	0.121	0.194	0.099	0.101	0.505	0.119	0.106	3.17	0.182	2.241	2.943	0.427	1.729	0.128	5.783	14.872	2.291	11.392	8.423	4.237	1.543	3.661	3.838	1.893
ASV_4	4.523	17.489	0.0185115864380147	0.0358661987236534	Enriched	4.522	0.197	0.098	0.028	0.032	0.046	0.035	18.397	15.188	9.942	9.316	9.869	0.281	0.494	0.63	0.963	2.515	0.041	0.083	0.063	0.106	0.034	0.206	0.162	0.06	0.073	0.079	0.353	0.171	0.558	0.401	0.56
ASV_15	-3.537	16.51	0.00564828083100591	0.0141207020775148	Depleted	0.205	2.384	0.04	0.047	0.041	0.102	0.049	0.71	0.045	0.281	0.26	0.118	0.144	0.672	0.151	0.314	0.11	2.817	0.061	0.727	3.787	0.055	3.854	0.046	3.184	0.166	0.122	9.33	4.743	4.202	1.43	1.242
ASV_3	0.237	17.027	0.780092352894316	0.816988612828506	NotSig	1.82	1.544	4.625	3.745	4.956	2.722	2.296	0.652	0.377	1.839	2.122	1.071	0.341	1.03	0.288	0.161	1.069	1.587	2.03	13.359	1.292	3.64	0.204	0.053	0.076	0.112	0.103	0.233	0.191	0.101	0.123	0.053
ASV_6	0.31	15.605	0.587401228047869	0.639093080201344	NotSig	1.477	1.192	4.587	4.326	4.984	1.449	1.888	0.24	1.315	0.774	1.535	0.623	0.073	0.071	0.069	0.09	0.138	1.226	0.988	3.433	2.312	1.61	2.505	1.485	0.632	0.949	1.696	0.255	0.304	0.155	0.121	0.208
ASV_9	1.353	15.135	0.0422599988300929	0.0696840406240894	Enriched	1.337	0.523	3.127	0.506	3.055	2.002	1.775	0.02	0.301	0.051	0.026	2.623	1.192	1.705	0.047	0.03	3.599	0.057	0.043	1.399	0.3	0.043	0.027	0.789	2.265	0.041	0.055	0.368	0.481	1.007	0.286	0.689
ASV_8	-7.146	17.856	0.111286482976372	0.148701766046014	NotSig	0.023	3.314	0.004	0.045	0	0	0.002	0.02	0.024	0.066	0.022	0.018	0.067	0.029	0.005	0.045	0.004	0.122	19.131	0.105	0.352	23.731	0.027	0.072	0.057	0.071	1.204	0	0.019	0.002	4.605	0.217
ASV_12	-4.939	15.61	0.000128670889094011	0.00153415290842859	Depleted	0.071	2.182	0.107	0.087	0.026	0.137	0.082	0.041	0.035	0.026	0.026	0.028	0.052	0.123	0.201	0.034	0.062	1.349	1.204	0.063	0.998	0.537	2.902	2.127	0.042	2.123	1.541	3.782	3.299	4.589	3.166	5.002
ASV_7	-1.184	9.634	0.0624689247828042	0.0922160318222348	NotSig	0.011	0.025	0.005	0.003	0.007	0.02	0.002	0.034	0.002	0	0.005	0.012	0.038	0.037	0.002	0	0	0.005	0.079	0.042	0.013	0.004	0	0.025	0.028	0.041	0.013	0.017	0.014	0	0.071	0.028
ASV_5	-4.147	17.656	0.0564552335167573	0.0876679816873204	NotSig	0.171	3.028	0.146	0.107	0.227	0.946	0.059	0.078	0.365	0.017	0.225	0.194	0.048	0.027	0.045	0.054	0.024	20.648	0.825	0.09	0.169	8.424	1.817	1.025	0.683	3.852	0.286	0.229	0.83	2.842	1.891	1.802
ASV_13	-0.644	14.422	0.0591835358958927	0.0899357653319938	NotSig	0.686	1.072	0.737	1.15	1.346	0.427	0.778	0.264	0.615	0.333	0.402	0.266	0.522	0.834	0.561	0.897	1.154	0.247	0.419	1.872	2.024	0.329	1.906	1.195	0.524	1.103	2.195	0.945	0.768	0.299	1.275	0.977
ASV_26	-0.827	15.238	0.0655415175139416	0.0949433197631864	NotSig	0.871	1.545	0.264	0.133	0.122	1.85	0.752	0.672	0.626	0.207	1.266	1.138	1.131	0.349	0.323	3.176	1.056	0.552	3.864	0.223	0.702	2.255	0.523	0.606	2.217	1.48	2.619	1.065	0.596	1.524	3.133	1.815
ASV_11	0.629	15.261	0.192405170155629	0.246469432843988	NotSig	1.26	0.814	1.941	1.275	1.892	1.451	1.271	1.85	2.698	1.687	1.523	1.349	0.214	0.404	0.13	0.589	0.621	0.634	1.125	3.927	2.081	1.374	1.237	0.722	0.285	0.188	0.349	0.049	0.076	0.068	0.056	0.042
ASV_14	-3.218	16.293	0.00480771250441335	0.0129102081605304	Depleted	0.236	2.198	0.291	0.601	0.363	0.331	0.865	0.044	0.145	0.635	0.051	0.149	0.019	0.009	0.01	0.017	0.011	3.798	4.642	8.028	2.405	4.192	2.806	1.468	0.244	0.466	3.087	0.486	0.592	0.11	0.346	0.304
ASV_16	-3.157	14.797	8.60705200960668e-07	6.67046530744518e-05	Depleted	0.181	1.615	0.333	0.346	0.627	0.577	0.157	0.054	0.04	0.04	0.07	0.035	0.075	0.088	0.089	0.127	0.059	1.414	2.026	0.422	1.525	2.846	0.541	1.304	2.723	2.441	1.246	1.588	1.555	1.973	1.252	1.366
ASV_10	-0.091	15.574	0.873820577296957	0.885243068503453	NotSig	0.971	1.034	1.313	0.672	2.387	0.638	0.426	0.548	0.693	0.675	1.273	0.269	1.167	2.811	0.7	0.211	0.781	0.226	0.397	1.616	0.856	0.292	4.879	0.302	0.048	0.17	0.55	0.731	3.073	0.255	1.624	0.49
ASV_22	3.401	16.511	0.0121543680423329	0.0258072198159123	Enriched	2.176	0.206	1.171	0.802	1.043	0.475	0.491	0.264	0.626	0.556	0.478	0.362	3.639	5.561	2.828	9.336	5.013	0.301	0.809	0.221	0.387	0.56	0.122	0.084	0.027	0.071	0.055	0.109	0.179	0.085	0.054	0.026
ASV_27	-3.605	15.099	0.000531003605589852	0.00357850255940987	Depleted	0.119	1.45	0.193	0.208	0.069	0.294	0.186	0.071	0.055	0.04	0.04	0.063	0.05	0.159	0.172	0.043	0.145	0.684	0.589	0.08	0.653	0.283	1.964	1.401	0.055	1.189	1.008	2.477	2.703	3.461	1.695	3.509
ASV_97	-0.914	14.155	0.00221225077212405	0.00877547739139104	Depleted	0.592	1.115	0.504	0.473	0.176	0.853	0.898	0.558	1.281	0.335	0.831	1.435	0.496	0.188	0.342	0.075	0.428	1.711	1.508	0.914	1.7	0.778	1.824	1.508	0.657	1.157	0.618	0.611	0.929	0.478	1.286	1.039
ASV_21	-2.325	15.569	0.0118320651204395	0.0254718068565018	Depleted	0.262	1.314	0.015	0.024	0.021	0.038	0.024	1.271	0.035	0.561	0.391	0.095	0.09	1.127	0.102	0.099	0.039	1.451	0.031	0.466	2.223	0.023	2.228	0.039	1.822	0.056	0.042	4.86	2.674	2.229	0.793	0.767
ASV_24	5.364	16.68	0.0179497933084361	0.0352179488962986	Enriched	2.303	0.056	0.3	0.059	0.196	0.048	0.212	4.236	1.177	8.075	2.774	0.208	10.497	1.246	4.77	0.559	0.195	0.063	0.054	0.067	0.078	0.081	0.069	0.042	0.064	0.063	0.059	0.047	0.053	0.029	0.036	0.033
ASV_19	-1.254	15.521	0.296272394331412	0.353247854779761	NotSig	0.246	0.587	1.344	0.398	0.143	0.229	0.287	0.301	0.085	0.003	0.033	0.01	0.111	0.17	0.168	0.011	0.399	0.496	0.114	4.704	0.462	0.053	0.563	0.12	0.09	0.058	1.157	0.075	0.415	0.013	0.309	0.179
ASV_17	5.569	16.192	0.0053298147310234	0.0140020556492988	Enriched	2.081	0.044	3.485	7.436	1.032	1.014	3.189	0.408	2.265	7.484	1.015	0.713	1.066	0.522	1.059	0.105	0.421	0.194	0.096	0.105	0.05	0.08	0.038	0.025	0.005	0.002	0.009	0.01	0.021	0.009	0.008	0.006
ASV_23	0.993	15.02	0.0385646657914084	0.0664169244185366	Enriched	1.042	0.524	2.283	1.433	3.323	1.016	1.535	0.468	0.6	0.69	0.468	0.503	0.388	0.845	0.373	0.351	1.35	0.443	0.442	0.523	1.002	0.847	0.74	0.694	0.345	0.755	1.119	0.245	0.216	0.119	0.165	0.199
ASV_20	2.82	15.579	0.00614861021576689	0.0148911653663104	Enriched	1.509	0.214	0.736	0.253	0.462	0.652	0.55	0.214	0.88	0.764	0.823	0.098	4.896	3.178	2.743	2.148	4.238	0.041	0.11	0.836	0.661	0.05	0.501	0.186	0.113	0.08	0.113	0.09	0.179	0.036	0.123	0.087
ASV_28	-5.669	15.045	2.13435086443143e-05	0.000551373973311453	Depleted	0.028	1.44	0.016	0.002	0.011	0.002	0.016	0.054	0.024	0.007	0.036	0.012	0.046	0.059	0.056	0.021	0.064	0.009	1.378	2.034	0.184	0.604	0.949	2.401	3.38	1.414	1.479	0.799	1.699	1.531	1.509	2.23
ASV_31	6.518	15.985	0.00149909927334767	0.00683412904026145	Enriched	2.043	0.022	0.1	1.263	1.695	0.679	0.912	4.873	5.584	1.681	2.467	6.487	1.487	1.707	0.68	0.2	0.827	0.02	0.005	0.013	0.015	0.012	0.091	0.049	0.005	0.013	0.013	0.03	0.018	0.02	0.017	0.013
ASV_29	-4.459	15.051	0.000326312378865462	0.00266202203811298	Depleted	0.057	1.254	0.093	0.028	0.025	0.111	0.052	0.017	0.024	0.021	0.033	0.033	0.048	0.088	0.132	0.114	0.037	0.652	0.677	0.031	0.545	0.299	1.725	1.257	0.034	1.103	0.864	1.838	1.929	2.828	1.636	3.395
ASV_41	1.561	15.752	0.0915617296925435	0.126714893770931	NotSig	1.271	0.431	4.101	3.136	1.691	2.176	5.519	0.073	0.114	0.132	0.036	0.08	0.046	0.598	1.085	0.226	0.048	0.073	0.042	0.158	0.043	0.014	0.035	0.512	1.703	0.034	0.022	0.179	0.92	1.024	1.279	0.422
ASV_25	-1.275	14.793	0.0354315019508812	0.0617065483414224	Depleted	0.397	0.961	0.191	0.192	0.264	0.215	0.167	0.66	0.455	0.92	0.487	0.141	0.364	0.359	0.549	0.325	0.667	0.03	0.455	0.006	0.385	0.035	0.978	0.533	0.246	1.208	2.062	1.299	2.656	0.563	2.839	1.117
ASV_201	-3.583	14.648	0.00030860026695541	0.00265739118767159	Depleted	0.088	1.051	0.056	0.042	0.033	0.143	0.075	0.053	0.043	0.037	0.031	0.06	0.096	0.117	0.321	0.107	0.101	0.667	0.516	0.076	0.544	0.221	1.303	0.786	0.092	1.032	0.685	1.687	1.717	2.567	1.48	2.388
ASV_51	-3.957	16.348	0.102323869634923	0.139124559591342	NotSig	0.086	1.338	0.004	0.021	0.002	0.002	0	0.029	0.009	0.044	0.02	0.03	0.036	0.026	0.009	1.058	0.006	0.079	7.49	0.08	0.222	8.339	0.018	0.053	0.051	0.061	0.644	0.007	0.033	0.079	2.778	0.14
ASV_44	-2.259	14.281	0.000453712656694531	0.0032006455989313	Depleted	0.17	0.813	0.097	0.142	0.056	0.265	0.099	0.087	0.325	0.035	0.258	0.407	0.239	0.055	0.052	0.316	0.116	1.199	0.648	0.338	1.152	0.45	0.743	0.856	1.99	0.863	0.672	0.568	0.183	1.907	0.29	0.343
ASV_46	-0.714	15.038	0.215039779388754	0.270985087847617	NotSig	0.445	0.73	0.144	0.085	0.132	0.405	0.308	0.391	0.479	0.235	0.94	1.179	0.538	0.218	0.705	0.701	0.211	0.464	0.042	0.223	0.477	0.018	0.907	0.749	1.317	0.419	0.5	0.681	0.622	0.511	0.649	3.365
ASV_32	1.348	14.777	0.00342886446884148	0.010483472143863	Enriched	0.962	0.378	0.931	0.428	1.009	0.544	0.743	0.865	2.807	1.426	1.213	1.08	0.639	0.875	0.63	0.286	0.961	0.136	0.415	1.277	1.052	0.338	0.732	0.213	0.087	0.145	0.135	0.288	0.429	0.068	0.217	0.138
ASV_30	-2.403	14.888	0.0564068661783312	0.0876679816873204	NotSig	0.126	0.667	0.2	0.362	0.247	0.246	0.338	0.041	0.061	0.27	0.06	0.056	0.004	0.002	0.003	0.002	0.002	0.244	0.163	0.292	0.21	0.315	2.553	2.062	0.558	0.36	3.033	0.064	0.066	0.011	0.021	0.059
ASV_35	-4.16	14.269	0.00320203964248511	0.0104162326234407	Depleted	0.043	0.773	0.031	0.021	0.019	0.147	0.028	0.034	0.019	0.028	0.116	0.015	0.046	0.038	0.036	0.039	0.031	0.208	0.025	1.866	0.363	0.025	0.016	1.974	0.984	0.034	0.031	1.661	1.393	1.851	0.079	1.086
ASV_52	-4.133	14.661	0.00165455471131743	0.00712377722928337	Depleted	0.052	0.915	0.024	0.016	0.012	0.029	0.023	0.022	0.029	0.024	0.073	0.02	0.155	0.128	0.03	0.039	0.158	1.419	0.173	0.431	1.044	0.025	0.011	2.459	2.066	2.59	0.705	0.377	0.164	0.889	0.968	0.396
ASV_50	2.681	15.421	0.021502940281272	0.0401560932963514	Enriched	1.151	0.179	0.384	0.185	0.865	3.479	0.063	2.434	2.719	0.078	1.877	4.389	0.054	0.044	0.257	0.166	0.266	0.039	0.06	0.29	0.149	0.067	0.133	0.046	0.529	0.045	0.07	0.167	0.218	0.39	0.242	0.245
ASV_36	-1.35	14.625	0.0745511552545013	0.106013110683006	NotSig	0.255	0.649	0.249	0.745	0.305	0.22	0.689	0.099	0.301	0.568	0.175	0.262	0.054	0.046	0.05	0.011	0.046	0.701	0.56	1.132	0.592	0.25	2.126	0.882	0.561	0.261	2.527	0.061	0.023	0.005	0.029	0.031
ASV_33	0.224	14.193	0.689578779712333	0.742254936495913	NotSig	0.551	0.472	1.704	1.628	1.873	0.524	0.735	0.087	0.503	0.342	0.53	0.229	0.019	0.026	0.017	0.017	0.033	0.443	0.397	1.242	0.864	0.622	1.11	0.578	0.25	0.41	0.703	0.106	0.144	0.07	0.054	0.085
ASV_417	1.167	14.119	0.0762822344373335	0.107488603070788	NotSig	0.578	0.258	0.717	0.152	0.74	1.053	0.67	0.024	0.264	0.014	0.015	1.779	0.915	0.684	0.023	0.019	1.604	0.038	0.029	0.433	0.141	0.028	0.026	0.287	1.275	0.024	0.05	0.208	0.265	0.559	0.146	0.354
ASV_43	-0.365	8.901	0.34454807864832	0.401957766156845	NotSig	0.015	0.019	0.009	0.023	0.016	0.014	0.007	0.017	0.014	0.024	0.018	0.035	0.006	0.005	0.01	0.009	0.015	0.014	0.02	0.013	0.028	0.019	0.011	0.011	0.048	0.043	0.046	0.01	0.006	0.005	0.004	0.007
ASV_38	-3.596	14.428	0.00247489887101996	0.00892937040063713	Depleted	0.068	0.824	0.015	0.005	0.055	0.026	0.03	0.053	0.01	0.01	0.018	0.007	0.26	0.071	0.241	0.194	0.028	0.776	0.007	0.862	1.223	0.009	0.288	1.401	2.072	1.459	0.356	1.659	0.029	2.204	0.01	0.011
ASV_56	4.125	16.968	0.15929442354202	0.207484333184985	NotSig	1.332	0.076	0.173	0.083	0.026	0.034	0.054	0.507	0.183	0.084	0.235	0.213	1.029	0.725	12.815	3.082	0.729	0.115	0.092	0.029	0.048	0.064	0.047	0.079	0.051	0.013	0.055	0.137	0.154	0.148	0.052	0.061
ASV_34	5.292	15.782	0.0154704563349883	0.0307425734861948	Enriched	1.352	0.034	0.503	0.107	0.305	0.142	0.063	0.814	0.598	5.636	0.993	0.244	5.356	0.844	3.215	0.29	1.168	0.039	0.038	0.057	0.069	0.066	0.029	0.028	0.016	0.024	0.03	0.035	0.037	0.023	0.012	0.015
ASV_1253	-2.706	14.531	0.000755455172953601	0.00403777764854511	Depleted	0.122	0.796	0.044	0.038	0.033	0.195	0.064	0.082	0.086	0.061	0.192	0.125	0.157	0.044	0.062	0.587	0.059	0.432	0.367	0.084	0.335	0.014	0.975	2.368	0.604	1.534	1.159	1.122	0.477	1.068	0.785	0.61
ASV_53	-0.112	7.258	0.863949211621161	0.882579476128303	NotSig	0.003	0.003	0	0.002	0.002	0.005	0	0	0.002	0.002	0.007	0.005	0.015	0.004	0.002	0	0.002	0	0.009	0	0.002	0	0.004	0	0.009	0.002	0	0.002	0.012	0	0.006	0.006
ASV_42	4.335	14.58	0.00961821762408714	0.0217364778276692	Enriched	0.625	0.031	2.056	0.78	0.532	2.449	1.217	0.031	0.159	0.009	0.219	0.176	0.073	0.21	0.259	1.125	0.075	0.032	0.029	0.008	0.011	0.018	0.016	0.004	0.057	0.006	0.018	0.09	0.064	0.025	0.035	0.052
ASV_45	6.668	15.314	0.00286247388093028	0.0100837148078226	Enriched	1.231	0.012	0.903	4.075	1.704	2.291	2.799	3.093	0.508	1.747	0.217	0.492	0.038	0.249	0.007	0.23	0.108	0.034	0.011	0.015	0.013	0.011	0.026	0.023	0.014	0.002	0.002	0.01	0.014	0.002	0.004	0.002
ASV_37	-3.005	14.407	0.00312419596011063	0.0104162326234407	Depleted	0.069	0.555	0.036	0.054	0.085	0.022	0.061	0.06	0.104	0.03	0.05	0.196	0.138	0.091	0.038	0.013	0.061	0.443	1.033	0.372	0.523	0.801	0.687	0.151	0.152	0.207	0.423	0.455	2.173	0.036	0.72	0.153
ASV_39	0.269	13.009	0.495372706271434	0.560458171328995	NotSig	0.35	0.29	0.222	0.629	0.329	0.164	0.385	0.063	0.313	0.553	0.048	0.095	0.517	0.362	0.825	0.267	0.474	0.147	0.161	0.017	0.326	0.064	0.308	0.626	0.042	0.617	0.148	0.806	0.588	0.16	0.202	0.142
ASV_59	-4.134	13.973	0.00012721656588949	0.00153415290842859	Depleted	0.042	0.746	0.022	0.042	0.026	0.024	0.031	0.026	0.318	0.005	0.026	0.015	0.029	0.024	0.012	0.013	0.024	0.22	0.011	0.317	0.694	0.023	0.674	0.703	1.608	0.965	0.192	1.344	0.713	1.034	1.476	1.211
ASV_109	2.886	15.042	0.0148397333783231	0.0298721905667544	Enriched	1.02	0.138	0.056	0.036	0.345	3.374	0.059	0.123	1.732	0.038	2.309	3.301	0.077	0.858	0.837	2.069	0.079	0.073	0.052	0.614	0.058	0.021	0.066	0.06	0.669	0.065	0.044	0.059	0.072	0.043	0.083	0.088
ASV_58	4.588	15.287	0.0317865136448737	0.0559876092608571	Enriched	0.697	0.029	0.015	0.014	0.604	0.36	0.04	0.267	0.259	0.024	0.518	1.384	0.042	3.998	0.344	2.153	0.437	0.004	0	0.004	0.007	0.007	0.015	0.005	0.002	0.011	0.015	0.016	0.275	0.009	0.036	0.029
ASV_40	2.104	16.388	0.243200515007342	0.296819526190063	NotSig	0.951	0.221	2.014	8.575	0.465	0.155	2.11	0.007	0.014	0.76	0.007	0.013	0.027	0.062	0.024	0.03	0.007	0.202	2.81	0.021	0.026	0.2	0.004	0.007	0.005	0.007	0.015	0.003	0.008	0.004	0.004	0.004
ASV_48	-2.797	13.583	0.00344940051185169	0.010483472143863	Depleted	0.07	0.485	0.009	0.002	0.058	0.017	0.01	0.027	0.003	0.014	0.012	0.002	0.274	0.038	0.356	0.207	0.017	0.396	0.018	0.607	0.801	0.009	0.169	0.77	1.227	0.915	0.209	0.926	0.021	1.173	0.013	0.018
ASV_64	-1.236	13.774	0.00117919191738321	0.00571171084982492	Depleted	0.229	0.54	0.266	0.229	0.106	0.401	0.372	0.274	0.315	0.199	0.386	0.36	0.142	0.095	0.174	0.043	0.081	0.385	1.401	0.185	0.393	0.675	0.261	0.55	0.464	0.503	0.325	0.49	0.592	0.579	0.438	0.864
ASV_55	-3.222	13.668	1.372901044053e-05	0.000531999154570537	Depleted	0.061	0.571	0.124	0.052	0.107	0.032	0.07	0.026	0.028	0.016	0.04	0.025	0.117	0.104	0.056	0.062	0.061	0.28	0.238	0.244	0.216	0.561	0.594	0.294	1.301	0.559	0.65	0.486	0.865	0.836	0.87	0.566
ASV_74	0.891	13.472	0.0571255880672216	0.0876679816873204	NotSig	0.392	0.211	0.595	0.56	0.187	0.234	0.031	0.179	0.427	0.077	0.263	0.56	0.85	0.154	0.444	1.136	0.186	0.048	0.042	0.21	0.356	0.028	0.215	0.1	0.485	0.421	0.511	0.125	0.177	0.257	0.056	0.14
ASV_89	4.898	15.725	0.0276803365137837	0.049888978600424	Enriched	0.996	0.033	0.015	0.023	0.692	0.565	0.035	0.49	0.42	0.051	0.674	2.017	0.075	5.416	0.474	3.377	0.621	0.002	0.007	0.017	0.011	0.012	0.029	0.016	0.009	0.006	0.006	0.043	0.298	0.011	0.023	0.011
ASV_73	4.736	14.162	1.41005245703116e-07	2.1855813083983e-05	Enriched	1.037	0.039	0.931	0.835	0.795	1.144	0.994	1.751	0.939	1.105	0.851	0.777	0.335	1.55	0.989	0.721	1.833	0.054	0.022	0.029	0.065	0.028	0.049	0.035	0.023	0.017	0.02	0.08	0.049	0.04	0.04	0.033
ASV_1365	-2.52	13.584	4.11244447084187e-05	0.000708254325533878	Depleted	0.097	0.554	0.036	0.054	0.035	0.258	0.047	0.124	0.09	0.045	0.126	0.166	0.09	0.037	0.061	0.25	0.031	0.425	0.146	0.212	0.572	0.021	0.556	0.766	0.528	0.712	0.576	1.228	0.366	0.854	0.524	0.831
ASV_57	0.531	14.144	0.260699640609189	0.313243754220343	NotSig	0.581	0.402	0.903	0.641	1.098	0.679	0.625	0.842	1.041	0.832	0.546	0.543	0.088	0.157	0.045	0.329	0.342	0.292	0.5	1.811	1.028	0.641	0.747	0.482	0.159	0.084	0.135	0.038	0.033	0.04	0.012	0.028
ASV_82	1.673	16.198	0.347498972032369	0.401957766156845	NotSig	0.692	0.217	0.401	0.243	0.169	0.196	0.477	0.146	0.259	0.063	7.517	0.083	0.13	0.161	0.338	0.103	0.101	0.104	0.139	0.17	0.296	0.066	0.326	0.364	0.156	0.171	0.306	0.132	0.38	0.212	0.171	0.264
ASV_47	-1.112	10.494	0.0995602559758518	0.13656495288723	NotSig	0.014	0.03	0.002	0.003	0.002	0.009	0	0.02	0.002	0.037	0.008	0.01	0.042	0.02	0.028	0.002	0.022	0.023	0.023	0.021	0.017	0.019	0.042	0.012	0.018	0.02	0.024	0.016	0.144	0.004	0.038	0.024
ASV_54	1.539	14.565	0.0419935498395458	0.0696840406240894	Enriched	0.544	0.187	0.351	0.65	0.435	0.227	1.147	0.545	0.98	2.423	0.457	0.384	0.101	0.141	0.128	0.041	0.145	0.095	0.218	0.355	0.272	0.182	0.149	0.285	0.127	0.386	0.33	0.069	0.107	0.032	0.121	0.076
ASV_75	-0.43	12.937	0.221318626495219	0.276648283119024	NotSig	0.282	0.379	0.39	0.618	0.784	0.208	0.437	0.083	0.256	0.122	0.108	0.09	0.165	0.218	0.167	0.243	0.338	0.099	0.148	0.664	0.676	0.124	0.63	0.369	0.151	0.391	0.77	0.379	0.314	0.135	0.459	0.383
ASV_49	-0.956	13.555	0.0419563287742419	0.0696840406240894	Depleted	0.207	0.401	0.222	0.12	0.22	0.295	0.205	0.238	0.092	0.251	0.204	0.154	0.207	0.24	0.219	0.138	0.294	0.075	0.242	0.343	0.547	0.108	0.516	0.322	0.14	0.22	1.204	0.427	1.066	0.103	0.401	0.297
ASV_76	-0.67	14.334	0.399146281154567	0.458279063547836	NotSig	0.341	0.543	0.044	0.005	0.011	0.027	0.019	0.017	0.014	0.063	0.013	0.015	1.965	1.53	1.179	0.052	0.165	0.469	0.009	0.269	0.071	0.004	0.375	0.019	0.347	0.136	0.57	1.584	2.066	0.077	1.394	0.754
ASV_507	2.197	13.996	0.00247593038407019	0.00892937040063713	Enriched	0.602	0.131	0.814	1.057	0.499	1.249	1.034	0.446	1.634	0.12	0.803	0.766	0.117	0.088	0.16	0.022	0.228	0.05	0.215	0.179	0.259	0.085	0.137	0.186	0.17	0.102	0.247	0.068	0.062	0.045	0.094	0.07
ASV_61	3.837	14.015	0.000166327518315808	0.00184148323849644	Enriched	0.806	0.056	0.091	0.111	0.078	0.068	0.084	1.259	1.656	1.379	0.954	1.09	0.754	1.436	0.864	1.155	1.11	0.084	0.038	0.053	0.065	0.034	0.08	0.044	0.012	0.007	0.013	0.089	0.125	0.081	0.06	0.061
ASV_465	-0.276	12.252	0.539725567693512	0.606213499945611	NotSig	0.149	0.18	0.04	0.371	0.055	0.326	0.254	0.1	0.258	0.038	0.086	0.239	0.054	0.059	0.045	0.045	0.259	0.401	0.341	0.065	0.488	0.221	0.064	0.355	0.152	0.101	0.249	0.03	0.142	0.032	0.035	0.022
ASV_63	5.366	14.585	0.000642029179812785	0.00383021525191649	Enriched	0.846	0.021	1.581	1.741	2.458	0.522	1.036	0.058	0.114	0.115	0.066	0.045	1.213	1.257	1.083	0.51	0.889	0.052	0.016	0.023	0.015	0.028	0.016	0.018	0.004	0	0.013	0.043	0.033	0.014	0.015	0.017
ASV_1412	-0.898	13.581	0.0439949135211588	0.071781174692417	Depleted	0.234	0.436	0.41	0.327	0.15	0.486	0.58	0.051	0.081	0.059	0.563	0.088	0.054	0.097	0.387	0.123	0.05	0.045	0.305	0.296	0.095	0.14	0.27	0.554	1.225	0.291	0.327	0.335	0.55	0.743	0.666	0.695
ASV_67	-1.57	12.1	0.12780566164165	0.1678803182581	NotSig	0.035	0.104	0.031	0.068	0.012	0.043	0.01	0.06	0.114	0.148	0.02	0.005	0.006	0.002	0.003	0.004	0	0.296	0.215	0.439	0.428	0.106	0.016	0.023	0.007	0.004	0.009	0.002	0.008	0.002	0.002	0.004
ASV_62	-0.031	14.283	0.970505472421122	0.970505472421122	NotSig	0.368	0.375	1.806	1.057	1.297	0.469	0.43	0.041	0.031	0.031	0.21	0.047	0.023	0.031	0.017	0.007	0.015	0.435	0.478	1.513	1.994	0.129	0.299	0.457	0.037	0.082	0.046	0.031	0.082	0.009	0.021	0.017
ASV_81	-1.642	13.006	0.00576426965852709	0.0141819332868524	Depleted	0.112	0.351	0.12	0.085	0.204	0.082	0.122	0.049	0.055	0.113	0.038	0.043	0.174	0.177	0.109	0.097	0.215	0.247	0.509	0.805	0.823	0.673	0.601	0.406	0.156	0.343	0.41	0.05	0.09	0.022	0.079	0.046
ASV_91	-5.79	13.428	0.000454285181783797	0.0032006455989313	Depleted	0.008	0.453	0.002	0.002	0.005	0.012	0.003	0.003	0.005	0.009	0.002	0.022	0.01	0.007	0.023	0.004	0.015	0.736	0.005	0.183	0.101	0.004	0.947	0.531	1.059	0.164	0.041	0.405	0.44	0.622	0.447	1.102
ASV_80	4.204	14.982	0.105873704513905	0.142699340866567	NotSig	0.4	0.022	0.071	0.019	0.072	0.014	0.035	0.041	0.026	3.237	0.917	0.027	0.017	0.518	0.915	0.039	0.05	0.005	0.022	0.029	0.032	0.032	0.047	0.009	0.014	0.02	0.018	0.017	0.037	0.02	0.015	0.007
ASV_60	4.828	14.98	0.010759326149024	0.0234886697619539	Enriched	0.746	0.026	0.013	0.042	0.032	0.014	0.019	0.306	0.202	0.335	0.573	0.209	1.211	1.511	1.652	1.834	3.231	0.009	0.007	0.002	0.004	0.011	0.011	0.019	0	0.048	0.096	0.064	0.072	0.016	0.025	0.009
ASV_94	2.775	13.815	4.0445024521898e-05	0.000708254325533878	Enriched	0.651	0.095	0.213	0.355	0.139	0.507	0.506	0.81	0.916	0.211	0.917	0.925	0.983	0.525	1.441	0.409	0.904	0.081	0.085	0.025	0.078	0.073	0.153	0.109	0.154	0.134	0.098	0.068	0.078	0.049	0.136	0.107
ASV_71	-0.926	13.13	0.234626179572712	0.288627443125162	NotSig	0.089	0.169	0.137	0.05	0.044	0.089	0.073	0.044	0.033	0.058	0.06	0.043	0.272	0.126	0.078	0.028	0.2	0.052	0.134	0.084	0.093	0.165	0.102	0.021	0.034	0.06	0.092	0.127	0.896	0.007	0.576	0.094
ASV_392	5.637	14.506	0.000643997812803508	0.00383021525191649	Enriched	0.701	0.014	0.839	0.418	0.194	0.691	1.21	0.734	0.373	0.546	0.664	0.36	0.021	1.572	0.505	0.054	2.327	0.027	0.002	0.013	0.004	0.004	0.016	0.018	0.007	0.019	0.022	0.03	0.019	0.02	0.004	0.007
ASV_88	0.678	12.467	0.00191535765784051	0.00781791160584457	Enriched	0.353	0.221	0.566	0.523	0.543	0.444	0.468	0.213	0.213	0.282	0.265	0.223	0.298	0.384	0.276	0.209	0.393	0.409	0.218	0.24	0.259	0.266	0.224	0.169	0.161	0.233	0.175	0.217	0.251	0.169	0.161	0.16
ASV_68	-0.85	12.254	0.00247718017566062	0.00892937040063713	Depleted	0.159	0.286	0.219	0.144	0.233	0.113	0.275	0.163	0.088	0.227	0.113	0.135	0.168	0.104	0.118	0.129	0.151	0.118	0.188	0.488	0.449	0.14	0.337	0.387	0.174	0.388	0.408	0.217	0.386	0.085	0.303	0.221
ASV_98	1.995	14.936	0.0726936051762091	0.104328785206596	NotSig	0.583	0.146	0.118	0.286	0.023	1.398	0.331	0.294	0.107	0.044	0.038	3.134	0.23	0.06	1.305	1.338	0.039	0.194	0.132	0.042	0.089	0.044	0.051	0.158	0.324	0.11	0.157	0.231	0.119	0.371	0.033	0.14
ASV_72	0.521	13.414	0.34542562240058	0.401957766156845	NotSig	0.306	0.213	0.59	0.315	0.754	0.466	0.564	0.117	0.137	0.692	0.235	0.163	0.13	0.177	0.092	0.026	0.127	0.129	0.302	1.091	0.441	0.496	0.159	0.032	0.05	0.03	0.144	0.064	0.138	0.023	0.054	0.044
ASV_83	-0.169	12.545	0.589614906250272	0.639093080201344	NotSig	0.233	0.262	0.208	0.223	0.377	0.135	0.171	0.065	0.201	0.181	0.086	0.135	0.32	0.371	0.3	0.295	0.428	0.1	0.101	0.519	0.33	0.119	0.598	0.274	0.225	0.436	0.474	0.233	0.125	0.041	0.209	0.146
ASV_300	-2.217	13.149	4.02843810322468e-05	0.000708254325533878	Depleted	0.091	0.425	0.326	0.059	0.076	0.212	0.064	0.071	0.043	0.01	0.074	0.032	0.099	0.062	0.087	0.073	0.081	0.389	0.385	0.099	0.421	0.4	0.271	0.345	0.216	0.376	0.294	0.485	0.762	0.252	0.766	0.909
ASV_157	-0.194	13.479	0.703971346460701	0.747366840420607	NotSig	0.243	0.278	0.024	0.073	0.021	0.142	0.244	0.17	0.244	0.016	0.012	0.198	0.314	0.302	0.543	1.142	0.206	0.383	0.018	0.013	0.037	0.019	0.217	0.091	0.436	0.393	0.253	0.582	0.298	0.617	0.409	0.407
ASV_102	-4.46	13.317	8.794625221888e-05	0.0012392426449024	Depleted	0.019	0.426	0.011	0.007	0.004	0.002	0.15	0.015	0.003	0.016	0.012	0.005	0.017	0.02	0.005	0.011	0.013	0.02	0.914	0.181	0.186	0.296	0.111	0.411	0.228	0.514	1.021	0.525	0.705	0.311	0.624	0.345
ASV_125	3.267	14.76	0.0102975957734839	0.0228018192127144	Enriched	0.6	0.062	0.067	0.166	0.789	0.111	0.247	0.642	1.018	0.9	0.293	0.375	1.148	0.199	2.776	0.123	0.143	0.068	0.022	0.12	0.054	0.009	0.038	0.111	0.044	0.069	0.041	0.089	0.066	0.09	0.048	0.066
ASV_87	-3.011	13.838	0.00301493949315456	0.0103847915875324	Depleted	0.065	0.521	0.015	0.014	0.016	0.01	0.16	0.041	0.012	0.007	0.002	0.339	0.082	0.027	0.026	0.026	0.193	0.075	0.117	0.023	0.311	0.073	0.033	0.295	0.563	0.183	1.41	1.016	0.914	1.464	0.68	0.662
ASV_206	-6.224	14.396	0.00355752095642707	0.0105643782945996	Depleted	0.008	0.575	0.002	0.002	0.005	0	0.009	0.003	0.007	0.002	0	0.007	0.025	0.018	0.016	0.007	0.013	0.013	0.005	0.013	0.531	0.005	0.164	0.202	0.735	2.156	0.458	1.068	0.092	1.336	0.703	1.143
ASV_117	-0.571	13.722	0.409849013078105	0.467107331081664	NotSig	0.22	0.326	0.107	0.062	0.067	0.198	0.325	0.031	0.102	0.021	0.156	0.493	0.469	0.194	0.786	0.067	0.217	0.009	0.014	0.019	0.168	0.023	0.02	0.153	0.048	0.289	0.083	1.351	1.056	0.246	0.998	0.417
ASV_77	0.287	5.639	0.719155883388929	0.758293618539347	NotSig	0.001	0.001	0	0.003	0	0.002	0	0	0	0.002	0	0.005	0.004	0	0	0	0.002	0	0.004	0	0	0	0	0	0.004	0	0	0.003	0	0	0.002	0.002
ASV_720	5.216	14.456	0.00725965874853969	0.0173114939388254	Enriched	0.611	0.016	0.164	0.107	0.063	0.039	0.087	1.593	2.247	1.811	1.116	0.747	0.103	0.371	0.319	0.011	0.377	0.011	0.029	0.025	0.032	0.021	0.031	0.009	0.005	0.015	0.028	0.003	0.014	0.005	0.012	0.007
ASV_122	4.144	14.606	0.0393831945529039	0.0670812654472539	Enriched	0.556	0.031	0.087	0.049	0.245	0.07	0.016	0.267	0.069	0.124	0.134	0.176	2.493	0.242	1.97	2.333	0.064	0.023	0.013	0.011	0.117	0.039	0.015	0.004	0.027	0.004	0.007	0.078	0.039	0.061	0.021	0.013
ASV_95	-0.054	12.327	0.865497292719368	0.882579476128303	NotSig	0.211	0.219	0.197	0.239	0.391	0.13	0.143	0.063	0.188	0.167	0.086	0.103	0.285	0.333	0.219	0.252	0.373	0.065	0.076	0.426	0.309	0.113	0.514	0.234	0.179	0.373	0.412	0.196	0.076	0.032	0.165	0.122
ASV_78	-1.777	12.553	1.92605802628564e-05	0.000551373973311453	Depleted	0.104	0.356	0.078	0.038	0.06	0.089	0.108	0.087	0.045	0.019	0.089	0.071	0.151	0.145	0.163	0.075	0.338	0.43	0.188	0.176	0.21	0.246	0.124	0.272	0.482	0.315	0.286	0.504	0.376	0.536	0.601	0.588
ASV_130	-1.824	12.653	0.00101591923709768	0.00507959618548842	Depleted	0.082	0.29	0.084	0.036	0.019	0.142	0.085	0.106	0.105	0.028	0.048	0.073	0.134	0.075	0.073	0.168	0.053	0.256	0.038	0.191	0.067	0.028	0.226	0.211	0.349	0.175	0.198	0.519	0.398	0.644	0.503	0.551
ASV_85	-2.239	13.318	0.00191664929691673	0.00781791160584457	Depleted	0.086	0.408	0.04	0.085	0.078	0.222	0.108	0.104	0.035	0.052	0.134	0.108	0.124	0.071	0.031	0.041	0.064	0.405	0.191	0.042	0.261	0.03	0.18	0.241	0.115	0.375	0.225	0.86	0.846	0.52	0.814	1.021
ASV_142	-3.792	14.416	0.0147471422072864	0.0298721905667544	Depleted	0.036	0.502	0.055	0.042	0.058	0.036	0.019	0.01	0.102	0.009	0.033	0.06	0.023	0.016	0.042	0.006	0.033	0.512	0.04	0.149	1.184	0.285	0.026	0.52	0.315	2.186	1.591	0.063	0.053	0.05	0.131	0.418
ASV_1658	0.974	12.957	0.0293300061787735	0.0522546087093091	Enriched	0.29	0.148	0.135	0.14	0.042	0.229	0.24	0.555	0.795	0.3	0.285	0.626	0.107	0.199	0.378	0.041	0.281	0.348	0.231	0.065	0.277	0.135	0.14	0.156	0.099	0.099	0.103	0.096	0.156	0.041	0.088	0.182
ASV_118	-5.562	13.503	0.000691909851959108	0.00383021525191649	Depleted	0.009	0.423	0	0.002	0.007	0.012	0.005	0.007	0.01	0.003	0.018	0.015	0.006	0.007	0.017	0.009	0.015	0.695	0.007	0.164	0.097	0.005	0.849	0.512	1.016	0.188	0.028	0.34	0.376	0.538	0.365	1.161
ASV_93	-0.062	12.588	0.864753985432726	0.882579476128303	NotSig	0.228	0.238	0.615	0.213	0.523	0.246	0.2	0.09	0.095	0.159	0.098	0.053	0.172	0.231	0.069	0.361	0.292	0.143	0.17	0.572	0.374	0.168	0.585	0.299	0.142	0.134	0.247	0.182	0.133	0.085	0.202	0.133
ASV_1450	-3.588	13.061	0.0033654372671237	0.010483472143863	Depleted	0.024	0.294	0.02	0.012	0.014	0.067	0.021	0.015	0.017	0.012	0.031	0.015	0.027	0.035	0.023	0.041	0.017	0.07	0.016	0.473	0.147	0.005	0.024	0.496	0.446	0.009	0.024	0.676	0.594	0.854	0.04	0.534
ASV_126	-0.662	9.094	0.0134971900442582	0.0282711413089191	Depleted	0.023	0.036	0.015	0.021	0.014	0.049	0.038	0.029	0.016	0.016	0.015	0.012	0.013	0.049	0.01	0.032	0.011	0.039	0.011	0.038	0.017	0.014	0.055	0.039	0.042	0.045	0.028	0.024	0.045	0.043	0.052	0.046
ASV_101	-1.715	13.085	0.00482854901951672	0.0129102081605304	Depleted	0.093	0.305	0.058	0.109	0.19	0.041	0.245	0.126	0.086	0.052	0.175	0.096	0.038	0.066	0.026	0.047	0.037	0.247	0.202	0.181	0.769	0.37	0.869	0.541	0.136	0.19	0.266	0.268	0.074	0.092	0.311	0.061
ASV_333	1.797	13.714	0.0190051735418937	0.0363679246789324	Enriched	0.318	0.091	0.189	0.244	0.226	0.667	1.344	0.225	0.448	0.063	0.217	0.131	0.224	0.095	0.496	0.103	0.097	0.059	0.067	0.132	0.091	0.039	0.087	0.13	0.104	0.043	0.078	0.08	0.136	0.085	0.131	0.111
ASV_100	-3.632	12.816	1.15517629371654e-05	0.000531999154570537	Depleted	0.025	0.307	0.029	0.009	0.032	0.055	0.037	0.026	0.033	0.007	0.018	0.025	0.034	0.013	0.014	0.013	0.028	0.306	0.448	0.116	0.46	0.129	0.129	0.367	0.345	0.721	0.366	0.29	0.156	0.383	0.148	0.232
ASV_96	-4.585	13.351	5.87285151962934e-05	0.000910291985542548	Depleted	0.017	0.404	0.009	0.014	0.007	0.01	0.01	0.003	0.009	0.005	0.013	0.017	0.01	0.037	0.021	0.069	0.018	0.168	0.276	0.132	0.37	0.283	0.087	0.332	0.126	0.447	1.045	0.794	0.59	0.369	0.597	0.44
ASV_90	-3.849	13.432	0.000345869999019464	0.00268049249240085	Depleted	0.031	0.447	0.055	0.021	0.039	0.015	0.038	0.031	0.022	0.005	0.02	0.015	0.029	0.04	0.026	0.071	0.039	0.07	0.2	0.057	0.235	0.198	0.12	0.262	0.947	1.105	0.788	0.342	0.491	0.836	0.338	0.719
ASV_84	-1.577	13.687	0.0621709299809604	0.0922160318222348	NotSig	0.114	0.34	0.078	0.049	0.044	0.121	0.04	0.174	0.052	0.202	0.157	0.09	0.117	0.176	0.141	0.11	0.16	0.039	0.067	0.135	0.231	0.014	0.29	0.081	0.119	0.069	0.054	1.098	1.319	0.212	1.002	0.372
ASV_103	-1.973	13.03	0.00483091660200492	0.0129102081605304	Depleted	0.074	0.291	0.047	0.118	0.171	0.048	0.153	0.092	0.081	0.042	0.124	0.066	0.044	0.044	0.017	0.015	0.05	0.211	0.191	0.212	0.801	0.376	0.836	0.543	0.103	0.162	0.246	0.215	0.055	0.059	0.299	0.057
ASV_107	-3.297	14.145	0.00559731558165462	0.0141207020775148	Depleted	0.05	0.489	0.036	0.104	0.1	0.044	0.016	0.01	0.067	0.002	0.156	0.048	0.021	0.022	0.068	0.007	0.044	1.811	0.034	0.437	1.07	0.209	0.022	0.255	0.774	1.066	0.833	0.115	0.078	0.113	0.1	0.42
ASV_111	-0.871	12.397	0.0198089174655287	0.0374436854531335	Depleted	0.131	0.24	0.049	0.085	0.048	0.072	0.064	0.145	0.092	0.056	0.166	0.269	0.166	0.157	0.33	0.032	0.241	0.539	0.143	0.088	0.287	0.027	0.395	0.113	0.482	0.192	0.181	0.177	0.265	0.295	0.228	0.194
ASV_99	-0.042	12.692	0.929050231682256	0.935083025394479	NotSig	0.161	0.166	0.166	0.308	0.189	0.067	0.211	0.053	0.232	0.089	0.225	0.11	0.136	0.198	0.134	0.194	0.112	0.022	0.043	0.088	0.138	0.058	0.481	0.274	0.046	0.662	0.38	0.054	0.08	0.034	0.073	0.061
ASV_104	0.975	13.427	0.0550957586121131	0.0876679816873204	NotSig	0.316	0.161	0.699	0.452	1.101	0.292	0.439	0.134	0.213	0.209	0.142	0.149	0.115	0.188	0.109	0.101	0.389	0.125	0.121	0.13	0.277	0.213	0.233	0.195	0.119	0.285	0.373	0.078	0.066	0.032	0.084	0.076
ASV_135	-2.493	12.263	0.0144376873818502	0.0298378872558238	Depleted	0.025	0.143	0.002	0.002	0.009	0.009	0.005	0	0.005	0.009	0.273	0.008	0.01	0.011	0.005	0.017	0.017	0.007	0.031	0.023	0.056	0.016	0.009	0.065	0.014	0.274	0.295	0.195	0.218	0.079	0.491	0.369
ASV_128	2.846	13.599	0.000683332059954428	0.00383021525191649	Enriched	0.479	0.067	0.319	0.196	0.398	0.585	0.325	1.001	0.719	0.091	0.367	1.241	0.245	0.199	0.356	0.067	1.076	0.013	0.023	0.011	0.048	0.005	0.013	0.014	0.055	0.02	0.015	0.125	0.17	0.083	0.06	0.345
ASV_119	-0.137	13.784	0.808268492282458	0.840816216803899	NotSig	0.256	0.282	0.397	0.258	0.373	0.21	0.186	0.417	0.619	0.279	0.387	0.281	0.027	0.077	0.036	0.221	0.077	0.197	0.329	1.41	0.562	0.399	0.554	0.352	0.138	0.078	0.105	0.021	0.027	0.022	0.015	0.02
ASV_106	-1.96	13.199	0.0032256720382268	0.0104162326234407	Depleted	0.079	0.306	0.064	0.092	0.153	0.017	0.155	0.104	0.09	0.061	0.122	0.09	0.048	0.049	0.033	0.058	0.044	0.186	0.231	0.275	0.767	0.372	0.94	0.45	0.113	0.201	0.255	0.254	0.097	0.092	0.284	0.074
ASV_136	5.89	14.877	0.0854801693197054	0.11936420040139	NotSig	0.391	0.007	0.018	0.036	3.009	0.012	0.01	0.892	0.097	0.017	0.013	0.038	0.04	1.078	0.012	0.007	0.588	0.009	0.004	0.004	0.004	0.009	0.009	0.005	0	0.006	0.004	0.014	0.012	0.004	0.013	0.004
ASV_112	-6.195	15.984	0.205085811006712	0.26055984185279	NotSig	0.008	0.594	0.029	0.002	0.002	0.005	0.007	0.007	0.012	0.005	0.01	0.005	0.002	0.011	0.016	0.004	0.006	0.002	0.002	0.006	0.013	0.004	0.002	0.169	0	0.007	0.015	0.002	0.207	0	1.998	6.48
ASV_86	-2.777	11.964	0.00064726899435122	0.00383021525191649	Depleted	0.02	0.137	0.022	0.016	0.016	0.022	0.014	0.012	0.021	0.047	0.02	0.032	0.008	0.031	0.003	0.004	0.033	0.283	0.19	0.078	0.156	0.053	0.122	0.076	0.007	0.106	0.162	0.186	0.399	0.02	0.165	0.05
ASV_116	-1.268	6.848	0.229207473558001	0.284217267211922	NotSig	0.001	0.002	0	0	0	0.005	0	0	0	0	0	0.007	0.002	0	0	0	0	0	0.004	0.002	0	0	0	0.002	0.002	0	0.002	0.009	0	0	0.012	0.002
ASV_114	-2.888	12.942	0.0015819241460778	0.00700566407548741	Depleted	0.033	0.241	0.035	0.021	0.039	0.015	0.016	0.026	0.043	0.019	0.025	0.022	0.048	0.066	0.017	0.047	0.051	0.151	0.164	0.252	0.668	0.257	0.787	0.163	0.133	0.17	0.135	0.111	0.195	0.05	0.259	0.123
ASV_129	0.564	12.4	0.162979280899972	0.210514904495798	NotSig	0.229	0.155	0.268	0.346	0.534	0.089	0.406	0.17	0.313	0.141	0.159	0.153	0.147	0.134	0.118	0.269	0.186	0.048	0.047	0.103	0.188	0.066	0.481	0.151	0.071	0.54	0.244	0.113	0.047	0.05	0.111	0.061
ASV_155	3.176	14.011	0.00464321180531346	0.0129102081605304	Enriched	0.447	0.049	0.422	0.076	0.513	1.651	0.144	0.8	0.444	0.153	1.238	0.354	0.218	0.15	0.03	0.342	0.169	0.02	0.043	0.038	0.026	0.011	0.075	0.032	0.066	0.05	0.118	0.03	0.099	0.036	0.069	0.029
ASV_113	-4.472	12.871	0.000232187116627005	0.0021387564862135	Depleted	0.012	0.26	0.013	0.005	0.056	0.017	0.016	0	0.005	0.005	0.005	0.003	0.01	0.009	0.007	0.011	0.013	0.104	0.316	0.073	0.071	0.749	0.078	0.095	0.241	0.05	0.327	0.514	0.322	0.392	0.24	0.323
ASV_115	0.186	7.598	0.589485256886316	0.639093080201344	NotSig	0.009	0.008	0.007	0.01	0.019	0.014	0.007	0.015	0.005	0.014	0.01	0.015	0.004	0.005	0	0.006	0.002	0.007	0.007	0.006	0.004	0.018	0	0.004	0.002	0.009	0.006	0.012	0.016	0.005	0.015	0.007
ASV_377	0.131	11.951	0.698832881656306	0.747028252805017	NotSig	0.184	0.168	0.22	0.296	0.153	0.396	0.388	0.254	0.294	0.051	0.318	0.159	0.023	0.066	0.043	0.028	0.068	0.321	0.367	0.172	0.173	0.184	0.157	0.116	0.216	0.114	0.054	0.096	0.152	0.156	0.121	0.122
ASV_153	0.788	13.551	0.249830728493419	0.302529397785	NotSig	0.277	0.161	0.663	0.21	0.102	0.119	0.063	0.41	0.297	0.094	1.2	0.649	0.046	0.201	0.016	0.08	0.009	0.03	0.025	0.019	0.225	0.007	0.016	0.028	0.034	0.127	0.028	0.278	0.602	0.371	0.488	0.131
ASV_124	-2.43	13.704	0.0654039667799221	0.0949433197631864	NotSig	0.045	0.242	0.002	0.017	0.005	0.003	0.019	0.085	0.005	0.082	0.03	0.013	0.015	0.015	0.005	0.376	0.002	1.335	0.005	0.076	0.575	0.028	0.009	0.445	0.018	0.658	0.234	0.01	0.025	0.013	0.196	0.009
ASV_110	-1.658	12.645	0.0566868052600689	0.0876679816873204	NotSig	0.05	0.159	0.093	0.118	0.099	0.108	0.129	0.014	0.026	0.131	0.003	0.023	0.002	0	0.002	0.009	0.002	0.09	0.078	0.101	0.076	0.074	0.517	0.431	0.099	0.108	0.641	0.021	0.023	0.002	0.052	0.077
ASV_121	2.726	14.104	0.0255617603919807	0.047167534056631	Enriched	0.389	0.059	0.111	0.114	0.129	0.044	0.071	0.073	0.112	0.119	0.096	0.088	0.612	1.059	0.437	1.761	1.007	0.091	0.24	0.073	0.093	0.193	0.022	0.026	0.011	0.017	0.017	0.009	0.039	0.022	0.019	0.011
ASV_154	1.064	14.392	0.343653460228036	0.401957766156845	NotSig	0.258	0.123	0.129	0.05	0.046	0.237	0.158	0.15	0.052	0.044	0.126	0.131	0.077	0.274	2.151	0.121	0.123	0.075	0.098	0.034	0.086	0.119	0.018	0.105	0.161	0.116	0.192	0.116	0.088	0.295	0.182	0.166
ASV_138	-1.544	12.078	0.000180361301620974	0.00186373345008339	Depleted	0.07	0.204	0.1	0.062	0.032	0.101	0.181	0.06	0.218	0.012	0.103	0.095	0.027	0.013	0.031	0.007	0.007	0.127	0.379	0.275	0.24	0.112	0.148	0.432	0.195	0.212	0.181	0.092	0.133	0.115	0.244	0.173
ASV_159	1.261	12.402	0.00966429387493791	0.0217364778276692	Enriched	0.232	0.097	0.066	0.22	0.097	0.082	0.493	0.441	0.541	0.044	0.306	0.299	0.32	0.221	0.085	0.101	0.158	0.041	0.029	0.034	0.041	0.03	0.029	0.125	0.324	0.063	0.229	0.073	0.074	0.135	0.106	0.116
ASV_108	0.248	11.201	0.561704402595437	0.626361024476927	NotSig	0.078	0.065	0.12	0.05	0.049	0.079	0.037	0.036	0.066	0.051	0.071	0.043	0.235	0.095	0.05	0.032	0.152	0.052	0.213	0.053	0.065	0.064	0.064	0.007	0.041	0.019	0.033	0.021	0.177	0.036	0.115	0.022
ASV_105	3.654	13.82	0.00967623851683339	0.0217364778276692	Enriched	0.358	0.028	0.291	1.447	0.446	0.068	1.015	0.027	0.41	0.882	0.055	0.1	0.144	0.11	0.207	0.015	0.16	0.061	0.04	0.113	0.034	0.039	0.015	0.005	0.004	0.009	0.013	0.033	0.027	0.007	0.012	0.017
ASV_272	-3.953	13.694	0.00449448622491826	0.0129008400900432	Depleted	0.024	0.376	0.027	0.023	0.042	0.022	0.009	0.003	0.052	0.003	0.074	0.043	0.004	0.015	0.024	0.006	0.017	0.668	0.033	0.176	0.78	0.198	0.02	0.411	0.402	1.325	1.028	0.057	0.039	0.07	0.111	0.323
ASV_134	-4.271	13.687	0.00839483157348447	0.0197151347559105	Depleted	0.014	0.276	0.011	0.021	0.011	0.027	0.047	0.002	0.003	0.002	0.008	0.008	0.025	0.013	0.01	0.015	0.011	1.319	0.321	0.097	0.631	0.407	0.31	0.1	0.243	0.097	0.055	0.092	0.043	0.165	0.165	0.088
ASV_1046	-3.643	13.084	0.000900890489754872	0.00465460086373351	Depleted	0.025	0.316	0.015	0.029	0.005	0.02	0.019	0.029	0.017	0.061	0.013	0.017	0.011	0.029	0.038	0.054	0.02	0.149	0.103	0.023	0.121	0.016	0.481	0.868	0.009	0.76	0.377	0.365	0.207	0.585	0.39	0.286
ASV_127	-1.277	11.885	0.00556107364860116	0.0141207020775148	Depleted	0.07	0.17	0.189	0.066	0.152	0.077	0.103	0.051	0.061	0.065	0.045	0.061	0.042	0.06	0.021	0.002	0.057	0.063	0.114	0.21	0.361	0.143	0.284	0.123	0.055	0.378	0.312	0.076	0.14	0.018	0.148	0.12
ASV_120	3.95	14.204	0.0272150606092863	0.0496274634639927	Enriched	0.401	0.026	0.035	0.026	0.033	0.015	0.009	0.034	0.102	0.078	0.068	0.045	0.861	1.191	0.51	1.888	1.126	0.043	0.108	0.025	0.054	0.076	0.007	0.012	0.002	0.011	0.007	0.009	0.025	0.002	0.004	0.004
ASV_167	-2.944	13.406	0.00128024040857078	0.00601325040389307	Depleted	0.04	0.309	0.025	0.017	0.018	0.024	0.009	0.029	0.052	0.003	0.065	0.106	0.067	0.042	0.023	0.095	0.028	0.335	0.126	0.536	1.085	0.099	0.086	0.304	0.498	0.158	0.404	0.076	0.322	0.183	0.25	0.173
ASV_183	2.578	14.093	0.0609589338794459	0.0917343179739234	NotSig	0.37	0.062	0.106	1.583	0.301	0.061	0.846	0.077	0.038	0.214	0.033	0.023	0.038	0.454	1.748	0.019	0.015	0.038	0.013	0.052	0.019	0.018	0.007	0.005	0.613	0.017	0.02	0.012	0.039	0.04	0.017	0.022
ASV_123	3.077	13.036	0.000234573292036319	0.0021387564862135	Enriched	0.349	0.041	0.053	0.175	0.396	0.497	0.614	0.322	0.057	0.101	0.29	0.317	0.84	0.084	0.734	0.342	0.408	0.041	0.031	0.048	0.045	0.007	0.02	0.054	0.023	0.065	0.057	0.066	0.041	0.061	0.035	0.026
ASV_149	-5.978	13.202	0.00361233580395988	0.0105643782945996	Depleted	0.004	0.25	0.004	0.007	0.007	0	0.005	0.003	0.005	0.003	0.008	0.002	0.004	0.002	0.003	0	0.006	0.942	0.558	0.095	0.281	0.544	0.202	0.445	0.149	0.304	0.21	0	0.002	0.009	0.008	0
ASV_139	0.673	12.354	0.118675509531465	0.157219692114334	NotSig	0.196	0.123	0.146	0.137	0.164	0.051	0.096	0.068	0.09	0.071	0.081	0.085	0.4	0.432	0.288	0.305	0.524	0.217	0.134	0.248	0.262	0.218	0.129	0.028	0.016	0.097	0.126	0.082	0.099	0.022	0.108	0.057
ASV_150	-0.215	11.682	0.583218678062255	0.639093080201344	NotSig	0.125	0.145	0.087	0.097	0.092	0.075	0.066	0.243	0.216	0.303	0.243	0.198	0.054	0.046	0.054	0.05	0.044	0.072	0.081	0.114	0.141	0.129	0.279	0.169	0.299	0.311	0.329	0.042	0.058	0.029	0.071	0.044
