ID	log2FC	log2CPM	PValue	FDR	level	MeanA	MeanB	HD1	HD2	HD3	HD4	HD5	HD6	HD7	HD8	HD9	HD10	HD11	HD12	HD13	HD14	HD15	MD1	MD2	MD3	MD4	MD5	MD6	MD7	MD8	MD9	MD10	MD11	MD12	MD13	MD14	MD15
ASV_1	-1.978	16.885	0.0179896856685407	0.197476219450367	Depleted	0.965	3.801	0.073	0.087	2.553	0.605	0.096	0.075	1.376	4.007	0.088	0.089	0.684	0.974	2.031	0.413	1.32	0.253	12.107	7.558	2.349	0.034	0.076	4.242	0.108	7.94	8.673	2.076	7.587	0.101	3.88	0.035
ASV_2	0.851	17.182	0.134703396409266	0.388600117761508	NotSig	4.36	2.418	2.241	2.943	0.427	1.729	0.128	5.783	14.872	2.291	11.392	8.423	4.237	1.543	3.661	3.838	1.893	0.838	0.231	0.048	0.696	9.048	2.808	2.005	4.06	5.369	3.602	3.049	1.969	0.072	2.461	0.014
ASV_4	1.468	12.452	0.0202504487716077	0.197476219450367	Enriched	0.197	0.071	0.041	0.083	0.063	0.106	0.034	0.206	0.162	0.06	0.073	0.079	0.353	0.171	0.558	0.401	0.56	0.077	0.044	0.055	0.03	0.207	0.056	0.058	0.056	0.036	0.024	0.07	0.074	0.095	0.069	0.117
ASV_15	0.228	17.396	0.791411452687776	0.869548537335149	NotSig	2.384	2.035	2.817	0.061	0.727	3.787	0.055	3.854	0.046	3.184	0.166	0.122	9.33	4.743	4.202	1.43	1.242	3.45	0.496	0.731	0.476	0.03	0.655	3.027	17.252	1.205	0.735	1.994	0.245	0.115	0.062	0.055
ASV_3	0.35	17.321	0.813708951156007	0.875867273813757	NotSig	1.544	1.211	1.587	2.03	13.359	1.292	3.64	0.204	0.053	0.076	0.112	0.103	0.233	0.191	0.101	0.123	0.053	16.368	0.152	0.112	0.118	0.063	0.204	0.166	0.189	0.1	0.082	0.114	0.12	0.234	0.064	0.081
ASV_6	-0.291	15.373	0.519291007885774	0.718661662699062	NotSig	1.192	1.458	1.226	0.988	3.433	2.312	1.61	2.505	1.485	0.632	0.949	1.696	0.255	0.304	0.155	0.121	0.208	1.196	2.125	1.425	1.887	1.417	3.527	2.327	0.782	1.509	4.244	0.672	0.316	0.022	0.397	0.028
ASV_9	-1.98	16.045	0.0190877675662442	0.197476219450367	Depleted	0.523	2.064	0.057	0.043	1.399	0.3	0.043	0.027	0.789	2.265	0.041	0.055	0.368	0.481	1.007	0.286	0.689	0.139	6.761	4.188	1.186	0.017	0.064	2.403	0.068	4.248	4.701	1.214	4.054	0.056	1.858	0.007
ASV_8	2.475	17.856	0.195397722523508	0.432449655940677	NotSig	3.314	0.596	0.122	19.131	0.105	0.352	23.731	0.027	0.072	0.057	0.071	1.204	0	0.019	0.002	4.605	0.217	0.101	0.083	0.121	0.109	8.296	0.066	0.004	0.005	0.005	0.004	0.05	0.01	0.013	0.009	0.067
ASV_12	0.702	15.61	0.112454519447913	0.361878188483338	NotSig	2.182	1.341	1.349	1.204	0.063	0.998	0.537	2.902	2.127	0.042	2.123	1.541	3.782	3.299	4.589	3.166	5.002	0.055	2.3	1.796	1.822	2.42	0.068	2.555	1.609	1.396	0.339	0.528	4.208	0.083	0.911	0.03
ASV_7	-7.087	18.219	0.158739548705066	0.427719062803303	NotSig	0.025	3.444	0.005	0.079	0.042	0.013	0.004	0	0.025	0.028	0.041	0.013	0.017	0.014	0	0.071	0.028	0.002	0.018	0.011	0.012	0.034	0.018	0.012	0.014	0.009	0.002	0.313	0.655	18.771	1.28	30.508
ASV_5	3.554	17.656	0.0641247432253281	0.248483379998146	NotSig	3.028	0.258	20.648	0.825	0.09	0.169	8.424	1.817	1.025	0.683	3.852	0.286	0.229	0.83	2.842	1.891	1.802	0.094	0.065	0.126	0.111	0.177	0.056	0.131	2.252	0.512	0.076	0.094	0.079	0.031	0.06	0.002
ASV_13	-0.472	15.848	0.297259927344039	0.529601019980759	NotSig	1.072	1.487	0.247	0.419	1.872	2.024	0.329	1.906	1.195	0.524	1.103	2.195	0.945	0.768	0.299	1.275	0.977	0.582	1.39	1.173	1.818	1.147	5.897	2.313	0.482	0.758	1.814	1.46	0.904	0.608	1.617	0.342
ASV_26	1.048	15.238	0.0466092702007726	0.235791041509287	NotSig	1.545	0.747	0.552	3.864	0.223	0.702	2.255	0.523	0.606	2.217	1.48	2.619	1.065	0.596	1.524	3.133	1.815	0.123	1.801	1.202	3.134	2.703	0.09	0.223	0.07	0.146	0.357	0.315	0.307	0.052	0.596	0.089
ASV_11	-0.213	15.261	0.700194783119471	0.822198419572106	NotSig	0.814	0.944	0.634	1.125	3.927	2.081	1.374	1.237	0.722	0.285	0.188	0.349	0.049	0.076	0.068	0.056	0.042	1.836	0.947	2.27	1.551	1.327	2.169	0.553	0.557	0.906	1.01	0.399	0.165	0.07	0.199	0.202
ASV_14	2.039	16.293	0.0146182593203091	0.197476219450367	Enriched	2.198	0.535	3.798	4.642	8.028	2.405	4.192	2.806	1.468	0.244	0.466	3.087	0.486	0.592	0.11	0.346	0.304	1.607	0.36	0.793	2.052	1.367	0.523	0.175	0.142	0.08	0.715	0.074	0.015	0.074	0.038	0.009
ASV_16	0.509	14.797	0.0689714731494373	0.256106945444233	NotSig	1.615	1.135	1.414	2.026	0.422	1.525	2.846	0.541	1.304	2.723	2.441	1.246	1.588	1.555	1.973	1.252	1.366	1.064	1.617	1.836	1.363	2.131	0.633	0.85	1.711	1.189	0.802	0.949	2.289	0.027	0.543	0.014
ASV_10	0.284	15.574	0.667745553693174	0.79615816017263	NotSig	1.034	0.849	0.226	0.397	1.616	0.856	0.292	4.879	0.302	0.048	0.17	0.55	0.731	3.073	0.255	1.624	0.49	2.822	0.166	0.757	1.209	0.17	1.522	3.025	0.509	0.175	0.742	1.28	0.209	0.005	0.128	0.023
ASV_22	-0.559	13.87	0.385225863684072	0.603131402737689	NotSig	0.206	0.304	0.301	0.809	0.221	0.387	0.56	0.122	0.084	0.027	0.071	0.055	0.109	0.179	0.085	0.054	0.026	0.183	0.215	0.255	0.341	1.497	0.2	0.398	0.198	0.082	0.646	0.158	0.11	0.067	0.069	0.136
ASV_27	0.456	15.099	0.313537015498084	0.531414266402126	NotSig	1.45	1.057	0.684	0.589	0.08	0.653	0.283	1.964	1.401	0.055	1.189	1.008	2.477	2.703	3.461	1.695	3.509	0.053	2.002	1.662	1.188	1.257	0.068	1.995	1.165	1.353	0.39	0.59	3.296	0.058	0.753	0.027
ASV_97	0.324	14.621	0.302206332165261	0.531414266402126	NotSig	1.115	0.89	1.711	1.508	0.914	1.7	0.778	1.824	1.508	0.657	1.157	0.618	0.611	0.929	0.478	1.286	1.039	2.52	0.9	1.737	1.658	1.158	1.444	0.565	0.573	0.308	0.484	0.692	0.43	0.063	0.744	0.076
ASV_21	0.409	16.16	0.590251229511647	0.748116881903159	NotSig	1.314	0.989	1.451	0.031	0.466	2.223	0.023	2.228	0.039	1.822	0.056	0.042	4.86	2.674	2.229	0.793	0.767	1.767	0.249	0.392	0.288	0.024	0.353	1.748	7.321	0.744	0.428	1.212	0.165	0.041	0.066	0.037
ASV_24	0.058	10.053	0.796618660010265	0.869548537335149	NotSig	0.056	0.054	0.063	0.054	0.067	0.078	0.081	0.069	0.042	0.064	0.063	0.059	0.047	0.053	0.029	0.036	0.033	0.064	0.039	0.079	0.063	0.05	0.074	0.104	0.034	0.034	0.062	0.028	0.034	0.022	0.013	0.106
ASV_19	-1.459	16.7	0.2134369253335	0.435710139979233	NotSig	0.587	1.614	0.496	0.114	4.704	0.462	0.053	0.563	0.12	0.09	0.058	1.157	0.075	0.415	0.013	0.309	0.179	10.646	0.845	0.454	4.74	0.009	2.982	0.076	1.661	0.458	0.12	2.088	0.034	0.013	0.007	0.071
ASV_17	-2.002	14.094	0.274255889076234	0.512164612130316	NotSig	0.044	0.176	0.194	0.096	0.105	0.05	0.08	0.038	0.025	0.005	0.002	0.009	0.01	0.021	0.009	0.008	0.006	0.374	0	0.005	0.012	0.021	0.048	0.025	0.014	0.002	0.007	0.04	0.122	1.749	0.135	0.08
ASV_23	-0.46	14.483	0.28370090892711	0.514762552229659	NotSig	0.524	0.72	0.443	0.442	0.523	1.002	0.847	0.74	0.694	0.345	0.755	1.119	0.245	0.216	0.119	0.165	0.199	0.292	0.646	0.804	0.524	1.691	1.024	1.175	0.696	0.512	2.291	0.429	0.226	0.079	0.304	0.11
ASV_20	-1.411	14.556	0.0517219058794565	0.235791041509287	NotSig	0.214	0.569	0.041	0.11	0.836	0.661	0.05	0.501	0.186	0.113	0.08	0.113	0.09	0.179	0.036	0.123	0.087	1.117	0.249	0.52	0.432	0.17	0.587	0.587	0.074	0.15	0.939	2.409	0.328	0.014	0.894	0.058
ASV_28	0.889	15.045	0.0255500998839239	0.197725392191594	Enriched	1.44	0.777	0.009	1.378	2.034	0.184	0.604	0.949	2.401	3.38	1.414	1.479	0.799	1.699	1.531	1.509	2.23	1.786	0.84	1.446	1.117	0.541	0.048	1.299	0.51	1.578	0.071	1.27	0.053	0.022	1.072	0.009
ASV_31	0.009	9.831	0.985863724530825	0.989299417501275	NotSig	0.022	0.022	0.02	0.005	0.013	0.015	0.012	0.091	0.049	0.005	0.013	0.013	0.03	0.018	0.02	0.017	0.013	0.028	0.021	0.013	0.005	0.076	0.024	0.021	0.02	0.005	0.004	0.01	0.021	0.016	0.007	0.06
ASV_29	0.687	15.051	0.146835916681489	0.406420840814835	NotSig	1.254	0.779	0.652	0.677	0.031	0.545	0.299	1.725	1.257	0.034	1.103	0.864	1.838	1.929	2.828	1.636	3.395	0.027	1.122	1.083	1.07	1.327	0.024	1.311	0.778	1.036	0.18	0.104	2.697	0.045	0.867	0.016
ASV_41	2.312	14.056	0.032750427296865	0.197725392191594	Enriched	0.431	0.087	0.073	0.042	0.158	0.043	0.014	0.035	0.512	1.703	0.034	0.022	0.179	0.92	1.024	1.279	0.422	0.016	0.266	0.68	0.046	0.032	0.032	0.025	0.029	0.03	0.031	0.024	0.012	0.009	0.024	0.046
ASV_25	1.164	14.793	0.0884395835562618	0.311548532982286	NotSig	0.961	0.429	0.03	0.455	0.006	0.385	0.035	0.978	0.533	0.246	1.208	2.062	1.299	2.656	0.563	2.839	1.117	0.014	0.019	0.031	0.344	0.024	2.714	0.882	0.061	0.152	0.281	1.127	0.237	0.113	0.404	0.027
ASV_201	0.807	14.648	0.0752729709905358	0.271332802407745	NotSig	1.051	0.601	0.667	0.516	0.076	0.544	0.221	1.303	0.786	0.092	1.032	0.685	1.687	1.717	2.567	1.48	2.388	0.066	0.741	0.707	0.719	1.128	0.07	0.892	1.6	0.631	0.212	0.227	1.48	0.081	0.435	0.021
ASV_51	2.265	16.348	0.178607860274125	0.429867611752026	NotSig	1.338	0.278	0.079	7.49	0.08	0.222	8.339	0.018	0.053	0.051	0.061	0.644	0.007	0.033	0.079	2.778	0.14	0.062	0.065	0.064	0.09	3.77	0.01	0.005	0.002	0.016	0.002	0.024	0.017	0.018	0.018	0.012
ASV_44	0.234	14.281	0.569449449633543	0.741719871371421	NotSig	0.813	0.691	1.199	0.648	0.338	1.152	0.45	0.743	0.856	1.99	0.863	0.672	0.568	0.183	1.907	0.29	0.343	0.641	1.111	0.94	1.978	0.401	0.693	0.419	1.846	1.15	0.243	0.499	0.178	0.013	0.247	0.014
ASV_46	0.56	15.038	0.344637782859973	0.546769057344485	NotSig	0.73	0.495	0.464	0.042	0.223	0.477	0.018	0.907	0.749	1.317	0.419	0.5	0.681	0.622	0.511	0.649	3.365	0.406	0.288	0.35	1.825	0.026	0.218	0.039	0.469	0.424	0.33	1.053	1.058	0.067	0.839	0.032
ASV_32	0.278	13.645	0.59366694499412	0.748116881903159	NotSig	0.378	0.312	0.136	0.415	1.277	1.052	0.338	0.732	0.213	0.087	0.145	0.135	0.288	0.429	0.068	0.217	0.138	1.281	0.27	0.434	0.267	0.388	0.056	0.246	0.065	0.064	0.189	0.578	0.177	0.257	0.165	0.243
ASV_30	-0.365	14.888	0.559373549751589	0.741050429158088	NotSig	0.667	0.859	0.244	0.163	0.292	0.21	0.315	2.553	2.062	0.558	0.36	3.033	0.064	0.066	0.011	0.021	0.059	0.648	0.561	1.748	2.405	1.424	1.234	1.585	0.316	0.364	1.763	0.225	0.123	0.101	0.214	0.177
ASV_35	-0.082	15.003	0.89023718320161	0.926085660377513	NotSig	0.773	0.818	0.208	0.025	1.866	0.363	0.025	0.016	1.974	0.984	0.034	0.031	1.661	1.393	1.851	0.079	1.086	0.231	0.598	2.186	0.794	0.019	0.657	0.435	0.022	1.384	3.283	0.02	1.939	0.031	0.627	0.05
ASV_52	0.465	14.661	0.412921990532365	0.633692163688283	NotSig	0.915	0.663	1.419	0.173	0.431	1.044	0.025	0.011	2.459	2.066	2.59	0.705	0.377	0.164	0.889	0.968	0.396	0.02	1.741	0.07	0.083	0.119	0.068	1.02	0.289	1.897	1.143	2.363	0.9	0.027	0.183	0.018
ASV_50	-0.253	13.075	0.617165517150617	0.76688794190251	NotSig	0.179	0.214	0.039	0.06	0.29	0.149	0.067	0.133	0.046	0.529	0.045	0.07	0.167	0.218	0.39	0.242	0.245	0.185	0.258	0.191	0.028	0.091	0.863	0.413	0.401	0.332	0.045	0.096	0.077	0.045	0.117	0.066
ASV_36	-0.101	14.68	0.865970654798305	0.913098309481206	NotSig	0.649	0.697	0.701	0.56	1.132	0.592	0.25	2.126	0.882	0.561	0.261	2.527	0.061	0.023	0.005	0.029	0.031	0.557	0.381	1.081	1.425	0.77	1.342	1.345	0.239	0.531	2.624	0.012	0.009	0.013	0.093	0.027
ASV_33	-0.235	13.941	0.589815875280511	0.748116881903159	NotSig	0.472	0.555	0.443	0.397	1.242	0.864	0.622	1.11	0.578	0.25	0.41	0.703	0.106	0.144	0.07	0.054	0.085	0.577	0.81	0.486	0.789	0.481	1.312	0.85	0.297	0.54	1.572	0.323	0.137	0.005	0.146	0.005
ASV_417	-1.5	14.359	0.0331668399805255	0.197725392191594	Depleted	0.258	0.728	0.038	0.029	0.433	0.141	0.028	0.026	0.287	1.275	0.024	0.05	0.208	0.265	0.559	0.146	0.354	0.087	2.101	1.391	0.471	0.011	0.03	0.989	0.045	1.398	1.694	0.459	1.488	0.032	0.717	0.014
ASV_43	-6.374	16.199	0.00962422749727374	0.197476219450367	Depleted	0.019	1.582	0.014	0.02	0.013	0.028	0.019	0.011	0.011	0.048	0.043	0.046	0.01	0.006	0.005	0.004	0.007	2.021	1.901	0.013	0.016	2.034	7.521	2.343	2.628	0.048	3.535	0.993	0.6	0.049	0.007	0.016
ASV_38	0.305	14.916	0.638465455704087	0.773141762766668	NotSig	0.824	0.667	0.776	0.007	0.862	1.223	0.009	0.288	1.401	2.072	1.459	0.356	1.659	0.029	2.204	0.01	0.011	0.596	0.153	0.889	0.771	0.007	0.028	0.027	0.014	3.092	0.034	2.255	0.007	0.025	2.096	0.012
ASV_56	0.253	10.588	0.4530366531589	0.675198858073361	NotSig	0.076	0.064	0.115	0.092	0.029	0.048	0.064	0.047	0.079	0.051	0.013	0.055	0.137	0.154	0.148	0.052	0.061	0.023	0.025	0.031	0.114	0.073	0.078	0.014	0.011	0.023	0.132	0.094	0.033	0.083	0.079	0.149
ASV_34	0.108	9.847	0.745402904197628	0.855832964078758	NotSig	0.034	0.032	0.039	0.038	0.057	0.069	0.066	0.029	0.028	0.016	0.024	0.03	0.035	0.037	0.023	0.012	0.015	0.068	0.021	0.044	0.03	0.011	0.044	0.042	0.025	0.012	0.036	0.008	0.019	0.014	0.013	0.092
ASV_1253	0.641	14.531	0.169281395363812	0.429867611752026	NotSig	0.796	0.51	0.432	0.367	0.084	0.335	0.014	0.975	2.368	0.604	1.534	1.159	1.122	0.477	1.068	0.785	0.61	0.146	0.076	0.044	0.109	1.167	0.491	0.371	1.463	1.389	0.745	0.624	0.412	0.031	0.58	0.004
ASV_53	-8.695	17.092	0.18858708128476	0.429867611752026	NotSig	0.003	1.381	0	0.009	0	0.002	0	0.004	0	0.009	0.002	0	0.002	0.012	0	0.006	0.006	0	0.007	0	0	0.019	0.002	0.002	0.011	0.002	0.004	0.026	0.147	6.489	0.038	13.968
ASV_42	-4.546	15.548	0.123740547865342	0.374071099489351	NotSig	0.031	0.723	0.032	0.029	0.008	0.011	0.018	0.016	0.004	0.057	0.006	0.018	0.09	0.064	0.025	0.035	0.052	0.018	0.069	0.026	0.012	0.026	0.008	0.035	0.045	0.909	0.007	0.13	4.79	0.101	4.641	0.03
ASV_45	-2.449	11.712	0.101192723683568	0.333720684488362	NotSig	0.012	0.066	0.034	0.011	0.015	0.013	0.011	0.026	0.023	0.014	0.002	0.002	0.01	0.014	0.002	0.004	0.002	0.007	0.201	0.33	0.336	0.024	0.012	0	0.005	0.011	0.018	0.012	0.007	0.005	0.011	0.012
ASV_37	-0.456	14.758	0.435764520115806	0.655762141921844	NotSig	0.555	0.761	0.443	1.033	0.372	0.523	0.801	0.687	0.151	0.152	0.207	0.423	0.455	2.173	0.036	0.72	0.153	0.315	0.582	0.495	0.406	0.235	2.77	2.622	0.685	0.303	0.399	1.314	1.019	0.022	0.251	0.005
ASV_39	-1.29	15.119	0.196954034060646	0.432449655940677	NotSig	0.29	0.71	0.147	0.161	0.017	0.326	0.064	0.308	0.626	0.042	0.617	0.148	0.806	0.588	0.16	0.202	0.142	0.027	0.053	0.15	0.084	0.11	0.435	1.244	0.047	0.021	0.174	3.557	0.701	0.171	3.438	0.434
ASV_59	0.525	13.973	0.188160680378485	0.429867611752026	NotSig	0.746	0.518	0.22	0.011	0.317	0.694	0.023	0.674	0.703	1.608	0.965	0.192	1.344	0.713	1.034	1.476	1.211	0.52	0.706	0.473	0.905	0.026	0.663	0.286	1.409	0.808	0.281	0.885	0.497	0.032	0.272	0.011
ASV_109	1.44	12.708	0.125494820473847	0.374071099489351	NotSig	0.138	0.051	0.073	0.052	0.614	0.058	0.021	0.066	0.06	0.669	0.065	0.044	0.059	0.072	0.043	0.083	0.088	0.018	0.028	0.051	0.053	0.11	0.036	0.019	0.038	0.071	0.027	0.108	0.048	0.034	0.069	0.051
ASV_58	-4.036	16.07	0.345699145933933	0.546769057344485	NotSig	0.029	0.476	0.004	0	0.004	0.007	0.007	0.015	0.005	0.002	0.011	0.015	0.016	0.275	0.009	0.036	0.029	0.012	0.004	0.007	0.002	0.011	0.004	0.012	0.007	0.004	0	0.022	6.878	0.049	0.117	0.005
ASV_40	4.65	14.778	0.271679367812497	0.512164612130316	NotSig	0.221	0.009	0.202	2.81	0.021	0.026	0.2	0.004	0.007	0.005	0.007	0.015	0.003	0.008	0.004	0.004	0.004	0.016	0.014	0.015	0.016	0.015	0.02	0.007	0.005	0.005	0	0.01	0	0.002	0.004	0.004
ASV_48	-0.478	15.038	0.550469799456564	0.735541542377305	NotSig	0.485	0.675	0.396	0.018	0.607	0.801	0.009	0.169	0.77	1.227	0.915	0.209	0.926	0.021	1.173	0.013	0.018	0.829	0.079	0.57	0.441	0.002	0.016	0.014	0.007	1.797	0.015	3.364	0.009	0.022	2.959	0.004
ASV_64	0.45	13.774	0.135383266833042	0.388600117761508	NotSig	0.54	0.396	0.385	1.401	0.185	0.393	0.675	0.261	0.55	0.464	0.503	0.325	0.49	0.592	0.579	0.438	0.864	0.649	0.529	0.81	0.502	0.664	0.425	0.371	0.268	0.419	0.339	0.283	0.158	0.043	0.415	0.058
ASV_55	0.087	13.668	0.765685730317309	0.864684323217936	NotSig	0.571	0.537	0.28	0.238	0.244	0.216	0.561	0.594	0.294	1.301	0.559	0.65	0.486	0.865	0.836	0.87	0.566	0.23	0.85	0.449	0.617	0.794	0.465	0.67	0.329	0.601	0.613	0.734	0.501	0.034	1.161	0.011
ASV_74	-1.377	14.038	0.026797949407617	0.197725392191594	Depleted	0.211	0.549	0.048	0.042	0.21	0.356	0.028	0.215	0.1	0.485	0.421	0.511	0.125	0.177	0.257	0.056	0.14	0.208	0.951	1.682	0.631	0.121	0.03	0.474	0.097	1.341	0.582	0.383	0.693	0.014	1.02	0.014
ASV_89	-1.693	13.836	0.461402853667463	0.681118498271016	NotSig	0.033	0.108	0.002	0.007	0.017	0.011	0.012	0.029	0.016	0.009	0.006	0.006	0.043	0.298	0.011	0.023	0.011	0.004	0.002	0.002	0.005	0.024	0.002	0.007	0.002	0.007	0.002	0.014	1.463	0.025	0.046	0.016
ASV_73	0.044	9.865	0.885040696133857	0.926085660377513	NotSig	0.039	0.038	0.054	0.022	0.029	0.065	0.028	0.049	0.035	0.023	0.017	0.02	0.08	0.049	0.04	0.04	0.033	0.055	0.06	0.02	0.012	0.054	0.014	0.049	0.016	0.009	0.009	0.028	0.067	0.052	0.093	0.027
ASV_1365	0.193	14.193	0.637244450308924	0.773141762766668	NotSig	0.554	0.485	0.425	0.146	0.212	0.572	0.021	0.556	0.766	0.528	0.712	0.576	1.228	0.366	0.854	0.524	0.831	0.418	0.062	0.165	0.17	0.384	0.669	0.463	1.873	0.884	0.241	0.756	0.367	0.058	0.744	0.021
ASV_57	1.791	14.144	0.0507203042672688	0.235791041509287	NotSig	0.402	0.116	0.292	0.5	1.811	1.028	0.641	0.747	0.482	0.159	0.084	0.135	0.038	0.033	0.04	0.012	0.028	0.587	0.086	0.198	0.134	0.177	0.359	0.025	0.04	0.021	0.027	0.01	0.019	0.016	0.018	0.025
ASV_82	0.618	11.892	0.0300086677796941	0.197725392191594	Enriched	0.217	0.142	0.104	0.139	0.17	0.296	0.066	0.326	0.364	0.156	0.171	0.306	0.132	0.38	0.212	0.171	0.264	0.167	0.069	0.3	0.135	0.116	0.058	0.163	0.101	0.292	0.08	0.142	0.05	0.049	0.227	0.175
ASV_47	-5.086	16.375	0.160599765303755	0.427719062803303	NotSig	0.03	1.011	0.023	0.023	0.021	0.017	0.019	0.042	0.012	0.018	0.02	0.024	0.016	0.144	0.004	0.038	0.024	0.037	0.005	0.027	0.014	0.035	0.296	0.051	0.016	0.005	0.036	0.066	0.113	5.912	0.042	8.501
ASV_54	-0.489	12.289	0.165568669472246	0.427719062803303	NotSig	0.187	0.262	0.095	0.218	0.355	0.272	0.182	0.149	0.285	0.127	0.386	0.33	0.069	0.107	0.032	0.121	0.076	0.354	0.365	0.401	0.302	0.431	0.333	0.491	0.077	0.098	0.501	0.311	0.084	0.013	0.13	0.046
ASV_75	0.222	13.205	0.515475315727117	0.718661662699062	NotSig	0.379	0.325	0.099	0.148	0.664	0.676	0.124	0.63	0.369	0.151	0.391	0.77	0.379	0.314	0.135	0.459	0.383	0.105	0.288	0.202	0.313	0.233	0.945	0.588	0.106	0.21	0.424	0.381	0.281	0.182	0.516	0.108
ASV_49	0.096	13.906	0.855714585078479	0.908464114295645	NotSig	0.401	0.375	0.075	0.242	0.343	0.547	0.108	0.516	0.322	0.14	0.22	1.204	0.427	1.066	0.103	0.401	0.297	0.226	0.36	0.381	0.464	0.457	0.288	1.535	0.04	0.139	1.184	0.197	0.202	0.005	0.143	0.002
ASV_76	2.53	14.334	0.0180548541566661	0.197476219450367	Enriched	0.543	0.094	0.469	0.009	0.269	0.071	0.004	0.375	0.019	0.347	0.136	0.57	1.584	2.066	0.077	1.394	0.754	0.03	0.078	0.172	0.049	0.004	0.467	0.004	0.036	0.292	0.221	0.014	0.009	0.014	0.016	0.004
ASV_507	-0.445	12.541	0.285610190269359	0.514762552229659	NotSig	0.131	0.179	0.05	0.215	0.179	0.259	0.085	0.137	0.186	0.17	0.102	0.247	0.068	0.062	0.045	0.094	0.07	0.596	0.245	0.262	0.234	0.356	0.14	0.127	0.167	0.127	0.16	0.098	0.026	0.002	0.135	0.009
ASV_61	0.247	10.284	0.430173064277021	0.653694362381747	NotSig	0.056	0.048	0.084	0.038	0.053	0.065	0.034	0.08	0.044	0.012	0.007	0.013	0.089	0.125	0.081	0.06	0.061	0.046	0.044	0.042	0.04	0.088	0.016	0.019	0.022	0.012	0.02	0.088	0.039	0.083	0.079	0.074
ASV_465	-1.719	13.988	0.00429152737451749	0.197476219450367	Depleted	0.18	0.592	0.401	0.341	0.065	0.488	0.221	0.064	0.355	0.152	0.101	0.249	0.03	0.142	0.032	0.035	0.022	0.388	0.848	0.429	0.738	0.656	0.659	1.376	0.865	0.512	1.625	0.158	0.269	0.011	0.338	0.009
ASV_63	0.361	9.021	0.318848559841276	0.531414266402126	NotSig	0.021	0.016	0.052	0.016	0.023	0.015	0.028	0.016	0.018	0.004	0	0.013	0.043	0.033	0.014	0.015	0.017	0.02	0.012	0.024	0.018	0.015	0.014	0.011	0.002	0.004	0.013	0.032	0.003	0.02	0.013	0.041
ASV_1412	1.056	13.581	0.0191189271522407	0.197476219450367	Enriched	0.436	0.21	0.045	0.305	0.296	0.095	0.14	0.27	0.554	1.225	0.291	0.327	0.335	0.55	0.743	0.666	0.695	0.438	0.22	0.337	0.251	0.136	0.024	0.233	0.449	0.408	0.047	0.261	0.024	0.022	0.243	0.048
ASV_67	-2.832	14.849	0.0172291817428061	0.197476219450367	Depleted	0.104	0.74	0.296	0.215	0.439	0.428	0.106	0.016	0.023	0.007	0.004	0.009	0.002	0.008	0.002	0.002	0.004	0.011	1.91	2.952	0.963	1.391	0.012	1.44	0.009	0.005	1.224	0.158	0.081	0.004	0.94	0.009
ASV_62	1.575	14.283	0.143217236636543	0.403612212339348	NotSig	0.375	0.126	0.435	0.478	1.513	1.994	0.129	0.299	0.457	0.037	0.082	0.046	0.031	0.082	0.009	0.021	0.017	0.03	0.732	0.026	0.021	0.009	0.026	0.412	0.058	0.052	0.43	0.008	0.015	0.04	0.013	0.019
ASV_81	-0.213	13.402	0.593531913529132	0.748116881903159	NotSig	0.351	0.406	0.247	0.509	0.805	0.823	0.673	0.601	0.406	0.156	0.343	0.41	0.05	0.09	0.022	0.079	0.046	0.553	0.275	0.407	0.358	0.6	1.082	0.463	0.367	0.241	0.744	0.596	0.166	0.004	0.232	0.007
ASV_91	0.2	14.728	0.783326239297024	0.867254050650277	NotSig	0.453	0.394	0.736	0.005	0.183	0.101	0.004	0.947	0.531	1.059	0.164	0.041	0.405	0.44	0.622	0.447	1.102	0.69	0.127	0.101	0.058	0.006	1.208	0.175	2.714	0.49	0.103	0.09	0.027	0.023	0.091	0.004
ASV_80	-4.212	15.751	0.315899736238162	0.531414266402126	NotSig	0.022	0.402	0.005	0.022	0.029	0.032	0.032	0.047	0.009	0.014	0.02	0.018	0.017	0.037	0.02	0.015	0.007	5.514	0.016	0.026	0.014	0.302	0.03	0.041	0.018	0.012	0.005	0.01	0.014	0.009	0.005	0.014
ASV_60	-1.418	12.176	0.202181720223104	0.435252314369182	NotSig	0.026	0.07	0.009	0.007	0.002	0.004	0.011	0.011	0.019	0	0.048	0.096	0.064	0.072	0.016	0.025	0.009	0.011	0.005	0.004	0.002	0.006	0.01	0.065	0.007	0.018	0.089	0.152	0.199	0.002	0.463	0.021
ASV_94	0.403	10.611	0.114400201520539	0.361878188483338	NotSig	0.095	0.072	0.081	0.085	0.025	0.078	0.073	0.153	0.109	0.154	0.134	0.098	0.068	0.078	0.049	0.136	0.107	0.036	0.086	0.053	0.156	0.076	0.032	0.081	0.092	0.073	0.074	0.13	0.111	0.022	0.042	0.014
ASV_71	-1.774	15.553	0.260230428829903	0.504196455857936	NotSig	0.169	0.578	0.052	0.134	0.084	0.093	0.165	0.102	0.021	0.034	0.06	0.092	0.127	0.896	0.007	0.576	0.094	0.03	0.076	0.059	0.047	0.06	0.162	0.124	0.041	0.014	0.076	0.335	0.178	4.808	0.11	2.552
ASV_392	-2.352	11.55	0.0581636020963678	0.248483379998146	NotSig	0.014	0.072	0.027	0.002	0.013	0.004	0.004	0.016	0.018	0.007	0.019	0.022	0.03	0.019	0.02	0.004	0.007	0.02	0.004	0.007	0.009	0.013	0.014	0.025	0.047	0.005	0.098	0.279	0.245	0.009	0.3	0.004
ASV_88	-0.002	11.996	0.988320030695496	0.989299417501275	NotSig	0.221	0.221	0.409	0.218	0.24	0.259	0.266	0.224	0.169	0.161	0.233	0.175	0.217	0.251	0.169	0.161	0.16	0.286	0.208	0.282	0.202	0.213	0.238	0.281	0.214	0.168	0.18	0.189	0.142	0.262	0.154	0.299
ASV_68	-0.326	12.712	0.265325164016152	0.507720992870414	NotSig	0.286	0.358	0.118	0.188	0.488	0.449	0.14	0.337	0.387	0.174	0.388	0.408	0.217	0.386	0.085	0.303	0.221	0.447	0.566	0.44	0.671	0.349	0.549	0.474	0.146	0.091	0.548	0.401	0.273	0.009	0.404	0.011
ASV_98	2.068	11.855	0.000775203577593543	0.120156554526999	Enriched	0.146	0.035	0.194	0.132	0.042	0.089	0.044	0.051	0.158	0.324	0.11	0.157	0.231	0.119	0.371	0.033	0.14	0.085	0.025	0.031	0.032	0.017	0.032	0.019	0.131	0.078	0.013	0.024	0.002	0.011	0.011	0.012
ASV_72	-0.33	13.414	0.542773158819904	0.735541542377305	NotSig	0.213	0.268	0.129	0.302	1.091	0.441	0.496	0.159	0.032	0.05	0.03	0.144	0.064	0.138	0.023	0.054	0.044	0.452	0.136	0.176	0.249	0.173	0.457	0.733	0.428	0.086	0.45	0.193	0.111	0.205	0.132	0.037
ASV_83	-0.134	12.816	0.724192002309213	0.837684778790508	NotSig	0.262	0.287	0.1	0.101	0.519	0.33	0.119	0.598	0.274	0.225	0.436	0.474	0.233	0.125	0.041	0.209	0.146	0.082	0.215	0.225	0.39	0.257	0.721	0.59	0.131	0.323	0.472	0.55	0.12	0.011	0.207	0.018
ASV_300	0.853	13.149	0.0121675393495708	0.197476219450367	Enriched	0.425	0.235	0.389	0.385	0.099	0.421	0.4	0.271	0.345	0.216	0.376	0.294	0.485	0.762	0.252	0.766	0.909	0.173	0.243	0.328	0.571	0.403	0.252	0.309	0.16	0.105	0.082	0.359	0.331	0.016	0.183	0.012
ASV_157	0.381	13.32	0.484571318912357	0.70166750973568	NotSig	0.278	0.214	0.383	0.018	0.013	0.037	0.019	0.217	0.091	0.436	0.393	0.253	0.582	0.298	0.617	0.409	0.407	0.295	0.012	0.005	0.065	0.006	0.074	0.29	1.023	0.137	0.158	0.05	0.552	0.022	0.505	0.012
ASV_102	0.469	13.556	0.329487249538047	0.537584459772602	NotSig	0.426	0.308	0.02	0.914	0.181	0.186	0.296	0.111	0.411	0.228	0.514	1.021	0.525	0.705	0.311	0.624	0.345	0.011	0.259	0.225	0.432	0.679	1.204	0.014	0.011	0.093	0.036	0.56	0.304	0.016	0.763	0.012
ASV_125	0.118	10.231	0.621849616732114	0.76688794190251	NotSig	0.062	0.057	0.068	0.022	0.12	0.054	0.009	0.038	0.111	0.044	0.069	0.041	0.089	0.066	0.09	0.048	0.066	0.1	0.044	0.037	0.1	0.034	0.05	0.051	0.065	0.061	0.082	0.048	0.034	0.054	0.068	0.035
ASV_87	1.919	13.838	0.0120025640614474	0.197476219450367	Enriched	0.521	0.138	0.075	0.117	0.023	0.311	0.073	0.033	0.295	0.563	0.183	1.41	1.016	0.914	1.464	0.68	0.662	0.043	0.018	0.392	0.42	0.019	0.032	0.014	0.005	0.708	0.018	0.118	0.005	0.007	0.214	0.055
ASV_206	2.094	14.396	0.0216586821332661	0.197476219450367	Enriched	0.575	0.135	0.013	0.005	0.013	0.531	0.005	0.164	0.202	0.735	2.156	0.458	1.068	0.092	1.336	0.703	1.143	0.004	0.178	0.02	0.571	0.004	0.01	0.041	0.014	0.055	0.015	0.166	0.009	0.016	0.918	0
ASV_117	1.04	14.086	0.305608311157281	0.531414266402126	NotSig	0.326	0.159	0.009	0.014	0.019	0.168	0.023	0.02	0.153	0.048	0.289	0.083	1.351	1.056	0.246	0.998	0.417	0.014	0.102	0.04	0.088	0.015	0.01	0.065	0.014	0.07	0.036	0.018	1.739	0.02	0.126	0.023
ASV_77	-9.504	15.78	0.163484374496688	0.427719062803303	NotSig	0.001	0.697	0	0.004	0	0	0	0	0	0.004	0	0	0.003	0	0	0.002	0.002	0	0.004	0	0.002	0.009	0	0	0	0	0	0.006	0.031	4.758	0.016	5.625
ASV_720	-1.648	11.212	0.0951807320609507	0.327844743765497	NotSig	0.016	0.051	0.011	0.029	0.025	0.032	0.021	0.031	0.009	0.005	0.015	0.028	0.003	0.014	0.005	0.012	0.007	0.02	0.007	0.026	0.019	0.052	0.018	0.021	0.013	0.009	0.013	0.237	0.108	0	0.214	0.016
ASV_122	-1.87	12.615	0.0981073476686991	0.330579106274965	NotSig	0.031	0.115	0.023	0.013	0.011	0.117	0.039	0.015	0.004	0.027	0.004	0.007	0.078	0.039	0.061	0.021	0.013	0.012	0.014	0.288	0.111	0.006	0.05	0.016	0.12	0.016	0.011	0.04	0.381	0.022	0.627	0.011
ASV_95	-0.28	12.572	0.471537438853294	0.689512292662835	NotSig	0.219	0.266	0.065	0.076	0.426	0.309	0.113	0.514	0.234	0.179	0.373	0.412	0.196	0.076	0.032	0.165	0.122	0.084	0.194	0.209	0.307	0.252	0.609	0.535	0.119	0.351	0.499	0.52	0.117	0.009	0.181	0.009
ASV_78	0.646	12.553	0.0315361105424269	0.197725392191594	Enriched	0.356	0.227	0.43	0.188	0.176	0.21	0.246	0.124	0.272	0.482	0.315	0.286	0.504	0.376	0.536	0.601	0.588	0.171	0.093	0.156	0.343	0.093	0.168	0.562	0.241	0.284	0.243	0.425	0.276	0.014	0.335	0.005
ASV_130	-0.11	12.836	0.767013275963925	0.864684323217936	NotSig	0.29	0.313	0.256	0.038	0.191	0.067	0.028	0.226	0.211	0.349	0.175	0.198	0.519	0.398	0.644	0.503	0.551	0.313	0.291	0.355	0.295	0.06	0.555	0.233	0.077	0.731	0.234	0.311	0.659	0.011	0.541	0.032
ASV_85	1.091	13.318	0.0279491190609283	0.197725392191594	Enriched	0.408	0.192	0.405	0.191	0.042	0.261	0.03	0.18	0.241	0.115	0.375	0.225	0.86	0.846	0.52	0.814	1.021	0.078	0.092	0.158	0.188	0.158	0.268	0.345	0.257	0.136	0.111	0.471	0.269	0.018	0.324	0.005
ASV_142	1.807	14.416	0.0627731063865719	0.248483379998146	NotSig	0.502	0.143	0.512	0.04	0.149	1.184	0.285	0.026	0.52	0.315	2.186	1.591	0.063	0.053	0.05	0.131	0.418	0.012	0.582	0.064	0.921	0.317	0.022	0.023	0.014	0.093	0.063	0.002	0.015	0.005	0.005	0.011
ASV_1658	-0.599	12.231	0.0693967207010181	0.256106945444233	NotSig	0.148	0.224	0.348	0.231	0.065	0.277	0.135	0.14	0.156	0.099	0.099	0.103	0.096	0.156	0.041	0.088	0.182	0.139	0.28	0.218	0.302	0.252	0.198	0.408	0.379	0.171	0.481	0.164	0.144	0.013	0.179	0.03
ASV_118	0.776	13.503	0.209096175651534	0.435710139979233	NotSig	0.423	0.247	0.695	0.007	0.164	0.097	0.005	0.849	0.512	1.016	0.188	0.028	0.34	0.376	0.538	0.365	1.161	0.699	0.071	0.033	0.026	0.002	1.028	0.163	1.118	0.271	0.102	0.084	0.027	0.018	0.06	0.002
ASV_93	0.186	13.017	0.658793206442384	0.791573232547051	NotSig	0.238	0.209	0.143	0.17	0.572	0.374	0.168	0.585	0.299	0.142	0.134	0.247	0.182	0.133	0.085	0.202	0.133	0.267	0.148	0.361	0.134	0.175	0.829	0.065	0.174	0.055	0.297	0.197	0.187	0.054	0.075	0.119
ASV_1450	-0.223	13.665	0.711394121814723	0.829068337453249	NotSig	0.294	0.343	0.07	0.016	0.473	0.147	0.005	0.024	0.496	0.446	0.009	0.024	0.676	0.594	0.854	0.04	0.534	0.085	0.268	0.839	0.206	0.013	0.24	0.161	0.02	0.683	1.299	0.004	1.013	0.018	0.278	0.021
ASV_126	-4.092	14.821	0.0500859315931465	0.235791041509287	NotSig	0.036	0.612	0.039	0.011	0.038	0.017	0.014	0.055	0.039	0.042	0.045	0.028	0.024	0.045	0.043	0.052	0.046	0.084	0.021	0.033	0.032	0.024	0.03	0.028	0.289	1.715	0.049	2.895	1.032	0.043	2.875	0.023
ASV_101	0.271	13.085	0.517833792090628	0.718661662699062	NotSig	0.305	0.253	0.247	0.202	0.181	0.769	0.37	0.869	0.541	0.136	0.19	0.266	0.268	0.074	0.092	0.311	0.061	0.215	0.309	0.385	0.524	0.639	0.431	0.375	0.111	0.182	0.285	0.175	0.096	0.009	0.04	0.018
ASV_333	-1.323	12.151	0.00239618430092494	0.185704283321683	Depleted	0.091	0.229	0.059	0.067	0.132	0.091	0.039	0.087	0.13	0.104	0.043	0.078	0.08	0.136	0.085	0.131	0.111	0.327	0.293	0.414	0.394	0.069	0.174	0.293	0.455	0.369	0.123	0.116	0.062	0.025	0.214	0.106
ASV_100	-0.005	13.283	0.989299417501275	0.989299417501275	NotSig	0.307	0.308	0.306	0.448	0.116	0.46	0.129	0.129	0.367	0.345	0.721	0.366	0.29	0.156	0.383	0.148	0.232	0.335	0.36	0.511	0.541	0.282	0.294	0.283	0.383	0.997	0.136	0.185	0.094	0.011	0.192	0.011
ASV_96	0.852	13.351	0.0623340510294027	0.248483379998146	NotSig	0.404	0.224	0.168	0.276	0.132	0.37	0.283	0.087	0.332	0.126	0.447	1.045	0.794	0.59	0.369	0.597	0.44	0.089	0.42	0.456	0.478	0.421	0.046	0.044	0.02	0.057	0.053	0.756	0.074	0.009	0.433	0.002
ASV_90	1.488	13.432	0.00638262946605957	0.197476219450367	Enriched	0.447	0.159	0.07	0.2	0.057	0.235	0.198	0.12	0.262	0.947	1.105	0.788	0.342	0.491	0.836	0.338	0.719	0.27	0.217	0.246	0.304	0.093	0.252	0.08	0.171	0.146	0.187	0.156	0.156	0.009	0.102	0.004
ASV_84	0.871	13.687	0.213638520247882	0.435710139979233	NotSig	0.34	0.186	0.039	0.067	0.135	0.231	0.014	0.29	0.081	0.119	0.069	0.054	1.098	1.319	0.212	1.002	0.372	0.16	0.139	0.099	0.239	0.063	0.206	0.293	0.034	0.02	0.176	0.716	0.29	0.084	0.241	0.028
ASV_103	0.123	13.03	0.775458236600898	0.864719616353519	NotSig	0.291	0.267	0.211	0.191	0.212	0.801	0.376	0.836	0.543	0.103	0.162	0.246	0.215	0.055	0.059	0.299	0.057	0.196	0.39	0.405	0.545	0.656	0.459	0.392	0.068	0.177	0.301	0.221	0.111	0.007	0.053	0.027
ASV_107	2.411	14.145	0.011643522976843	0.197476219450367	Enriched	0.489	0.092	1.811	0.034	0.437	1.07	0.209	0.022	0.255	0.774	1.066	0.833	0.115	0.078	0.113	0.1	0.42	0.012	0.302	0.038	0.504	0.302	0.016	0.018	0.005	0.089	0.06	0.008	0.012	0.002	0.009	0.002
ASV_111	-0.079	12.905	0.835979736607914	0.89363351154639	NotSig	0.24	0.254	0.539	0.143	0.088	0.287	0.027	0.395	0.113	0.482	0.192	0.181	0.177	0.265	0.295	0.228	0.194	0.539	0.307	0.315	0.2	0.084	0.767	0.155	0.489	0.23	0.156	0.146	0.25	0.018	0.126	0.025
ASV_99	-0.85	13.808	0.198089842398633	0.432449655940677	NotSig	0.166	0.3	0.022	0.043	0.088	0.138	0.058	0.481	0.274	0.046	0.662	0.38	0.054	0.08	0.034	0.073	0.061	0.164	0.45	0.304	0.467	0.259	0.242	0.216	0.158	0.043	0.178	1.434	0.262	0.072	0.207	0.041
ASV_104	0.207	11.865	0.566741830016771	0.741719871371421	NotSig	0.161	0.139	0.125	0.121	0.13	0.277	0.213	0.233	0.195	0.119	0.285	0.373	0.078	0.066	0.032	0.084	0.076	0.073	0.127	0.191	0.086	0.311	0.306	0.216	0.133	0.109	0.317	0.078	0.048	0.02	0.046	0.027
ASV_135	-1.646	13.759	0.0212143465530663	0.197476219450367	Depleted	0.143	0.447	0.007	0.031	0.023	0.056	0.016	0.009	0.065	0.014	0.274	0.295	0.195	0.218	0.079	0.491	0.369	0.027	1.386	0.854	0.455	0.043	0.01	0.668	0.007	0.569	0.637	0.247	0.782	0.009	0.991	0.019
ASV_128	0.734	11.751	0.31693349017358	0.531414266402126	NotSig	0.067	0.04	0.013	0.023	0.011	0.048	0.005	0.013	0.014	0.055	0.02	0.015	0.125	0.17	0.083	0.06	0.345	0.007	0.159	0.077	0.081	0.063	0.004	0.009	0.005	0.007	0.005	0.034	0.055	0.011	0.066	0.018
ASV_119	2.213	13.784	0.0363667331172223	0.207522169638405	NotSig	0.282	0.061	0.197	0.329	1.41	0.562	0.399	0.554	0.352	0.138	0.078	0.105	0.021	0.027	0.022	0.015	0.02	0.222	0.044	0.086	0.058	0.099	0.146	0.034	0.056	0.07	0.065	0.024	0.005	0	0.004	0
ASV_106	0.467	13.199	0.279723829019614	0.514762552229659	NotSig	0.306	0.221	0.186	0.231	0.275	0.767	0.372	0.94	0.45	0.113	0.201	0.255	0.254	0.097	0.092	0.284	0.074	0.181	0.303	0.348	0.43	0.526	0.425	0.316	0.05	0.121	0.192	0.231	0.096	0.011	0.038	0.05
ASV_136	-4.893	14.779	0.327891788799271	0.537584459772602	NotSig	0.007	0.196	0.009	0.004	0.004	0.004	0.009	0.009	0.005	0	0.006	0.004	0.014	0.012	0.004	0.013	0.004	0.007	0.019	0.004	0	0.011	0.008	0.011	0.004	0.007	0	0.01	0.01	0.025	2.811	0.012
ASV_112	5.627	15.984	0.207966192319803	0.435710139979233	NotSig	0.594	0.012	0.002	0.002	0.006	0.013	0.004	0.002	0.169	0	0.007	0.015	0.002	0.207	0	1.998	6.48	0.005	0.002	0.005	0	0.002	0.006	0.004	0.007	0.007	0	0.028	0.034	0.041	0.037	0.002
ASV_86	-1.72	13.965	0.0433803884425395	0.231860696848056	NotSig	0.137	0.451	0.283	0.19	0.078	0.156	0.053	0.122	0.076	0.007	0.106	0.162	0.186	0.399	0.02	0.165	0.05	0.133	0.132	0.077	0.076	0.272	0.971	1.481	0.241	0.177	1.6	1.055	0.345	0.027	0.17	0.012
ASV_116	-8.005	16.016	0.231119965114743	0.459276853753656	NotSig	0.002	0.564	0	0.004	0.002	0	0	0	0.002	0.002	0	0.002	0.009	0	0	0.012	0.002	0.002	0.007	0	0	0.002	0	0	0	0	0	0.01	0.026	6.629	0.009	1.78
ASV_114	-0.294	13.179	0.528958489313938	0.725562529589915	NotSig	0.241	0.296	0.151	0.164	0.252	0.668	0.257	0.787	0.163	0.133	0.17	0.135	0.111	0.195	0.05	0.259	0.123	0.219	0.238	0.26	0.146	0.257	0.156	0.611	0.058	0.116	0.566	0.927	0.328	0.011	0.536	0.009
ASV_129	-0.152	12.4	0.769847978090807	0.864684323217936	NotSig	0.155	0.172	0.048	0.047	0.103	0.188	0.066	0.481	0.151	0.071	0.54	0.244	0.113	0.047	0.05	0.111	0.061	0.032	0.347	0.235	0.429	0.326	0.02	0.472	0.045	0.109	0.299	0.104	0.026	0.018	0.091	0.027
ASV_155	0.5	10.283	0.22479469912136	0.452508809919621	NotSig	0.049	0.035	0.02	0.043	0.038	0.026	0.011	0.075	0.032	0.066	0.05	0.118	0.03	0.099	0.036	0.069	0.029	0.039	0.032	0.125	0.044	0.097	0.012	0.011	0.011	0.036	0.011	0.02	0.033	0.004	0.027	0.025
ASV_113	-0.094	12.871	0.804401726855893	0.871903969668975	NotSig	0.26	0.277	0.104	0.316	0.073	0.071	0.749	0.078	0.095	0.241	0.05	0.327	0.514	0.322	0.392	0.24	0.323	0.201	0.24	0.235	0.329	0.662	0.164	0.567	0.395	0.46	0.238	0.257	0.105	0.014	0.287	0.002
ASV_115	-6.03	15.5	0.172926083622536	0.429867611752026	NotSig	0.008	0.512	0.007	0.007	0.006	0.004	0.018	0	0.004	0.002	0.009	0.006	0.012	0.016	0.005	0.015	0.007	0.002	0.009	0.022	0.005	0.006	0.008	0.005	0	0.007	0.007	0.024	0.055	4.636	0.009	2.889
ASV_377	-0.01	12.036	0.973894866526676	0.989299417501275	NotSig	0.168	0.169	0.321	0.367	0.172	0.173	0.184	0.157	0.116	0.216	0.114	0.054	0.096	0.152	0.156	0.121	0.122	0.183	0.233	0.271	0.42	0.285	0.144	0.168	0.102	0.107	0.149	0.13	0.182	0.004	0.15	0.009
ASV_153	1.046	12.556	0.175118323082578	0.429867611752026	NotSig	0.161	0.078	0.03	0.025	0.019	0.225	0.007	0.016	0.028	0.034	0.127	0.028	0.278	0.602	0.371	0.488	0.131	0.012	0.288	0.328	0.339	0.03	0.006	0.005	0.004	0.03	0.002	0.012	0.05	0.011	0.033	0.018
ASV_124	0.021	13.932	0.981837066169037	0.989299417501275	NotSig	0.242	0.239	1.335	0.005	0.076	0.575	0.028	0.009	0.445	0.018	0.658	0.234	0.01	0.025	0.013	0.196	0.009	0.011	0.071	1.563	0.998	0.034	0.014	0.012	0.014	0.522	0.029	0.181	0.019	0.013	0.104	0
ASV_110	-0.977	12.923	0.0374878758056473	0.207522169638405	NotSig	0.159	0.314	0.09	0.078	0.101	0.076	0.074	0.517	0.431	0.099	0.108	0.641	0.021	0.023	0.002	0.052	0.077	0.149	0.205	0.546	0.777	0.485	0.371	0.396	0.097	0.096	0.408	0.291	0.159	0.252	0.298	0.174
ASV_121	-0.399	11.955	0.546497588780617	0.735541542377305	NotSig	0.059	0.078	0.091	0.24	0.073	0.093	0.193	0.022	0.026	0.011	0.017	0.017	0.009	0.039	0.022	0.019	0.011	0.041	0.067	0.073	0.072	0.397	0.066	0.083	0.041	0.018	0.156	0.058	0.019	0.018	0.018	0.035
ASV_154	-0.022	12.139	0.958038815301181	0.989299417501275	NotSig	0.123	0.125	0.075	0.098	0.034	0.086	0.119	0.018	0.105	0.161	0.116	0.192	0.116	0.088	0.295	0.182	0.166	0.032	0.243	0.161	0.172	0.451	0.018	0.097	0.036	0.185	0.038	0.106	0.173	0.014	0.126	0.025
ASV_138	-0.221	12.487	0.488903813235184	0.70166750973568	NotSig	0.204	0.238	0.127	0.379	0.275	0.24	0.112	0.148	0.432	0.195	0.212	0.181	0.092	0.133	0.115	0.244	0.173	0.16	0.238	0.214	0.494	0.188	0.232	0.15	0.246	0.1	0.312	0.271	0.376	0.009	0.574	0
ASV_159	-0.823	12.627	0.18244792506817	0.429867611752026	NotSig	0.097	0.171	0.041	0.029	0.034	0.041	0.03	0.029	0.125	0.324	0.063	0.229	0.073	0.074	0.135	0.106	0.116	0.048	0.182	0.026	0.123	0.088	0.024	0.17	0.234	0.066	0.374	0.046	0.506	0.031	0.633	0.016
ASV_108	-2.454	15.175	0.250032647673775	0.490570384676394	NotSig	0.065	0.359	0.052	0.213	0.053	0.065	0.064	0.064	0.007	0.041	0.019	0.033	0.021	0.177	0.036	0.115	0.022	0.023	0.049	0.079	0.047	0.108	0.126	0.049	0.027	0.03	0.016	0.14	0.117	3.699	0.049	0.822
ASV_105	-1.801	11.89	0.0493887386208824	0.235791041509287	NotSig	0.028	0.099	0.061	0.04	0.113	0.034	0.039	0.015	0.005	0.004	0.009	0.013	0.033	0.027	0.007	0.012	0.017	0.246	0.019	0.024	0.007	0.017	0.379	0.035	0.05	0.037	0.357	0.04	0.13	0.077	0.064	0.004
ASV_272	1.976	13.694	0.0233139000011778	0.197725392191594	Enriched	0.376	0.096	0.668	0.033	0.176	0.78	0.198	0.02	0.411	0.402	1.325	1.028	0.057	0.039	0.07	0.111	0.323	0.007	0.347	0.042	0.647	0.196	0.02	0.014	0.009	0.07	0.038	0.014	0.012	0.013	0	0.005
ASV_134	0.44	13.687	0.497915504996572	0.708044984169437	NotSig	0.276	0.203	1.319	0.321	0.097	0.631	0.407	0.31	0.1	0.243	0.097	0.055	0.092	0.043	0.165	0.165	0.088	0.062	0.439	0.612	0.752	0.267	0.174	0.21	0.363	0.089	0.047	0.004	0.005	0.002	0.015	0.007
ASV_1046	1.049	13.084	0.0580172549355963	0.248483379998146	NotSig	0.316	0.153	0.149	0.103	0.023	0.121	0.016	0.481	0.868	0.009	0.76	0.377	0.365	0.207	0.585	0.39	0.286	0.009	0.085	0.055	0.067	0.561	0.012	0.175	0.252	0.296	0.047	0.106	0.448	0.009	0.159	0.011
ASV_127	-0.589	13.013	0.185667114627135	0.429867611752026	NotSig	0.17	0.255	0.063	0.114	0.21	0.361	0.143	0.284	0.123	0.055	0.378	0.312	0.076	0.14	0.018	0.148	0.12	0.183	0.212	0.183	0.174	0.209	0.827	0.327	0.081	0.114	0.406	0.52	0.197	0.004	0.386	0.007
ASV_120	-1.253	11.638	0.121485909085988	0.374071099489351	NotSig	0.026	0.062	0.043	0.108	0.025	0.054	0.076	0.007	0.012	0.002	0.011	0.007	0.009	0.025	0.002	0.004	0.004	0.021	0.042	0.064	0.032	0.319	0.052	0.09	0.034	0.021	0.151	0.028	0.022	0.013	0.015	0.025
ASV_167	1.265	13.406	0.0288795305385508	0.197725392191594	Enriched	0.309	0.129	0.335	0.126	0.536	1.085	0.099	0.086	0.304	0.498	0.158	0.404	0.076	0.322	0.183	0.25	0.173	0.151	0.48	0.2	0.453	0.052	0.018	0.014	0.147	0.123	0.02	0.058	0.115	0.022	0.068	0.009
ASV_183	1.194	12.581	0.410446379493348	0.633692163688283	NotSig	0.062	0.027	0.038	0.013	0.052	0.019	0.018	0.007	0.005	0.613	0.017	0.02	0.012	0.039	0.04	0.017	0.022	0.004	0.032	0.013	0.016	0.007	0.016	0.011	0.02	0.014	0.007	0.195	0.009	0.009	0.044	0.011
ASV_123	-0.771	10.828	0.0609260024432078	0.248483379998146	NotSig	0.041	0.071	0.041	0.031	0.048	0.045	0.007	0.02	0.054	0.023	0.065	0.057	0.066	0.041	0.061	0.035	0.026	0.021	0.101	0.066	0.141	0.082	0.002	0.044	0.067	0.037	0.089	0.108	0.182	0.005	0.113	0
ASV_149	0.236	13.202	0.6783454479188	0.802622476545145	NotSig	0.25	0.212	0.942	0.558	0.095	0.281	0.544	0.202	0.445	0.149	0.304	0.21	0	0.002	0.009	0.008	0	0.087	0.182	0.744	0.262	0.453	0.06	0.507	0.365	0.201	0.098	0.042	0.108	0.002	0.069	0.004
ASV_139	-0.204	12.246	0.623405681804621	0.76688794190251	NotSig	0.123	0.141	0.217	0.134	0.248	0.262	0.218	0.129	0.028	0.016	0.097	0.126	0.082	0.099	0.022	0.108	0.057	0.082	0.093	0.158	0.126	0.162	0.21	0.486	0.063	0.118	0.294	0.132	0.103	0.002	0.088	0.005
ASV_150	-0.356	12.172	0.337135414484381	0.544333221302906	NotSig	0.145	0.185	0.072	0.081	0.114	0.141	0.129	0.279	0.169	0.299	0.311	0.329	0.042	0.058	0.029	0.071	0.044	0.123	0.116	0.108	0.128	0.172	0.461	0.345	0.291	0.262	0.31	0.092	0.07	0.111	0.06	0.126
