ID	log2FC	log2CPM	PValue	FDR	level	MeanA	MeanB	MD1	MD2	MD3	MD4	MD5	MD11	MD12	MD13	MD14	MD15
ASV_7	-12.038	18.041	1.97329973963869e-08	4.26232743761958e-06	Depleted	0.015	10.305	0.002	0.018	0.011	0.012	0.034	0.313	0.655	18.771	1.28	30.508
ASV_1314	-5.809	11.275	6.09953958166411e-08	6.58750274819724e-06	Depleted	0.01	0.408	0.011	0.019	0.007	0.005	0.006	0.054	0.938	0.041	0.998	0.011
ASV_60	-5.193	9.981	2.18871619995228e-07	1.37439511371502e-05	Depleted	0.005	0.167	0.011	0.005	0.004	0.002	0.006	0.152	0.199	0.002	0.463	0.021
ASV_134	4.767	10.846	2.5451761365093e-07	1.37439511371502e-05	Enriched	0.426	0.007	0.062	0.439	0.612	0.752	0.267	0.004	0.005	0.002	0.015	0.007
ASV_39	-4.871	13.407	4.38734643023323e-07	1.89533365786076e-05	Depleted	0.085	1.66	0.027	0.053	0.15	0.084	0.11	3.557	0.701	0.171	3.438	0.434
ASV_42	-6.435	13.437	7.9267904072905e-07	2.85364454662458e-05	Depleted	0.03	1.938	0.018	0.069	0.026	0.012	0.026	0.13	4.79	0.101	4.641	0.03
ASV_147	-9.928	14.791	1.12113682432415e-06	3.45950791505737e-05	Depleted	0.006	1.059	0.009	0.007	0.005	0.002	0.007	0.02	0.048	2.148	0.009	3.067
ASV_116	-12.112	15.454	1.56867332026239e-06	4.0525940136605e-05	Depleted	0.002	1.691	0.002	0.007	0	0	0.002	0.01	0.026	6.629	0.009	1.78
ASV_115	-10.085	15.307	1.68858083902521e-06	4.0525940136605e-05	Depleted	0.009	1.522	0.002	0.009	0.022	0.005	0.006	0.024	0.055	4.636	0.009	2.889
ASV_77	-12.045	15.778	2.06012278923895e-06	4.44986522475613e-05	Depleted	0.003	2.087	0	0.004	0	0.002	0.009	0.006	0.031	4.758	0.016	5.625
ASV_126	-5.184	12.781	2.371321946623e-06	4.65641400427788e-05	Depleted	0.039	1.374	0.084	0.021	0.033	0.032	0.024	2.895	1.032	0.043	2.875	0.023
ASV_47	-9.43	16.259	3.02590090092329e-06	5.44662162166192e-05	Depleted	0.024	2.927	0.037	0.005	0.027	0.014	0.035	0.066	0.113	5.912	0.042	8.501
ASV_58	-7.873	13.028	3.58464600341118e-06	5.72593386535753e-05	Depleted	0.007	1.414	0.012	0.004	0.007	0.002	0.011	0.022	6.878	0.049	0.117	0.005
ASV_71	-7.445	15.298	3.71125343125025e-06	5.72593386535753e-05	Depleted	0.054	1.597	0.03	0.076	0.059	0.047	0.06	0.335	0.178	4.808	0.11	2.552
ASV_53	-12.268	16.767	4.89254868564129e-06	6.68560397675242e-05	Depleted	0.005	4.134	0	0.007	0	0	0.019	0.026	0.147	6.489	0.038	13.968
ASV_239	4.194	10.463	4.95229924203883e-06	6.68560397675242e-05	Enriched	0.317	0.007	0.037	0.296	0.41	0.536	0.304	0.008	0.002	0.004	0.015	0.007
ASV_392	-4.159	9.927	5.85534217313837e-06	7.43972887881111e-05	Depleted	0.01	0.167	0.02	0.004	0.007	0.009	0.013	0.279	0.245	0.009	0.3	0.004
ASV_89	-5.882	10.982	1.15427796039468e-05	0.000138513355247362	Depleted	0.007	0.313	0.004	0.002	0.002	0.005	0.024	0.014	1.463	0.025	0.046	0.016
ASV_112	-4.455	8.457	1.69428823075307e-05	0.000192613819917191	Depleted	0.003	0.028	0.005	0.002	0.005	0	0.002	0.028	0.034	0.041	0.037	0.002
ASV_107	4.198	9.988	1.85549128092564e-05	0.000200393058339969	Enriched	0.232	0.007	0.012	0.302	0.038	0.504	0.302	0.008	0.012	0.002	0.009	0.002
ASV_108	-6.543	14.587	3.31440140858831e-05	0.000340909859169083	Depleted	0.061	0.965	0.023	0.049	0.079	0.047	0.108	0.14	0.117	3.699	0.049	0.822
ASV_136	-6.38	11.608	3.70064377674907e-05	0.000363335934444455	Depleted	0.008	0.574	0.007	0.019	0.004	0	0.011	0.01	0.01	0.025	2.811	0.012
ASV_119	3.696	9.172	7.62029466980167e-05	0.000715645064642243	Enriched	0.102	0.007	0.222	0.044	0.086	0.058	0.099	0.024	0.005	0	0.004	0
ASV_36	3.514	11.958	9.61872690266582e-05	0.000865685421239924	Enriched	0.843	0.031	0.557	0.381	1.081	1.425	0.77	0.012	0.009	0.013	0.093	0.027
ASV_189	-3.391	11.356	0.000325751235603298	0.00281449067561249	Depleted	0.045	0.263	0.103	0.011	0.015	0.009	0.089	0.373	0.472	0.21	0.227	0.035
ASV_142	3.866	10.674	0.000424527507062485	0.0035268439048268	Enriched	0.379	0.008	0.012	0.582	0.064	0.921	0.317	0.002	0.015	0.005	0.005	0.011
ASV_80	5.518	12.779	0.000678976652075109	0.00531309160636885	Enriched	1.174	0.01	5.514	0.016	0.026	0.014	0.302	0.01	0.014	0.009	0.005	0.014
ASV_14	3.366	12.594	0.000688734097121887	0.00531309160636885	Enriched	1.236	0.042	1.607	0.36	0.793	2.052	1.367	0.074	0.015	0.074	0.038	0.009
ASV_176	3.002	10.625	0.000894559317557545	0.00666292457215275	Enriched	0.336	0.031	0.018	0.279	0.671	0.381	0.33	0.06	0.045	0	0.048	0.002
ASV_51	4.043	11.888	0.00122539196286214	0.00882282213260743	Enriched	0.81	0.018	0.062	0.065	0.064	0.09	3.77	0.024	0.017	0.018	0.018	0.012
ASV_117	-3.514	11.348	0.00131800422673719	0.00918351332178174	Depleted	0.052	0.385	0.014	0.102	0.04	0.088	0.015	0.018	1.739	0.02	0.126	0.023
ASV_191	-2.73	9.475	0.00145062071055995	0.00979168979627964	Depleted	0.02	0.075	0.02	0.011	0.035	0.012	0.022	0.018	0.026	0.018	0.282	0.032
ASV_1505	2.145	10.454	0.00211352095704519	0.0138339553552049	Enriched	0.259	0.035	0.169	0.284	0.372	0.199	0.27	0.058	0.075	0.002	0.026	0.014
ASV_183	-2.473	8.686	0.00253411057891839	0.0160990554425404	Depleted	0.014	0.053	0.004	0.032	0.013	0.016	0.007	0.195	0.009	0.009	0.044	0.011
ASV_507	2.334	10.926	0.00262276462093689	0.016186204517782	Enriched	0.339	0.054	0.596	0.245	0.262	0.234	0.356	0.098	0.026	0.002	0.135	0.009
ASV_25	-2.78	11.411	0.00278234156102737	0.0165097836788432	Depleted	0.087	0.381	0.014	0.019	0.031	0.344	0.024	1.127	0.237	0.113	0.404	0.027
ASV_149	2.431	10.786	0.00282806479683889	0.0165097836788432	Enriched	0.346	0.045	0.087	0.182	0.744	0.262	0.453	0.042	0.108	0.002	0.069	0.004
ASV_101	1.981	11.134	0.00302982724603623	0.0172221759248375	Enriched	0.414	0.068	0.215	0.309	0.385	0.524	0.639	0.175	0.096	0.009	0.04	0.018
ASV_56	-2.68	10.707	0.00316639153188808	0.0175369377150724	Depleted	0.053	0.087	0.023	0.025	0.031	0.114	0.073	0.094	0.033	0.083	0.079	0.149
ASV_720	-2.518	9.597	0.00352132582976234	0.0190151594807166	Depleted	0.025	0.115	0.02	0.007	0.026	0.019	0.052	0.237	0.108	0	0.214	0.016
ASV_226	1.901	10.191	0.0040221443126091	0.0211898334517943	Enriched	0.207	0.026	0.149	0.198	0.251	0.325	0.112	0.038	0.027	0.014	0.04	0.012
ASV_216	3.027	9.252	0.00513839250043782	0.0258100309014315	Enriched	0.126	0.004	0.007	0.236	0.071	0.253	0.063	0.004	0.003	0.005	0	0.007
ASV_272	3.116	10.142	0.00520771292114333	0.0258100309014315	Enriched	0.248	0.009	0.007	0.347	0.042	0.647	0.196	0.014	0.012	0.013	0	0.005
ASV_173	2.473	10.219	0.00546456006942491	0.0258100309014315	Enriched	0.237	0.019	0.011	0.293	0.086	0.227	0.567	0.032	0.034	0.011	0.009	0.009
ASV_33	2.063	11.723	0.00548207185461755	0.0258100309014315	Enriched	0.628	0.123	0.577	0.81	0.486	0.789	0.481	0.323	0.137	0.005	0.146	0.005
ASV_152	-2.087	9.986	0.00549658065493449	0.0258100309014315	Depleted	0.039	0.104	0.073	0.023	0.046	0.014	0.041	0.263	0.072	0.016	0.113	0.055
ASV_166	-2.376	9.62	0.00602268601665557	0.0276787272254809	Depleted	0.03	0.126	0.014	0.021	0.026	0.079	0.007	0.329	0.06	0.004	0.23	0.005
ASV_8	3.946	12.987	0.00633123608825018	0.0284905623971258	Enriched	1.742	0.03	0.101	0.083	0.121	0.109	8.296	0.05	0.01	0.013	0.009	0.067
ASV_61	-2.149	10.32	0.00671344165298894	0.0295939468784818	Depleted	0.052	0.073	0.046	0.044	0.042	0.04	0.088	0.088	0.039	0.083	0.079	0.074
ASV_45	2.649	9.784	0.00746848962470572	0.0321208109763152	Enriched	0.18	0.01	0.007	0.201	0.33	0.336	0.024	0.012	0.007	0.005	0.011	0.012
ASV_6	2.099	13.048	0.00762213791904914	0.0321208109763152	Enriched	1.61	0.287	1.196	2.125	1.425	1.887	1.417	0.672	0.316	0.022	0.397	0.028
ASV_140	2.036	10.335	0.00773278782763144	0.0321208109763152	Enriched	0.254	0.034	0.066	0.407	0.126	0.585	0.084	0.028	0.045	0.005	0.08	0.011
ASV_151	1.775	10.717	0.00805452791771111	0.0328260005702943	Enriched	0.307	0.055	0.096	0.296	0.282	0.427	0.433	0.136	0.082	0.009	0.035	0.014
ASV_1440	-2.106	9.024	0.0086036620379523	0.0344146481518092	Depleted	0.02	0.071	0.028	0.012	0.033	0.026	0.002	0.177	0.099	0.005	0.068	0.005
ASV_44	2.046	12.365	0.00931863026239999	0.0360024832099703	Enriched	1.014	0.19	0.641	1.111	0.94	1.978	0.401	0.499	0.178	0.013	0.247	0.014
ASV_172	-2.336	10.187	0.00933397712851081	0.0360024832099703	Depleted	0.044	0.184	0.034	0.046	0.035	0.086	0.021	0.281	0.309	0.002	0.325	0.002
ASV_17	-4.396	13.351	0.00971249601753251	0.0364389228031135	Depleted	0.082	0.425	0.374	0	0.005	0.012	0.021	0.04	0.122	1.749	0.135	0.08
ASV_103	1.738	11.252	0.00978452556750269	0.0364389228031135	Enriched	0.438	0.084	0.196	0.39	0.405	0.545	0.656	0.221	0.111	0.007	0.053	0.027
ASV_100	1.58	11.207	0.0138752188866006	0.0507974115170461	Enriched	0.406	0.099	0.335	0.36	0.511	0.541	0.282	0.185	0.094	0.011	0.192	0.011
ASV_57	2.218	10.542	0.0152234442030584	0.0548043991310102	Enriched	0.236	0.018	0.587	0.086	0.198	0.134	0.177	0.01	0.019	0.016	0.018	0.025
ASV_159	-1.981	10.909	0.0172543781318916	0.0610974701063703	Depleted	0.093	0.246	0.048	0.182	0.026	0.123	0.088	0.046	0.506	0.031	0.633	0.016
ASV_63	-2.15	8.831	0.0200114515508323	0.0697173150803189	Depleted	0.018	0.022	0.02	0.012	0.024	0.018	0.015	0.032	0.003	0.02	0.013	0.041
ASV_84	-1.532	11.236	0.0214571750896642	0.0735674574502773	Depleted	0.14	0.272	0.16	0.139	0.099	0.239	0.063	0.716	0.29	0.084	0.241	0.028
ASV_75	-1.509	11.843	0.0223697643510454	0.0754979546847783	Depleted	0.228	0.293	0.105	0.288	0.202	0.313	0.233	0.381	0.281	0.182	0.516	0.108
ASV_124	2.64	11.326	0.0235513409770302	0.078262917708285	Enriched	0.535	0.063	0.011	0.071	1.563	0.998	0.034	0.181	0.019	0.013	0.104	0
ASV_170	-1.782	9.879	0.0248453241701742	0.0813119700114793	Depleted	0.051	0.128	0.009	0.085	0.057	0.086	0.021	0.179	0.195	0.009	0.252	0.004
ASV_198	-2.561	10.787	0.0265921687082095	0.0854296001651558	Depleted	0.062	0.271	0	0.049	0.152	0.098	0.011	0.096	0.576	0.009	0.673	0.002
ASV_174	1.765	10.33	0.0268945037556972	0.0854296001651558	Enriched	0.212	0.053	0.347	0.275	0.185	0.204	0.05	0.154	0.019	0.004	0.084	0.004
ASV_3	3.32	14.407	0.0284274340884416	0.0881434396220915	Enriched	3.363	0.123	16.368	0.152	0.112	0.118	0.063	0.114	0.12	0.234	0.064	0.081
ASV_73	-1.715	9.668	0.0289386462196375	0.0881434396220915	Depleted	0.04	0.053	0.055	0.06	0.02	0.012	0.054	0.028	0.067	0.052	0.093	0.027
ASV_220	-2.989	6.499	0.0290211109357676	0.0881434396220915	Depleted	0.001	0.003	0.002	0.004	0	0.002	0	0.002	0	0.002	0	0.011
ASV_217	-1.68	7.724	0.0297539932096333	0.0881434396220915	Depleted	0.009	0.014	0.012	0.016	0.007	0.007	0.004	0.012	0.012	0.011	0.027	0.007
ASV_26	1.87	13.172	0.0297892180204291	0.0881434396220915	Enriched	1.793	0.272	0.123	1.801	1.202	3.134	2.703	0.315	0.307	0.052	0.596	0.089
ASV_141	2.323	10.117	0.0307519706238536	0.0897625088480052	Enriched	0.224	0.036	0.004	0.261	0.227	0.374	0.252	0.084	0.005	0	0.091	0
ASV_109	-1.572	9.837	0.031846587021604	0.0917181706222194	Depleted	0.052	0.062	0.018	0.028	0.051	0.053	0.11	0.108	0.048	0.034	0.069	0.051
ASV_4	-1.848	10.761	0.0346190231819458	0.0983909079907934	Depleted	0.082	0.085	0.077	0.044	0.055	0.03	0.207	0.07	0.074	0.095	0.069	0.117
ASV_465	1.516	11.775	0.0359511848036661	0.100850076851843	Enriched	0.612	0.157	0.388	0.848	0.429	0.738	0.656	0.158	0.269	0.011	0.338	0.009
ASV_131	1.458	9.901	0.0393763725808274	0.109042262531522	Enriched	0.158	0.043	0.107	0.18	0.181	0.132	0.188	0.114	0.027	0	0.068	0.007
ASV_177	2.149	7.635	0.0404103704968994	0.110316755886023	Enriched	0.024	0.003	0.08	0.007	0.009	0.012	0.011	0.008	0.003	0.004	0.002	0
ASV_11	1.701	13.191	0.0408580577355642	0.110316755886023	Enriched	1.586	0.207	1.836	0.947	2.27	1.551	1.327	0.399	0.165	0.07	0.199	0.202
ASV_19	2.948	14.25	0.0433961094249126	0.115722958466434	Enriched	3.339	0.443	10.646	0.845	0.454	4.74	0.009	2.088	0.034	0.013	0.007	0.071
ASV_88	-1.708	12.161	0.0465221359618044	0.122546114240851	Depleted	0.238	0.209	0.286	0.208	0.282	0.202	0.213	0.189	0.142	0.262	0.154	0.299
ASV_167	1.409	10.592	0.0489247069658494	0.126070850707788	Enriched	0.267	0.054	0.151	0.48	0.2	0.453	0.052	0.058	0.115	0.022	0.068	0.009
ASV_67	2.233	12.799	0.0490275530530286	0.126070850707788	Enriched	1.445	0.238	0.011	1.91	2.952	0.963	1.391	0.158	0.081	0.004	0.94	0.009
ASV_49	1.43	11.122	0.0525677944656836	0.133584042406914	NotSig	0.377	0.11	0.226	0.36	0.381	0.464	0.457	0.197	0.202	0.005	0.143	0.002
ASV_97	1.522	13.284	0.0540854327193843	0.135842482178919	NotSig	1.594	0.401	2.52	0.9	1.737	1.658	1.158	0.692	0.43	0.063	0.744	0.076
ASV_153	1.676	10.082	0.0574868035250646	0.142725857027747	NotSig	0.199	0.025	0.012	0.288	0.328	0.339	0.03	0.012	0.05	0.011	0.033	0.018
ASV_1413	-1.791	10.122	0.0615588999693283	0.151099118106533	NotSig	0.059	0.162	0.025	0.12	0.077	0.06	0.015	0.209	0.297	0.002	0.302	0
ASV_86	-1.436	11.17	0.0632978839777019	0.153621830777344	NotSig	0.138	0.322	0.133	0.132	0.077	0.076	0.272	1.055	0.345	0.027	0.17	0.012
ASV_129	1.322	10.635	0.0673207564626531	0.161569815510367	NotSig	0.274	0.053	0.032	0.347	0.235	0.429	0.326	0.104	0.026	0.018	0.091	0.027
ASV_162	1.529	10.298	0.0688104780534275	0.163330365489454	NotSig	0.22	0.065	0.096	0.277	0.205	0.332	0.19	0.259	0.033	0.004	0.029	0
ASV_169	1.376	9.166	0.071042179045443	0.166310833128552	NotSig	0.083	0.025	0.142	0.081	0.06	0.063	0.069	0.082	0.015	0.007	0.018	0
ASV_34	-1.879	9.627	0.071606053152571	0.166310833128552	NotSig	0.035	0.029	0.068	0.021	0.044	0.03	0.011	0.008	0.019	0.014	0.013	0.092
ASV_30	1.491	12.931	0.0741251050939289	0.170330028726475	NotSig	1.357	0.168	0.648	0.561	1.748	2.405	1.424	0.225	0.123	0.101	0.214	0.177
ASV_165	-1.663	7.48	0.0763478346173921	0.173305323237035	NotSig	0.008	0.007	0.005	0.011	0.013	0.005	0.006	0.002	0.005	0.011	0.007	0.011
ASV_222	-1.668	7.248	0.0772765489830822	0.173305323237035	NotSig	0.006	0.006	0.007	0.005	0.004	0.007	0.007	0.006	0.005	0.009	0.002	0.009
ASV_122	-1.834	10.706	0.0778269275647797	0.173305323237035	NotSig	0.086	0.216	0.012	0.014	0.288	0.111	0.006	0.04	0.381	0.022	0.627	0.011
ASV_145	1.189	9.799	0.0805528880087893	0.177545140917331	NotSig	0.135	0.045	0.141	0.138	0.097	0.121	0.177	0.128	0.031	0.002	0.059	0.007
ASV_150	-1.375	11.019	0.0843952162446401	0.183765307021361	NotSig	0.129	0.092	0.123	0.116	0.108	0.128	0.172	0.092	0.07	0.111	0.06	0.126
ASV_106	1.191	11.12	0.0850765310284079	0.183765307021361	NotSig	0.358	0.085	0.181	0.303	0.348	0.43	0.526	0.231	0.096	0.011	0.038	0.05
ASV_31	-1.748	9.207	0.0893773697345849	0.191143681808617	NotSig	0.029	0.023	0.028	0.021	0.013	0.005	0.076	0.01	0.021	0.016	0.007	0.06
ASV_24	-1.521	10.026	0.0991756911945952	0.210019110765025	NotSig	0.059	0.041	0.064	0.039	0.079	0.063	0.05	0.028	0.034	0.022	0.013	0.106
ASV_10	1.701	12.73	0.105087328374885	0.22037730999005	NotSig	1.025	0.329	2.822	0.166	0.757	1.209	0.17	1.28	0.209	0.005	0.128	0.023
ASV_91	1.614	10.478	0.107066462845981	0.220432926247654	NotSig	0.196	0.047	0.69	0.127	0.101	0.058	0.006	0.09	0.027	0.023	0.091	0.004
ASV_377	1.105	10.786	0.107154894703721	0.220432926247654	NotSig	0.278	0.095	0.183	0.233	0.271	0.42	0.285	0.13	0.182	0.004	0.15	0.009
ASV_1027	-1.767	10.966	0.109727630605832	0.223595926517544	NotSig	0.089	0.309	0.233	0.021	0.103	0.083	0.006	0.716	0.01	0.016	0.797	0.004
ASV_54	1.018	11.273	0.111086660760042	0.223709940740229	NotSig	0.371	0.117	0.354	0.365	0.401	0.302	0.431	0.311	0.084	0.013	0.13	0.046
ASV_215	-1.537	6.38	0.112414456178068	0.223709940740229	NotSig	0.003	0.004	0.002	0	0.002	0.002	0.007	0.006	0.009	0	0.004	0.004
ASV_118	1.796	10.273	0.112890664540208	0.223709940740229	NotSig	0.166	0.038	0.699	0.071	0.033	0.026	0.002	0.084	0.027	0.018	0.06	0.002
ASV_171	1.623	9.593	0.122226516857052	0.24000843310112	NotSig	0.112	0.035	0.274	0.093	0.079	0.04	0.073	0.164	0.007	0.002	0	0.004
ASV_64	1.018	12.043	0.124384433611046	0.240118332769744	NotSig	0.631	0.192	0.649	0.529	0.81	0.502	0.664	0.283	0.158	0.043	0.415	0.058
ASV_157	-1.713	10.83	0.124505802176904	0.240118332769744	NotSig	0.077	0.228	0.295	0.012	0.005	0.065	0.006	0.05	0.552	0.022	0.505	0.012
ASV_82	-1.187	11.195	0.136221050621829	0.259843028237616	NotSig	0.157	0.128	0.167	0.069	0.3	0.135	0.116	0.142	0.05	0.049	0.227	0.175
ASV_193	-1.727	10.087	0.137139376014297	0.259843028237616	NotSig	0.044	0.133	0.183	0.004	0.005	0.025	0.002	0.024	0.297	0.007	0.325	0.014
ASV_90	1.019	10.573	0.146246933488171	0.274689892464738	NotSig	0.226	0.085	0.27	0.217	0.246	0.304	0.093	0.156	0.156	0.009	0.102	0.004
ASV_187	1.009	10.207	0.152380099097078	0.283742253491111	NotSig	0.187	0.064	0.08	0.18	0.126	0.43	0.119	0.164	0.036	0.004	0.106	0.012
ASV_85	-1.018	10.785	0.154395330801666	0.285037533787691	NotSig	0.135	0.217	0.078	0.092	0.158	0.188	0.158	0.471	0.269	0.018	0.324	0.005
ASV_125	-1.083	9.86	0.161458945297422	0.295551967663078	NotSig	0.063	0.048	0.1	0.044	0.037	0.1	0.034	0.048	0.034	0.054	0.068	0.035
ASV_205	0.945	9.736	0.17762812597849	0.322417438750873	NotSig	0.126	0.051	0.078	0.12	0.099	0.134	0.201	0.1	0.069	0.002	0.082	0.002
ASV_76	1.195	8.812	0.182080960963324	0.327745729733983	NotSig	0.067	0.011	0.03	0.078	0.172	0.049	0.004	0.014	0.009	0.014	0.016	0.004
ASV_113	0.994	11.098	0.18530869126751	0.330798986064315	NotSig	0.333	0.133	0.201	0.24	0.235	0.329	0.662	0.257	0.105	0.014	0.287	0.002
ASV_43	1.582	12.867	0.200919941659619	0.35544630299041	NotSig	1.197	0.333	2.021	1.901	0.013	0.016	2.034	0.993	0.6	0.049	0.007	0.016
ASV_81	1.008	11.559	0.202406922536206	0.35544630299041	NotSig	0.439	0.201	0.553	0.275	0.407	0.358	0.6	0.596	0.166	0.004	0.232	0.007
ASV_40	1.059	7.169	0.206382176223915	0.358774074561599	NotSig	0.015	0.004	0.016	0.014	0.015	0.016	0.015	0.01	0	0.002	0.004	0.004
ASV_41	1.3	10.281	0.207623885741666	0.358774074561599	NotSig	0.208	0.023	0.016	0.266	0.68	0.046	0.032	0.024	0.012	0.009	0.024	0.046
ASV_1365	-0.96	11.729	0.210682709801527	0.361170359659761	NotSig	0.24	0.389	0.418	0.062	0.165	0.17	0.384	0.756	0.367	0.058	0.744	0.021
ASV_48	-1.665	12.927	0.215701604901515	0.366862572115962	NotSig	0.384	1.271	0.829	0.079	0.57	0.441	0.002	3.364	0.009	0.022	2.959	0.004
ASV_28	1.159	12.903	0.227268312293923	0.383515276995996	NotSig	1.146	0.485	1.786	0.84	1.446	1.117	0.541	1.27	0.053	0.022	1.072	0.009
ASV_148	0.887	9.81	0.229951075991659	0.384429786222353	NotSig	0.121	0.048	0.206	0.109	0.093	0.137	0.06	0.034	0.034	0.005	0.157	0.007
ASV_68	0.86	11.701	0.231369778744935	0.384429786222353	NotSig	0.494	0.219	0.447	0.566	0.44	0.671	0.349	0.401	0.273	0.009	0.404	0.011
ASV_111	0.811	11.078	0.250281515725585	0.412677919058979	NotSig	0.289	0.113	0.539	0.307	0.315	0.2	0.084	0.146	0.25	0.018	0.126	0.025
ASV_114	-0.867	11.46	0.255540707418494	0.418157521230263	NotSig	0.224	0.362	0.219	0.238	0.26	0.146	0.257	0.927	0.328	0.011	0.536	0.009
ASV_23	0.8	12.383	0.270320366062617	0.436190034808259	NotSig	0.791	0.23	0.292	0.646	0.804	0.524	1.691	0.429	0.226	0.079	0.304	0.11
ASV_104	0.748	10.14	0.270599373445864	0.436190034808259	NotSig	0.158	0.044	0.073	0.127	0.191	0.086	0.311	0.078	0.048	0.02	0.046	0.027
ASV_99	-0.759	11.851	0.281528373763657	0.450445398021851	NotSig	0.329	0.403	0.164	0.45	0.304	0.467	0.259	1.434	0.262	0.072	0.207	0.041
ASV_52	-1.163	12.279	0.286370669298312	0.454824004179673	NotSig	0.406	0.698	0.02	1.741	0.07	0.083	0.119	2.363	0.9	0.027	0.183	0.018
ASV_13	-0.817	13.778	0.300889576713151	0.474395245036792	NotSig	1.222	0.986	0.582	1.39	1.173	1.818	1.147	1.46	0.904	0.608	1.617	0.342
ASV_231	-0.719	9.872	0.317787072455026	0.497405852538302	NotSig	0.077	0.096	0.085	0.097	0.035	0.037	0.131	0.16	0.204	0.011	0.099	0.005
ASV_110	-0.732	12.236	0.354991561489307	0.551641563177628	NotSig	0.432	0.235	0.149	0.205	0.546	0.777	0.485	0.291	0.159	0.252	0.298	0.174
ASV_105	-0.957	10.023	0.362343385198247	0.559044080020153	NotSig	0.063	0.063	0.246	0.019	0.024	0.007	0.017	0.04	0.13	0.077	0.064	0.004
ASV_15	0.909	13.034	0.399005672582442	0.611242732466719	NotSig	1.037	0.494	3.45	0.496	0.731	0.476	0.03	1.994	0.245	0.115	0.062	0.055
ASV_130	-0.633	11.546	0.403670345085758	0.614033764355801	NotSig	0.263	0.311	0.313	0.291	0.355	0.295	0.06	0.311	0.659	0.011	0.541	0.032
ASV_1658	0.482	10.779	0.419582985813806	0.629041728478552	NotSig	0.238	0.106	0.139	0.28	0.218	0.302	0.252	0.164	0.144	0.013	0.179	0.03
ASV_120	0.71	9.472	0.420902374821532	0.629041728478552	NotSig	0.096	0.02	0.021	0.042	0.064	0.032	0.319	0.028	0.022	0.013	0.015	0.025
ASV_38	-0.951	12.639	0.424387078705877	0.629041728478552	NotSig	0.483	0.879	0.596	0.153	0.889	0.771	0.007	2.255	0.007	0.025	2.096	0.012
ASV_78	-0.595	10.89	0.42518561276791	0.629041728478552	NotSig	0.171	0.211	0.171	0.093	0.156	0.343	0.093	0.425	0.276	0.014	0.335	0.005
ASV_16	0.721	13.437	0.435566185386426	0.630516859974697	NotSig	1.602	0.765	1.064	1.617	1.836	1.363	2.131	0.949	2.289	0.027	0.543	0.014
ASV_139	0.531	9.872	0.436861799166147	0.630516859974697	NotSig	0.124	0.066	0.082	0.093	0.158	0.126	0.162	0.132	0.103	0.002	0.088	0.005
ASV_1412	0.56	11.088	0.439051729056205	0.630516859974697	NotSig	0.277	0.12	0.438	0.22	0.337	0.251	0.136	0.261	0.024	0.022	0.243	0.048
ASV_196	-0.515	9.748	0.440485296429009	0.630516859974697	NotSig	0.076	0.074	0.107	0.093	0.082	0.067	0.03	0.086	0.091	0.007	0.168	0.018
ASV_1035	-0.888	10.149	0.443074430587562	0.630516859974697	NotSig	0.083	0.145	0.142	0.03	0.114	0.126	0.002	0.367	0	0.004	0.351	0.005
ASV_62	0.855	9.969	0.44919250906261	0.630516859974697	NotSig	0.164	0.019	0.03	0.732	0.026	0.021	0.009	0.008	0.015	0.04	0.013	0.019
ASV_21	0.756	12.156	0.449441267088519	0.630516859974697	NotSig	0.544	0.304	1.767	0.249	0.392	0.288	0.024	1.212	0.165	0.041	0.066	0.037
ASV_72	-0.589	11.476	0.451427282826004	0.630516859974697	NotSig	0.237	0.136	0.452	0.136	0.176	0.249	0.173	0.193	0.111	0.205	0.132	0.037
ASV_206	-0.972	10.807	0.45315609734396	0.630516859974697	NotSig	0.155	0.222	0.004	0.178	0.02	0.571	0.004	0.166	0.009	0.016	0.918	0
ASV_94	-0.474	9.715	0.456618673466535	0.630516859974697	NotSig	0.082	0.064	0.036	0.086	0.053	0.156	0.076	0.13	0.111	0.022	0.042	0.014
ASV_121	0.629	9.919	0.458292347296423	0.630516859974697	NotSig	0.13	0.03	0.041	0.067	0.073	0.072	0.397	0.058	0.019	0.018	0.018	0.035
ASV_300	0.49	11.289	0.463914848946889	0.634212704889418	NotSig	0.344	0.18	0.173	0.243	0.328	0.571	0.403	0.359	0.331	0.016	0.183	0.012
ASV_37	-0.619	12.109	0.47068392345738	0.634681465310208	NotSig	0.406	0.522	0.315	0.582	0.495	0.406	0.235	1.314	1.019	0.022	0.251	0.005
ASV_22	0.606	11.817	0.471680529926983	0.634681465310208	NotSig	0.498	0.108	0.183	0.215	0.255	0.341	1.497	0.158	0.11	0.067	0.069	0.136
ASV_137	0.804	10.295	0.474244221498619	0.634681465310208	NotSig	0.193	0.091	0.016	0.069	0.387	0.483	0.009	0.193	0.012	0	0.249	0.002
ASV_197	-0.481	10.318	0.476011098982656	0.634681465310208	NotSig	0.116	0.085	0.153	0.132	0.152	0.105	0.035	0.08	0.122	0.022	0.155	0.046
ASV_154	0.48	10.59	0.492809723683974	0.653048468194714	NotSig	0.212	0.089	0.032	0.243	0.161	0.172	0.451	0.106	0.173	0.014	0.126	0.025
ASV_93	-0.483	11.227	0.497399168404457	0.653340513317706	NotSig	0.217	0.126	0.267	0.148	0.361	0.134	0.175	0.197	0.187	0.054	0.075	0.119
ASV_156	-0.712	7.068	0.501723177426112	0.653340513317706	NotSig	0.008	0.005	0.018	0.002	0.005	0.009	0.004	0.012	0.002	0	0.002	0.011
ASV_256	0.605	10.102	0.502104283383052	0.653340513317706	NotSig	0.157	0.071	0.002	0.229	0.112	0.063	0.377	0.08	0.142	0.005	0.124	0.005
ASV_20	-0.601	12.579	0.508508133711832	0.657711119052429	NotSig	0.498	0.741	1.117	0.249	0.52	0.432	0.17	2.409	0.328	0.014	0.894	0.058
ASV_182	0.385	9.309	0.529930180513378	0.6813388035172	NotSig	0.076	0.034	0.077	0.049	0.071	0.081	0.101	0.062	0.048	0.013	0.038	0.009
ASV_143	0.559	10.137	0.535207243581888	0.684051861619455	NotSig	0.157	0.08	0.028	0.099	0.324	0.216	0.119	0.09	0.226	0.002	0.084	0
ASV_133	0.377	10.172	0.554225593793044	0.704192519172338	NotSig	0.138	0.061	0.214	0.145	0.137	0.13	0.063	0.098	0.084	0.023	0.08	0.019
ASV_46	-0.526	12.524	0.564249359486997	0.712736033036206	NotSig	0.579	0.61	0.406	0.288	0.35	1.825	0.026	1.053	1.058	0.067	0.839	0.032
ASV_123	-0.444	9.68	0.574468984704376	0.721426166838053	NotSig	0.082	0.082	0.021	0.101	0.066	0.141	0.082	0.108	0.182	0.005	0.113	0
ASV_127	-0.412	10.958	0.588803033867226	0.735152920897808	NotSig	0.192	0.223	0.183	0.212	0.183	0.174	0.209	0.52	0.197	0.004	0.386	0.007
ASV_155	0.391	9.134	0.607451713288042	0.754077988909293	NotSig	0.067	0.022	0.039	0.032	0.125	0.044	0.097	0.02	0.033	0.004	0.027	0.025
ASV_50	-0.375	10.623	0.614292285422776	0.758212192293255	NotSig	0.151	0.08	0.185	0.258	0.191	0.028	0.091	0.096	0.077	0.045	0.117	0.066
ASV_5	0.34	9.88	0.621791127610588	0.759405271986492	NotSig	0.115	0.053	0.094	0.065	0.126	0.111	0.177	0.094	0.079	0.031	0.06	0.002
ASV_32	-0.429	12.593	0.624231802122546	0.759405271986492	NotSig	0.528	0.284	1.281	0.27	0.434	0.267	0.388	0.578	0.177	0.257	0.165	0.243
ASV_223	0.331	9.72	0.625806196359239	0.759405271986492	NotSig	0.096	0.051	0.171	0.069	0.077	0.084	0.078	0.09	0.062	0.004	0.082	0.019
ASV_1450	-0.499	11.487	0.63747020555144	0.765880969130844	NotSig	0.282	0.267	0.085	0.268	0.839	0.206	0.013	0.004	1.013	0.018	0.278	0.021
ASV_102	-0.408	11.592	0.63823414094237	0.765880969130844	NotSig	0.321	0.331	0.011	0.259	0.225	0.432	0.679	0.56	0.304	0.016	0.763	0.012
ASV_1610	-0.429	10.678	0.662470304185513	0.788078692081269	NotSig	0.164	0.158	0.077	0.273	0.357	0.097	0.019	0.088	0.573	0.013	0.115	0
ASV_1046	-0.409	10.614	0.664029268327736	0.788078692081269	NotSig	0.155	0.146	0.009	0.085	0.055	0.067	0.561	0.106	0.448	0.009	0.159	0.011
ASV_98	0.365	8.533	0.677513383954444	0.797838998396613	NotSig	0.038	0.012	0.085	0.025	0.031	0.032	0.017	0.024	0.002	0.011	0.011	0.012
ASV_1446	0.48	9.82	0.679640628263781	0.797838998396613	NotSig	0.089	0.068	0.384	0.016	0.027	0.019	0	0.229	0.072	0.007	0.026	0.004
ASV_74	0.359	12.366	0.689803580102044	0.805392288119144	NotSig	0.719	0.425	0.208	0.951	1.682	0.631	0.121	0.383	0.693	0.014	1.02	0.014
ASV_96	0.33	11.44	0.698885114857916	0.807728195977669	NotSig	0.373	0.255	0.089	0.42	0.456	0.478	0.421	0.756	0.074	0.009	0.433	0.002
ASV_1253	-0.368	11.624	0.69928320670289	0.807728195977669	NotSig	0.308	0.33	0.146	0.076	0.044	0.109	1.167	0.624	0.412	0.031	0.58	0.004
ASV_158	0.364	10.215	0.704885542876965	0.809868496071407	NotSig	0.133	0.103	0.272	0.06	0.033	0.06	0.24	0.285	0.026	0.005	0.197	0
ASV_333	0.272	11.253	0.715503325431008	0.817718086206866	NotSig	0.299	0.105	0.327	0.293	0.414	0.394	0.069	0.116	0.062	0.025	0.214	0.106
ASV_59	0.306	11.998	0.721247692115479	0.819944744720755	NotSig	0.526	0.34	0.52	0.706	0.473	0.905	0.026	0.885	0.497	0.032	0.272	0.011
ASV_210	-0.232	10.348	0.737026409391579	0.833495834704613	NotSig	0.133	0.115	0.135	0.12	0.257	0.114	0.039	0.179	0.185	0.011	0.188	0.012
ASV_314	-0.23	9.802	0.757099364221511	0.851736784749199	NotSig	0.097	0.066	0.021	0.122	0.152	0.105	0.082	0.02	0.199	0.011	0.088	0.012
ASV_619	0.194	9.675	0.76387676218862	0.854908707941668	NotSig	0.089	0.049	0.158	0.078	0.077	0.07	0.062	0.094	0.058	0.018	0.066	0.011
ASV_138	-0.251	11.235	0.770545814715198	0.857927298858159	NotSig	0.259	0.246	0.16	0.238	0.214	0.494	0.188	0.271	0.376	0.009	0.574	0
ASV_2	0.318	14.08	0.787910781711713	0.872762712049898	NotSig	2.172	1.513	0.838	0.231	0.048	0.696	9.048	3.049	1.969	0.072	2.461	0.014
ASV_1497	0.195	10.203	0.807260787388841	0.884379380340597	NotSig	0.142	0.099	0.119	0.189	0.271	0.107	0.024	0.191	0.06	0.002	0.234	0.009
ASV_179	0.192	10.313	0.811056637648096	0.884379380340597	NotSig	0.164	0.095	0.011	0.138	0.198	0.327	0.149	0.062	0.223	0.011	0.174	0.005
ASV_9	0.287	14.089	0.813446474046231	0.884379380340597	NotSig	2.458	1.438	0.139	6.761	4.188	1.186	0.017	1.214	4.054	0.056	1.858	0.007
ASV_203	0.221	10.571	0.817703950149906	0.884379380340597	NotSig	0.205	0.085	0.091	0.871	0.018	0.032	0.015	0.08	0.211	0.031	0.08	0.025
ASV_144	0.201	10.41	0.818869796611663	0.884379380340597	NotSig	0.162	0.103	0.052	0.063	0.066	0.028	0.602	0.164	0.177	0.004	0.154	0.018
ASV_29	-0.226	12.991	0.828021806367945	0.889814478484956	NotSig	0.926	0.746	0.027	1.122	1.083	1.07	1.327	0.104	2.697	0.045	0.867	0.016
ASV_1	0.21	14.983	0.862713080677649	0.922505076368179	NotSig	4.46	2.736	0.253	12.107	7.558	2.349	0.034	2.076	7.587	0.101	3.88	0.035
ASV_87	0.159	10.476	0.874236942661102	0.930222559678808	NotSig	0.178	0.08	0.043	0.018	0.392	0.42	0.019	0.118	0.005	0.007	0.214	0.055
ASV_27	-0.15	13.348	0.879475372093441	0.931209217510702	NotSig	1.232	0.945	0.053	2.002	1.662	1.188	1.257	0.59	3.296	0.058	0.753	0.027
ASV_180	-0.11	8.729	0.890427962104454	0.938207023485668	NotSig	0.047	0.032	0	0.072	0.055	0.046	0.06	0.068	0.036	0.002	0.049	0.007
ASV_55	-0.094	12.305	0.905884807444156	0.949859798096785	NotSig	0.588	0.488	0.23	0.85	0.449	0.617	0.794	0.734	0.501	0.034	1.161	0.011
ASV_201	-0.063	12.463	0.942172706398619	0.978901443783136	NotSig	0.672	0.449	0.066	0.741	0.707	0.719	1.128	0.227	1.48	0.081	0.435	0.021
ASV_135	-0.069	12.118	0.944757444613466	0.978901443783136	NotSig	0.553	0.41	0.027	1.386	0.854	0.455	0.043	0.247	0.782	0.009	0.991	0.019
ASV_208	-0.057	10.188	0.947177785882757	0.978901443783136	NotSig	0.122	0.123	0.187	0.138	0.147	0.084	0.052	0.507	0.045	0.004	0.055	0.004
ASV_417	0.059	12.615	0.955227289098593	0.982199182437103	NotSig	0.812	0.542	0.087	2.101	1.391	0.471	0.011	0.459	1.488	0.032	0.717	0.014
ASV_35	-0.055	12.67	0.959463090251059	0.982199182437103	NotSig	0.766	0.533	0.231	0.598	2.186	0.794	0.019	0.02	1.939	0.031	0.627	0.05
ASV_164	0.048	7.963	0.966850210282892	0.985092667080682	NotSig	0.027	0.015	0.002	0.004	0.009	0.123	0	0.014	0.051	0.002	0.002	0.004
ASV_95	0.021	10.78	0.976650756726008	0.990406401186938	NotSig	0.209	0.167	0.084	0.194	0.209	0.307	0.252	0.52	0.117	0.009	0.181	0.009
ASV_128	0.009	9.352	0.989319230874694	0.998151266395504	NotSig	0.077	0.037	0.007	0.159	0.077	0.081	0.063	0.034	0.055	0.011	0.066	0.018
ASV_83	-0.004	10.94	0.994786394395301	0.998151266395504	NotSig	0.234	0.181	0.082	0.215	0.225	0.39	0.257	0.55	0.12	0.011	0.207	0.018
ASV_12	-0.002	13.726	0.998151266395504	0.998151266395504	NotSig	1.678	1.152	0.055	2.3	1.796	1.822	2.42	0.528	4.208	0.083	0.911	0.03
