bray_curtis	HD1	HD10	HD4	HD6	MD7	HD7	HD9	MD10	MD2	MD3	MD4	MD9	HD2	HD5	MD5	HD11	HD12	HD13	HD15	HD14	HD8	MD8	MD11	MD12	MD14	MD6	HD3	MD1	NC1	NC3	NC5	NC2	NC4	NC10	NC6	NC7	NC9	NC8	NC11	NC13	NC12	NC15	NC14	MD13	MD15
HD1	0	0.701	0.563	0.643	0.730	0.669	0.659	0.862	0.808	0.707	0.654	0.742	0.669	0.689	0.792	0.771	0.767	0.706	0.764	0.783	0.690	0.699	0.813	0.878	0.865	0.776	0.818	0.708	0.924	0.922	0.871	0.906	0.869	0.922	0.906	0.938	0.907	0.899	0.967	1.000	0.952	0.951	0.938	1.000	1.000
HD10	0.701	0	0.568	0.416	0.593	0.484	0.467	0.638	0.639	0.667	0.468	0.628	0.646	0.758	0.492	0.625	0.635	0.654	0.661	0.524	0.683	0.708	0.680	0.797	0.723	0.664	0.767	0.791	0.860	0.872	0.851	0.839	0.866	0.904	0.935	0.888	0.889	0.912	0.883	0.920	0.934	0.917	0.824	0.986	1.000
HD4	0.563	0.568	0	0.377	0.532	0.568	0.603	0.688	0.659	0.587	0.472	0.631	0.679	0.759	0.675	0.612	0.638	0.657	0.728	0.717	0.638	0.649	0.635	0.814	0.725	0.652	0.585	0.600	0.754	0.762	0.754	0.776	0.783	0.857	0.840	0.778	0.811	0.825	0.884	0.937	0.854	0.851	0.905	0.986	1.000
HD6	0.643	0.416	0.377	0	0.426	0.474	0.609	0.629	0.674	0.639	0.533	0.634	0.678	0.738	0.585	0.574	0.540	0.562	0.591	0.568	0.655	0.552	0.594	0.787	0.748	0.542	0.634	0.592	0.803	0.797	0.806	0.825	0.818	0.884	0.869	0.826	0.842	0.852	0.895	0.913	0.867	0.880	0.870	0.987	1.000
MD7	0.730	0.593	0.532	0.426	0	0.626	0.714	0.476	0.488	0.513	0.577	0.563	0.783	0.802	0.636	0.622	0.552	0.636	0.675	0.648	0.632	0.643	0.565	0.622	0.628	0.569	0.672	0.684	0.734	0.710	0.733	0.805	0.763	0.823	0.902	0.855	0.888	0.852	0.849	0.919	0.769	0.782	0.919	0.986	1.000
HD7	0.669	0.484	0.568	0.474	0.626	0	0.367	0.685	0.607	0.550	0.500	0.535	0.708	0.818	0.508	0.594	0.619	0.504	0.581	0.619	0.556	0.662	0.648	0.750	0.708	0.695	0.752	0.701	0.860	0.856	0.785	0.823	0.815	0.872	0.935	0.872	0.889	0.897	0.883	0.920	0.918	0.883	0.872	0.986	1.000
HD9	0.659	0.467	0.603	0.609	0.714	0.367	0	0.821	0.661	0.655	0.600	0.568	0.730	0.781	0.542	0.597	0.672	0.550	0.633	0.607	0.639	0.667	0.636	0.790	0.714	0.795	0.888	0.831	0.936	0.917	0.915	0.933	0.896	0.934	0.950	0.917	0.951	0.939	0.931	0.950	0.966	0.931	0.901	0.986	1.000
MD10	0.862	0.638	0.688	0.629	0.476	0.685	0.821	0	0.456	0.496	0.638	0.485	0.850	0.852	0.664	0.802	0.814	0.765	0.827	0.829	0.705	0.774	0.703	0.618	0.699	0.582	0.697	0.781	0.636	0.656	0.726	0.732	0.787	0.781	0.937	0.844	0.907	0.871	0.837	0.938	0.808	0.707	0.859	0.986	1.000
MD2	0.808	0.639	0.659	0.674	0.488	0.607	0.661	0.456	0	0.390	0.492	0.465	0.766	0.769	0.633	0.746	0.694	0.679	0.705	0.742	0.645	0.703	0.724	0.540	0.688	0.721	0.764	0.788	0.685	0.724	0.765	0.836	0.761	0.740	0.951	0.870	0.903	0.955	0.881	0.984	0.867	0.729	0.919	0.986	1.000
MD3	0.707	0.667	0.587	0.639	0.513	0.550	0.655	0.496	0.390	0	0.450	0.456	0.730	0.813	0.678	0.661	0.672	0.643	0.717	0.770	0.639	0.762	0.752	0.565	0.651	0.764	0.680	0.723	0.680	0.719	0.726	0.817	0.739	0.752	0.900	0.835	0.885	0.879	0.845	0.934	0.797	0.707	0.917	0.986	1.000
MD4	0.654	0.468	0.472	0.533	0.577	0.500	0.600	0.638	0.492	0.450	0	0.581	0.708	0.773	0.590	0.703	0.683	0.654	0.645	0.698	0.651	0.708	0.712	0.766	0.692	0.649	0.628	0.642	0.783	0.808	0.785	0.806	0.798	0.840	0.919	0.840	0.857	0.897	0.850	0.952	0.902	0.867	0.856	0.986	1.000
MD9	0.742	0.628	0.631	0.634	0.563	0.535	0.568	0.485	0.465	0.456	0.581	0	0.793	0.854	0.701	0.624	0.710	0.522	0.643	0.664	0.496	0.674	0.585	0.549	0.570	0.721	0.746	0.784	0.731	0.738	0.778	0.829	0.790	0.800	0.953	0.908	0.939	0.929	0.888	0.985	0.843	0.776	0.877	0.987	1.000
HD2	0.669	0.646	0.679	0.678	0.783	0.708	0.730	0.850	0.766	0.730	0.708	0.793	0	0.290	0.406	0.791	0.758	0.784	0.800	0.621	0.818	0.765	0.817	0.866	0.853	0.810	0.793	0.771	0.867	0.893	0.827	0.831	0.840	0.908	0.923	0.908	0.894	0.873	0.952	0.985	0.969	0.937	0.863	1.000	1.000
HD5	0.689	0.758	0.759	0.738	0.802	0.818	0.781	0.852	0.769	0.813	0.773	0.854	0.290	0	0.554	0.897	0.836	0.844	0.848	0.716	0.851	0.841	0.880	0.926	0.913	0.856	0.752	0.789	0.825	0.820	0.829	0.818	0.795	0.895	0.924	0.880	0.866	0.889	0.969	0.985	0.954	0.922	0.925	1.000	1.000
MD5	0.792	0.492	0.675	0.585	0.636	0.508	0.542	0.664	0.633	0.678	0.590	0.701	0.406	0.554	0	0.714	0.726	0.725	0.738	0.548	0.774	0.688	0.756	0.810	0.781	0.736	0.858	0.788	0.890	0.886	0.849	0.885	0.880	0.919	0.951	0.886	0.935	0.910	0.932	0.967	0.950	0.915	0.821	0.986	1.000
HD11	0.771	0.625	0.612	0.574	0.622	0.594	0.597	0.802	0.746	0.661	0.703	0.624	0.791	0.897	0.714	0	0.354	0.358	0.484	0.446	0.615	0.478	0.597	0.652	0.657	0.778	0.850	0.783	0.940	0.938	0.936	0.938	0.919	0.938	0.906	0.922	0.938	0.943	0.855	0.876	0.889	0.919	0.876	0.987	1.000
HD12	0.767	0.635	0.638	0.540	0.552	0.619	0.672	0.814	0.694	0.672	0.683	0.710	0.758	0.836	0.726	0.354	0	0.467	0.460	0.375	0.641	0.636	0.654	0.646	0.742	0.744	0.847	0.750	0.908	0.906	0.886	0.905	0.884	0.921	0.905	0.921	0.906	0.928	0.852	0.874	0.839	0.918	0.921	0.973	0.986
HD13	0.706	0.654	0.657	0.562	0.636	0.504	0.550	0.765	0.679	0.643	0.654	0.522	0.784	0.844	0.725	0.358	0.467	0	0.323	0.481	0.437	0.583	0.657	0.606	0.669	0.814	0.855	0.776	0.928	0.910	0.892	0.955	0.859	0.896	0.925	0.955	0.941	0.959	0.891	0.925	0.893	0.891	0.866	1.000	1.000
HD15	0.764	0.661	0.728	0.591	0.675	0.581	0.633	0.827	0.705	0.717	0.645	0.643	0.800	0.848	0.738	0.484	0.460	0.323	0	0.413	0.587	0.692	0.712	0.656	0.708	0.802	0.876	0.821	0.938	0.936	0.901	0.952	0.882	0.904	0.903	0.920	0.921	0.956	0.883	0.920	0.902	0.900	0.872	0.986	1.000
HD14	0.783	0.524	0.717	0.568	0.648	0.619	0.607	0.829	0.742	0.770	0.698	0.664	0.621	0.716	0.548	0.446	0.375	0.481	0.413	0	0.656	0.682	0.638	0.708	0.727	0.744	0.893	0.838	0.939	0.921	0.919	0.952	0.884	0.953	0.905	0.937	0.922	0.957	0.902	0.890	0.887	0.934	0.843	0.973	0.986
HD8	0.690	0.683	0.638	0.655	0.632	0.556	0.639	0.705	0.645	0.639	0.651	0.496	0.818	0.851	0.774	0.615	0.641	0.437	0.587	0.656	0	0.667	0.622	0.754	0.652	0.744	0.771	0.706	0.817	0.795	0.756	0.873	0.736	0.795	0.921	0.890	0.891	0.957	0.869	0.921	0.823	0.852	0.874	0.986	1.000
MD8	0.699	0.708	0.649	0.552	0.643	0.662	0.667	0.774	0.703	0.762	0.708	0.674	0.765	0.841	0.688	0.478	0.636	0.583	0.692	0.682	0.667	0	0.679	0.821	0.838	0.664	0.867	0.714	0.911	0.924	0.937	0.938	0.888	0.939	0.923	0.924	0.939	0.930	0.968	0.969	0.938	0.952	0.908	1.000	1.000
MD11	0.813	0.680	0.635	0.594	0.565	0.648	0.636	0.703	0.724	0.752	0.712	0.585	0.817	0.880	0.756	0.597	0.654	0.657	0.712	0.638	0.622	0.679	0	0.752	0.511	0.636	0.738	0.719	0.846	0.873	0.869	0.904	0.850	0.889	0.904	0.889	0.906	0.898	0.818	0.873	0.837	0.851	0.873	0.986	1.000
MD12	0.878	0.797	0.814	0.787	0.622	0.750	0.790	0.618	0.540	0.565	0.766	0.549	0.866	0.926	0.810	0.652	0.646	0.606	0.656	0.708	0.754	0.821	0.752	0	0.507	0.881	0.895	0.942	0.774	0.783	0.872	0.906	0.821	0.798	1.000	0.953	0.954	0.986	0.855	0.922	0.810	0.790	0.845	0.973	0.986
MD14	0.865	0.723	0.725	0.748	0.628	0.708	0.714	0.699	0.688	0.651	0.692	0.570	0.853	0.913	0.781	0.657	0.742	0.669	0.708	0.727	0.652	0.838	0.511	0.507	0	0.825	0.807	0.886	0.807	0.786	0.827	0.892	0.792	0.832	0.954	0.908	0.939	0.972	0.810	0.908	0.859	0.825	0.832	0.974	0.986
MD6	0.776	0.664	0.652	0.542	0.569	0.695	0.795	0.582	0.721	0.764	0.649	0.721	0.810	0.856	0.736	0.778	0.744	0.814	0.802	0.744	0.744	0.664	0.636	0.881	0.825	0	0.647	0.631	0.794	0.773	0.844	0.817	0.857	0.924	0.893	0.848	0.865	0.874	0.937	0.939	0.907	0.906	0.909	0.987	1.000
HD3	0.818	0.767	0.585	0.634	0.672	0.752	0.888	0.697	0.764	0.680	0.628	0.746	0.793	0.752	0.858	0.850	0.847	0.855	0.876	0.893	0.771	0.867	0.738	0.895	0.807	0.647	0	0.453	0.597	0.615	0.698	0.705	0.726	0.815	0.876	0.769	0.802	0.816	0.888	0.923	0.795	0.824	0.938	0.987	1.000
MD1	0.708	0.791	0.600	0.592	0.684	0.701	0.831	0.781	0.788	0.723	0.642	0.784	0.771	0.789	0.788	0.783	0.750	0.776	0.821	0.838	0.706	0.714	0.719	0.942	0.886	0.631	0.453	0	0.755	0.778	0.802	0.806	0.798	0.896	0.866	0.837	0.809	0.795	0.923	0.926	0.848	0.908	0.941	0.987	1.000
NC1	0.924	0.860	0.754	0.803	0.734	0.860	0.936	0.636	0.685	0.680	0.783	0.731	0.867	0.825	0.890	0.940	0.908	0.928	0.938	0.939	0.817	0.911	0.846	0.774	0.807	0.794	0.597	0.755	0	0.308	0.413	0.442	0.500	0.677	0.829	0.708	0.725	0.702	0.792	0.831	0.701	0.648	0.877	0.960	1.000
NC3	0.922	0.872	0.762	0.797	0.710	0.856	0.917	0.656	0.724	0.719	0.808	0.738	0.893	0.820	0.886	0.938	0.906	0.910	0.936	0.921	0.795	0.924	0.873	0.783	0.786	0.773	0.615	0.778	0.308	0	0.541	0.504	0.517	0.651	0.760	0.714	0.717	0.723	0.802	0.841	0.642	0.653	0.873	0.973	1.000
NC5	0.871	0.851	0.754	0.806	0.733	0.785	0.915	0.726	0.765	0.726	0.785	0.778	0.827	0.829	0.849	0.936	0.886	0.892	0.901	0.919	0.756	0.937	0.869	0.872	0.827	0.844	0.698	0.802	0.413	0.541	0	0.438	0.448	0.689	0.769	0.689	0.707	0.639	0.778	0.803	0.697	0.692	0.885	0.958	1.000
NC2	0.906	0.839	0.776	0.825	0.805	0.823	0.933	0.732	0.836	0.817	0.806	0.829	0.831	0.818	0.885	0.938	0.905	0.955	0.952	0.952	0.873	0.938	0.904	0.906	0.892	0.817	0.705	0.806	0.442	0.504	0.438	0	0.630	0.808	0.839	0.744	0.810	0.618	0.833	0.824	0.803	0.817	0.888	0.959	1.000
NC4	0.869	0.866	0.783	0.818	0.763	0.815	0.896	0.787	0.761	0.739	0.798	0.790	0.840	0.795	0.880	0.919	0.884	0.859	0.882	0.884	0.736	0.888	0.850	0.821	0.792	0.857	0.726	0.798	0.500	0.517	0.448	0.630	0	0.483	0.697	0.617	0.587	0.771	0.774	0.800	0.658	0.652	0.817	0.986	1.000
NC10	0.922	0.904	0.857	0.884	0.823	0.872	0.934	0.781	0.740	0.752	0.840	0.800	0.908	0.895	0.919	0.938	0.921	0.896	0.904	0.953	0.795	0.939	0.889	0.798	0.832	0.924	0.815	0.896	0.677	0.651	0.689	0.808	0.483	0	0.520	0.413	0.465	0.679	0.785	0.841	0.691	0.603	0.794	0.986	1.000
NC6	0.906	0.935	0.840	0.869	0.902	0.935	0.950	0.937	0.951	0.900	0.919	0.953	0.923	0.924	0.951	0.906	0.905	0.925	0.903	0.905	0.921	0.923	0.904	1.000	0.954	0.893	0.876	0.866	0.829	0.760	0.769	0.839	0.697	0.520	0	0.344	0.476	0.500	0.767	0.744	0.738	0.683	0.872	1.000	1.000
NC7	0.938	0.888	0.778	0.826	0.855	0.872	0.917	0.844	0.870	0.835	0.840	0.908	0.908	0.880	0.886	0.922	0.921	0.955	0.920	0.937	0.890	0.924	0.889	0.953	0.908	0.848	0.769	0.837	0.708	0.714	0.689	0.744	0.617	0.413	0.344	0	0.480	0.533	0.769	0.762	0.740	0.686	0.825	0.959	1.000
NC9	0.907	0.889	0.811	0.842	0.888	0.889	0.951	0.907	0.903	0.885	0.857	0.939	0.894	0.866	0.935	0.938	0.906	0.941	0.921	0.922	0.891	0.939	0.906	0.954	0.939	0.865	0.802	0.809	0.725	0.717	0.707	0.810	0.587	0.465	0.476	0.480	0	0.565	0.770	0.717	0.710	0.721	0.780	0.986	1.000
NC8	0.899	0.912	0.825	0.852	0.852	0.897	0.939	0.871	0.955	0.879	0.897	0.929	0.873	0.889	0.910	0.943	0.928	0.959	0.956	0.957	0.957	0.930	0.898	0.986	0.972	0.874	0.816	0.795	0.702	0.723	0.639	0.618	0.771	0.679	0.500	0.533	0.565	0	0.652	0.679	0.761	0.758	0.883	0.975	1.000
NC11	0.967	0.883	0.884	0.895	0.849	0.883	0.931	0.837	0.881	0.845	0.850	0.888	0.952	0.969	0.932	0.855	0.852	0.891	0.883	0.902	0.869	0.968	0.818	0.855	0.810	0.937	0.888	0.923	0.792	0.802	0.778	0.833	0.774	0.785	0.767	0.769	0.770	0.652	0	0.455	0.525	0.552	0.653	0.972	1.000
NC13	1.000	0.920	0.937	0.913	0.919	0.920	0.950	0.938	0.984	0.934	0.952	0.985	0.985	0.985	0.967	0.876	0.874	0.925	0.920	0.890	0.921	0.969	0.873	0.922	0.908	0.939	0.923	0.926	0.831	0.841	0.803	0.824	0.800	0.841	0.744	0.762	0.717	0.679	0.455	0	0.545	0.620	0.635	0.973	1.000
NC12	0.952	0.934	0.854	0.867	0.769	0.918	0.966	0.808	0.867	0.797	0.902	0.843	0.969	0.954	0.950	0.889	0.839	0.893	0.902	0.887	0.823	0.938	0.837	0.810	0.859	0.907	0.795	0.848	0.701	0.642	0.697	0.803	0.658	0.691	0.738	0.740	0.710	0.761	0.525	0.545	0	0.373	0.610	0.972	1.000
NC15	0.951	0.917	0.851	0.880	0.782	0.883	0.931	0.707	0.729	0.707	0.867	0.776	0.937	0.922	0.915	0.919	0.918	0.891	0.900	0.934	0.852	0.952	0.851	0.790	0.825	0.906	0.824	0.908	0.648	0.653	0.692	0.817	0.652	0.603	0.683	0.686	0.721	0.758	0.552	0.620	0.373	0	0.669	0.986	1.000
NC14	0.938	0.824	0.905	0.870	0.919	0.872	0.901	0.859	0.919	0.917	0.856	0.877	0.863	0.925	0.821	0.876	0.921	0.866	0.872	0.843	0.874	0.908	0.873	0.845	0.832	0.909	0.938	0.941	0.877	0.873	0.885	0.888	0.817	0.794	0.872	0.825	0.780	0.883	0.653	0.635	0.610	0.669	0	0.986	1.000
MD13	1.000	0.986	0.986	0.987	0.986	0.986	0.986	0.986	0.986	0.986	0.986	0.987	1.000	1.000	0.986	0.987	0.973	1.000	0.986	0.973	0.986	1.000	0.986	0.973	0.974	0.987	0.987	0.987	0.960	0.973	0.958	0.959	0.986	0.986	1.000	0.959	0.986	0.975	0.972	0.973	0.972	0.986	0.986	0	0.366
MD15	1.000	1.000	1.000	1.000	1.000	1.000	1.000	1.000	1.000	1.000	1.000	1.000	1.000	1.000	1.000	1.000	0.986	1.000	1.000	0.986	1.000	1.000	1.000	0.986	0.986	1.000	1.000	1.000	1.000	1.000	1.000	1.000	1.000	1.000	1.000	1.000	1.000	1.000	1.000	1.000	1.000	1.000	1.000	0.366	0
