Order	H60	H61	H62	H63	H64	H66	H67	H68	H79	H94	H95	H96	N12	N13	N15	N16	N17	N51	N52	N53	N86	N87	N88	N90
Bacteria|Actinobacteria|Actinobacteria|Bifidobacteriales	0.217160391832881	0.551737974620053	0.21237123468242	0.0869565217391304	0.533333333333333	0.469048123807505	0.098950162905756	0.412644787644788	0.197688564476886	0.24879911319128	1.54406713854792	0.449575275619013	0.0645116697002511	0.0685806176985291	0.360054821250203	1.69299914522844	0.232164770654373	0.0914158305462653	0.77864605215248	1.56554977228367	0.0677099006921456	0.069748686763007	0.121976011384428	0.114681758121214
Bacteria|Actinobacteria|Actinobacteria|Micrococcales	0.0259648294582792	0.0476500978080955	0.0439388761411903	0.0460358056265985	0.0573208722741433	0.0741997032011872	0.0265476046820321	0.0361969111969112	0.0202757502027575	0.0123167877817465	0.0328524923095302	0.0158142056750407	0.046079764071608	0.0354727332923426	0.167251271806546	0.173711638679792	0.0895492686809724	0.0312151616499443	0.117637173346778	0.187052700065062	0.0300932891965092	0.0610301009176312	0.0609880056922139	0.019944653586298
Bacteria|Actinobacteria|Actinobacteria|Unassigned	0.056650536999882	0.0200631990770928	0.21481228335693	0.0127877237851662	0.00747663551401869	0.116599533601866	0.00241341860745746	0.028957528957529	0.0177412814274128	0.0221702180071437	0.00597318041991458	0.454093620097596	0.011519941017902	0.0567563732677482	0.28339798833887	0.0248159483828274	0.0331663958077676	0.00222965440356745	0.0504159314343333	0.0894599869876383	0.0025077740997091	0.00653893938403191	0.00225881502563755	0.0274238986811598
Bacteria|Actinobacteria|Coriobacteriia|Coriobacteriales	0.00236043904166175	0.00752369965390982	0.0244104867451057	0	0.0996884735202492	0.0211999152003392	0.00241341860745746	0.0506756756756757	0.0202757502027575	0.0024633575563493	0.164262461547651	0.0112958611964576	0.0023039882035804	0.00236484888615617	0.044135752282283	0.126837069512229	0.0298497562269908	0	0.0252079657171666	0.0731945348080677	0.0025077740997091	0.00435929292268794	0.0225881502563755	0
Bacteria|Actinobacteria|Coriobacteriia|Eggerthellales	0.037767024666588	0.0326026985002759	0.0317336327686374	0.00767263427109974	0.0373831775700935	0.0079499682001272	0.036201279111862	0.0434362934362934	0.0126723438767234	0.00985343022539722	0.020906131469701	0.0542201337429966	0.0668156579038315	0.0993236532185593	0.223001695742061	0.231615518239722	0.0862326291001957	0.0379041248606466	0.173654874940481	0.195185426154847	0.0526632560938911	0.0370539898428475	0.065505635743489	0.149584901897235
Bacteria|Bacteroidetes|Bacteroidia|Bacteroidales	3.87820134545025	10.8466670010533	12.0856319875018	8.59590792838875	6.93582554517134	10.7854568581726	9.31338240617835	6.04971042471042	8.92386455798865	6.9195713757852	13.2992862049398	6.77525754563528	8.46024468354722	7.27900487158871	5.42405166205951	3.39427027325116	11.7375874763689	3.03010033444816	5.34128784695964	9.60474951203643	5.36914434747718	2.23195797641623	5.14558062840234	7.15015831068784
Bacteria|Bacteroidetes|Flavobacteriia|Flavobacteriales	0.22896258704119	0.0677132968851883	0.187960747937314	0.721227621483376	0.102180685358255	0.0291498834004664	0.272716302642693	0.041023166023166	0.0253446877534469	0.118241162704767	0.0836245258788042	0.0429242725465389	0.472317581733982	0.312160052972615	0.290366791330809	0.281247415005377	0.583728566216709	0.0423634336677815	0.092429207629611	0.524560832791152	0.308456214264219	0.0675690403016631	0.140046531589528	0.241828924733864
Bacteria|Candidatus_Saccharibacteria|Unassigned|Unassigned	0	0	0.00488209734902114	0	0.00498442367601246	0.026499894000424	0.0530952093640642	0.0555019305019305	0	0	0	0.00225917223929152	0.251134714190263	0.156080026486308	0.220678761411415	0.763779744671464	0.198998374846605	0.272017837235229	0.484553118785536	0.418835393623943	0.100310963988364	0.0675690403016631	0.126493641435703	0.206925780957842
Bacteria|Deferribacteres|Deferribacteres|Deferribacterales	0.571226248082143	0.112855494808647	0.0268515354196163	0.051150895140665	0.478504672897196	0.0821496714013144	0.0530952093640642	1.57818532818533	0.164740470397405	0.0615839389087326	0.071678165038975	0.00677751671787457	0.0184319056286432	0.0094593955446247	0.00696880299193942	0.0165439655885516	0.149248781134954	0.0557413600891862	0.00560177015937036	0	0	0.0305150504588156	0.275575433127781	0.221884271147566
Bacteria|Firmicutes|Bacilli|Bacillales	0.0424879027499115	0.0501579976927321	0.0585851681882537	0.020460358056266	0.0498442367601246	0.0609497562009752	0.195486907204055	0.1496138996139	0.134326845093268	0.118241162704767	0.20906131469701	0.112958611964576	0.00921595281432159	0.014189093316937	0.00696880299193942	0.176468966277883	0.192365095685052	0.11371237458194	0.145646024143629	0.166720884840599	0.137927575484	0.102443383683167	0.180705202051004	0.164543392086959
Bacteria|Firmicutes|Bacilli|Lactobacillales	0.925292104331406	2.20444399859558	1.01303519992189	0.534526854219949	1.15638629283489	1.25874496502014	0.890551466151804	1.1534749034749	1.74624898621249	1.44352752802069	1.38876444763014	0.847189589734321	0.652028661613253	0.780400132431538	2.53664428906595	2.32994182038768	1.97008391098139	0.889632107023411	0.742234546116573	2.28122966818478	0.712207844317384	0.579785958717496	1.17458381333153	0.777841489865623
Bacteria|Firmicutes|Clostridia|Clostridiales	88.0679806443999	63.3620905853438	50.8250744519846	82.6624040920716	74.7563862928349	71.8385626457494	79.4425003016773	80.5260617760618	73.279095701541	82.4855277743565	63.0200400203088	69.2210374118923	64.0969518236067	62.9641015939081	69.7925619642733	68.417569691455	65.815395840934	86.5663322185061	68.7169145449962	61.1499674690956	82.1346173136724	89.5376969855489	83.3841566714102	69.1456209019969
Bacteria|Firmicutes|Erysipelotrichia|Erysipelotrichales	0.632597663165349	12.7927973115313	5.43621539813504	0.281329923273657	9.43052959501558	7.81216875132499	2.95402437552794	3.42664092664093	9.97313463098135	3.09890380588742	13.705462473494	5.26613048978854	1.15660207819736	1.08546563874568	0.919881994936003	2.79593018446522	0.696494311963119	0.129319955406912	0.834663753746184	1.28497072218608	1.03571070317986	0.765055907931734	1.83189898579205	1.08449053875496
Bacteria|Firmicutes|Negativicutes|Selenomonadales	0	0	0	0	0.0274143302180685	0.0238499046003816	0.0458549535416918	0.0313706563706564	0	0.0024633575563493	0.0537586237792312	0.0813302006144948	0.011519941017902	0.00236484888615617	0.0255522776371112	0.0248159483828274	0.00994991874233027	0.020066889632107	0.0196061955577963	0.069128171763175	0.0100310963988364	0.00653893938403191	0.0180705202051004	0.00249308169828725
Bacteria|Firmicutes|Negativicutes|Veillonellales	0.009441756166647	0.0175552991924562	0	0.0690537084398977	0	0.0158999364002544	0	0.00482625482625483	0.00760340632603406	0.0024633575563493	0.00597318041991458	0.0542201337429966	0.156671197843467	0.0425672799508111	0.0603962925968083	0.0358452587751951	0.0397996749693211	0.0267558528428094	0.030809735876537	0.0325309043591412	0.050155481994182	0.0217964646134397	0.0429174854871135	0.00498616339657451
Bacteria|Proteobacteria|Alphaproteobacteria|Rhodospirillales	0.0330461465832645	0.00250789988463661	0.0195283893960846	0	0.00249221183800623	0.0079499682001272	0.0579220465789791	0.142374517374517	0.0228102189781022	0	0.0119463608398292	0.00677751671787457	0.0023039882035804	0	0.00929173732258589	0.077205172746574	0.169148618619615	0.020066889632107	0	0.0203318152244632	0	0	0.0045176300512751	0.0722993692503303
Bacteria|Proteobacteria|Betaproteobacteria|Burkholderiales	0.00708131712498525	0.0401263981541857	0.0195283893960846	0.0179028132992327	0.00249221183800623	0	0.0144805116447448	0	0.0101378751013788	0.0123167877817465	0.0238927216796583	0.0564793059822881	0.453885676105338	0.683441328099134	0.0766568329113336	3.0054870819202	0.0795993499386422	0.020066889632107	0.310898243845055	0.374105400130124	0.132912027284582	0.132958434141982	0.368186849178921	0.249308169828725
Bacteria|Proteobacteria|Deltaproteobacteria|Bdellovibrionales	0	0	0	0	0.00249221183800623	0	0	0	0	0	0	0	0.0023039882035804	0.0165539422030932	0.0511045552742224	0.215071552651171	0.0364830353885443	0.0222965440356745	0.0784247822311851	0.0487963565387118	0.0025077740997091	0.0174371716907518	0.0429174854871135	0.0174515718880108
Bacteria|Proteobacteria|Deltaproteobacteria|Desulfovibrionales	1.00082615366458	0.403771881426493	0.319777376360885	0.964194373401535	1.03177570093458	0.360398558405766	0.463376372631833	0.69015444015444	0.755271695052717	0.63554624953812	0.346444464355046	0.431501897704681	0.138239292214824	0.113512746535496	3.39148412274385	6.33082416521907	9.49553911976385	2.49721293199554	14.0604431000196	6.08734547820429	0.155481994181964	0.161293838139454	0.20329335230738	0.179501882276682
Bacteria|Proteobacteria|Gammaproteobacteria|Enterobacterales	0.24312522129116	0.416311380849677	0.454035053458966	0.352941176470588	0.286604361370717	0.52999788000848	0.270302884035236	0.704633204633205	0.28132603406326	0.32023648232541	0.492787384642953	0.377281763961684	0.214270902932977	0.32161944851724	0.250876907709819	0.173711638679792	0.524029053762728	0.136008918617614	0.2268716914545	0.317176317501627	0.145450897783128	0.100263737221823	0.167152311897179	0.28171823190646
Bacteria|Verrucomicrobia|Verrucomicrobiae|Verrucomicrobiales	0.125103269208073	5.20890806039023	24.469071913294	0.135549872122762	0.166978193146417	0.079499682001272	0.108603837335586	0.132722007722008	0.641220600162206	0.14041138071191	0.734701191649494	11.9984637628773	18.5240651567864	19.5170978574469	8.94562010731957	2.38233104475143	0.421213226758648	0.0869565217391304	1.03632747948352	7.9090761223162	4.52402447587521	0.353102726737723	0.78380881389623	11.9618059883822
