Species	H60	H61	H62	H63	H64	H66	H67	H68	H79	H94	H95	H96	L36	L37	L38	L39	L70	L73	L76	L77	L91	L92	L93
Bacteria|Actinobacteria|Actinobacteria|Bifidobacteriales|Bifidobacteriaceae|Bifidobacterium|Unassigned	0.217160391832881	0.551737974620053	0.21237123468242	0.0869565217391304	0.533333333333333	0.469048123807505	0.098950162905756	0.412644787644788	0.197688564476886	0.24879911319128	1.54406713854792	0.449575275619013	0.152897137132915	0.207662992629105	0.0672416991281766	0.182721139430285	0.105572732071488	0.415632235208792	0.125292147555598	0.316690992206648	0.0485942381117667	0.329911120959204	0.490978274211366
Bacteria|Actinobacteria|Actinobacteria|Micrococcales|Micrococcaceae|Rothia|Unassigned	0.018883512333294	0.0476500978080955	0.0439388761411903	0.0434782608695652	0.0498442367601246	0.0476998092007632	0.0241341860745746	0.0144787644787645	0.0202757502027575	0.0123167877817465	0.0238927216796583	0.0158142056750407	0.0158169452206464	0.0136920654480728	0.0231867928028195	0.0257683658170915	0.0326772742126034	0.0334737370637954	0.0289135725128304	0.0385536860077658	0.0161980793705889	0.0246202329074033	0.0417331533079661
Bacteria|Actinobacteria|Actinobacteria|Micrococcales|Unassigned|Unassigned|Unassigned	0.00708131712498525	0	0	0.00255754475703325	0.00747663551401869	0.026499894000424	0.00241341860745746	0.0217181467181467	0	0	0.00895977062987187	0	0.0421785205883904	0.0616142945163278	0.0278241513633834	0.0140554722638681	0.0226227283010331	0.0167368685318977	0.0530082162735224	0.0413075207226062	0.0300821474025223	0.0393923726518453	0.0564625015343071
Bacteria|Actinobacteria|Actinobacteria|Unassigned|Unassigned|Unassigned|Unassigned	0.056650536999882	0.0200631990770928	0.21481228335693	0.0127877237851662	0.00747663551401869	0.116599533601866	0.00241341860745746	0.028957528957529	0.0177412814274128	0.0221702180071437	0.00597318041991458	0.454093620097596	0.195075657721305	0.0273841308961457	0.104340567612688	0.0117128935532234	0.497700022622728	0.0976317331027365	0.0192757150085536	0.118414892738138	0.0809903968529446	0.0960189083388729	0.0196391309684546
Bacteria|Actinobacteria|Coriobacteriia|Coriobacteriales|Atopobiaceae|Olsenella|Unassigned	0.00236043904166175	0.00752369965390982	0.0244104867451057	0	0.0996884735202492	0.0211999152003392	0.00241341860745746	0.0506756756756757	0.0202757502027575	0.0024633575563493	0.164262461547651	0.0112958611964576	0.0606316233458111	0.0867164145044613	0.111296605453534	0.426349325337331	0.00502727295578513	0.00278947808864961	0.0024094643760692	0.00275383471484042	0.0462802267731112	0	0.00490978274211366
Bacteria|Bacteroidetes|Bacteroidia|Bacteroidales|Bacteroidaceae|Bacteroides|Unassigned	0.689248200165231	2.54802628279079	3.2099790069814	2.82864450127877	1.34828660436137	1.81524273902904	0.765053698564016	0.856660231660232	0.704582319545823	1.11097425791354	2.58340053161306	0.781673594794867	2.70733379026731	0.666347185139545	0.40345019476906	0.236600449775112	0.527863660357439	2.70300426790148	0.778256993470351	2.6849888469694	0.962628716880713	0.615505822685083	0.709463606235424
Bacteria|Bacteroidetes|Bacteroidia|Bacteroidales|Bacteroidaceae|Phocaeicola|Unassigned	0.0141626342499705	0.107839695039374	0.017087340721574	0.281329923273657	0.032398753894081	0.124549501801993	0.00965367442982985	0.0168918918918919	0.00506893755068938	0.0591205813523833	0.0657049846190604	0.00225917223929152	0.139716349449043	0.00228201090801214	0.00927471712112781	0.00234257871064468	0.0251363647789257	0.103210689280036	0.012047321880346	0.162476248175584	0.0416522040958001	0.00738606987222099	0.00245489137105683
Bacteria|Bacteroidetes|Bacteroidia|Bacteroidales|Barnesiellaceae|Barnesiella|Unassigned	0.169951610999646	0.42885088027286	0.495532880925646	0.324808184143222	0.520872274143302	0.908946364214543	0.359599372511162	0.27027027027027	0.32441200324412	0.416307427023032	0.519666696532569	0.323061630218688	0.775030315811673	0.134638643572716	0.234186607308477	0.126499250374813	0.38207274463967	1.01537002426846	0.385514300171072	0.66367416627654	0.168922827721856	0.561341310288795	0.567079906714128
Bacteria|Bacteroidetes|Bacteroidia|Bacteroidales|Muribaculaceae|Duncaniella|Unassigned	1.39265903458043	3.1449064553343	2.64853781184397	1.73145780051151	2.09345794392523	3.34163663345347	3.33534451550621	1.89430501930502	1.29257907542579	2.01502648109373	3.39575306872144	1.56108801735044	3.54563188696156	2.22724264621985	2.41374513077351	1.24859445277361	2.06620918482769	5.14100811738124	2.56367009613763	5.73348387629774	2.06409811408076	4.39471157397149	5.54559960721738
Bacteria|Bacteroidetes|Bacteroidia|Bacteroidales|Muribaculaceae|Muribaculum|Unassigned	0.424879027499115	0.739830465967799	0.776253478494361	0.473145780051151	0.570716510903427	1.18454526181895	0.591287558827079	0.405405405405405	0.519566098945661	0.564108880403991	1.31409969238121	0.544460509669257	0.8752043022091	0.933342461376965	0.588944537191616	0.501311844077961	0.608300027650001	1.0627911517755	0.609594487145508	1.44851706000606	0.946430637510124	1.09560036437945	1.29127286117589
Bacteria|Bacteroidetes|Bacteroidia|Bacteroidales|Muribaculaceae|Paramuribaculum|Unassigned	0.457925174082379	1.17369714600993	1.4328955719377	0.820971867007673	1.0417445482866	1.52639389442442	1.67249909496802	0.875965250965251	0.557583130575831	0.844931641827811	1.89947137353284	1.61530815109344	1.23108556967364	1.0154948540654	1.18484511222408	1.22282608695652	0.671140939597315	2.03352952662557	1.57097077319712	2.94109547544956	0.976512784912646	2.45463722086811	2.68565115993617
Bacteria|Bacteroidetes|Bacteroidia|Bacteroidales|Muribaculaceae|Unassigned|Unassigned	0.0684527322081907	0.11787129457792	0.0952008983059122	0.104859335038363	0.0797507788161994	0.137799448802205	0.296850488717268	0.0844594594594595	0.0278791565287916	0.0665106540214312	0.307618791625601	0.248508946322068	0.118627089154848	0.125510599940668	0.108977926173252	0.260026236881559	0.0377045471683885	0.167368685318977	0.175890899453052	0.421336711370584	0.106444521578156	0.354531353866608	0.314226095495274
Bacteria|Bacteroidetes|Bacteroidia|Bacteroidales|Odoribacteraceae|Butyricimonas|Unassigned	0.0165230732916322	0.0100315995385464	0.017087340721574	0.0127877237851662	0.0149532710280374	0.12189951240195	0.0748159768311814	0.0265444015444015	0.0253446877534469	0.024633575563493	0.0328524923095302	0.0225917223929152	0.0369062055148416	0.015974076356085	0.0139120756816917	0.0210832083958021	0.0326772742126034	0.0920527769254373	0.0433703587692456	0.0385536860077658	0.0277681360638667	0.0615505822685083	0.0564625015343071
Bacteria|Bacteroidetes|Bacteroidia|Bacteroidales|Prevotellaceae|Prevotellamassilia|Unassigned	0.103859317833117	2.13171490194111	2.4019918957184	0.294117647058824	0.897196261682243	0.752596989612042	0.699891396162664	1.30067567567568	4.316200324412	1.2489222810691	2.34745990502643	0.752304355684077	6.43222438972953	0.301225439857603	0.526340196624003	0.29047976011994	1.12359550561798	1.19668610003068	0.173481435076982	2.1121912262826	0.629411084114312	1.1596129699387	0.746286976801277
Bacteria|Bacteroidetes|Bacteroidia|Bacteroidales|Prevotellaceae|Prevotella|Unassigned	0.221881269916204	0.188092491347745	0.688375726211981	0.979539641943734	0.0897196261682243	0.214649141403434	0.52371183781827	0.147200772200772	0.283860502838605	0.234018967853184	0.415136039184063	0.666455810590999	0.421785205883904	0.308071472581639	0.248098682990169	0.117128935532234	0.746550033934092	0.644369438478061	0.214442329470159	1.65230082890425	0.356357746152956	0.866632198340596	0.670185344298515
Bacteria|Bacteroidetes|Bacteroidia|Bacteroidales|Rikenellaceae|Alistipes|Unassigned	0.280892245957748	0.298440086271756	0.329541571058927	0.514066496163683	0.216822429906542	0.73934704261183	1.08603837335586	0.207528957528958	0.904805352798054	0.396600566572238	0.501747155272825	0.309506596782939	1.26799177518849	0.166586796284886	0.204043776664812	0.339673913043478	0.389613654073348	1.86616084130659	0.534901091487362	0.735273868862391	0.356357746152956	0.866632198340596	0.508162513808764
Bacteria|Bacteroidetes|Flavobacteriia|Flavobacteriales|Weeksellaceae|Unassigned|Unassigned	0.22896258704119	0.0677132968851883	0.187960747937314	0.721227621483376	0.102180685358255	0.0291498834004664	0.272716302642693	0.041023166023166	0.0253446877534469	0.118241162704767	0.0836245258788042	0.0429242725465389	0.0843570411767807	0.00228201090801214	0.0370988684845112	0.00702773613193403	0.0653545484252067	0.106000167368685	0.0819217887863528	0.0605843637264891	0.0740483628369779	0.103404978211094	0.0908309807291027
Bacteria|Deferribacteres|Deferribacteres|Deferribacterales|Deferribacteraceae|Mucispirillum|Unassigned	0.571226248082143	0.112855494808647	0.0268515354196163	0.051150895140665	0.478504672897196	0.0821496714013144	0.0530952093640642	1.57818532818533	0.164740470397405	0.0615839389087326	0.071678165038975	0.00677751671787457	0.17398639742711	0.0456402181602428	0.0046373585605639	0.0163980509745127	0.0452454566020662	0.0223158247091969	0.0168662506324844	0.0192768430038829	0.550734698600023	0.0344683260703646	0.0245489137105683
Bacteria|Firmicutes|Bacilli|Bacillales|Staphylococcaceae|Staphylococcus|Unassigned	0.0424879027499115	0.0501579976927321	0.0585851681882537	0.020460358056266	0.0498442367601246	0.0609497562009752	0.195486907204055	0.1496138996139	0.134326845093268	0.118241162704767	0.20906131469701	0.112958611964576	0.255707281067117	0.182560872640971	0.0231867928028195	0.0234257871064468	0.0377045471683885	0.0251053027978465	0.0337325012649688	0.0275383471484042	0.0370241814184889	0.0270822561981436	0.0171842395973978
Bacteria|Firmicutes|Bacilli|Lactobacillales|Enterococcaceae|Enterococcus|Unassigned	0.179393367166293	0.270853187540753	0.25875115949812	0.219948849104859	0.256697819314642	0.394848420606318	0.50440448895861	0.499517374517375	0.400446066504461	0.391673851459539	0.567452139891885	0.395355141876017	0.477144514156166	0.460966203418452	0.104340567612688	0.0773050974512744	0.0527863660357439	0.0557895617729923	0.0554176806495916	0.0523228595819679	0.0485942381117667	0.100942954920354	0.407511967595434
Bacteria|Firmicutes|Bacilli|Lactobacillales|Enterococcaceae|Melissococcus|Unassigned	0	0	0.17087340721574	0	0.0199376947040498	0.0344498622005512	0	0	0.00760340632603406	0	0.206074724487053	0.00451834447858305	0.0500869931987135	0.0251021199881335	0	0	0.00251363647789257	0.00557895617729923	0.0819217887863528	0.00275383471484042	0.0185120907092445	0.022158209616663	0
Bacteria|Firmicutes|Bacilli|Lactobacillales|Lactobacillaceae|Lactobacillus|Unassigned	0.405995515165821	1.55239002859006	0.0756725089098277	0.0383631713554987	0.446105919003115	0.211999152003392	0.0337878605044045	0.386100386100386	1.0492700729927	0.820298066264318	0.283726069945943	0.153623712271824	0.202984130331629	0.600168868807193	0.159988870339455	0.0983883058470765	0.0226227283010331	0.139473904432481	0.0144567862564152	0.652658827417178	0.314705542057156	0.0443164192333259	0.20130109242666
Bacteria|Firmicutes|Bacilli|Lactobacillales|Lactobacillaceae|Ligilactobacillus|Unassigned	0.0542900979582202	0.0175552991924562	0.0366157301176585	0.040920716112532	0.0598130841121495	0.0052999788000848	0.103777000120671	0.0916988416988417	0.0380170316301703	0.024633575563493	0.0418122629394021	0.115217784203868	0.123899404228397	0.0342301636201821	0.0718790576887405	0.0562218890554723	0.0879772767262399	0.0223158247091969	0.0409608943931764	0.0495690248671275	0.0370241814184889	0.0418543959425856	0.0589173929053639
Bacteria|Firmicutes|Bacilli|Lactobacillales|Lactobacillaceae|Limosilactobacillus|Unassigned	0.00708131712498525	0.0225710989617294	0.0463799248157008	0.00767263427109974	0.0224299065420561	0.0185499258002968	0.0265476046820321	0.0337837837837838	0.0912408759124088	0.160118241162705	0.0746647552489323	0.0248508946322068	0.0922655137871039	0.219073047169165	0.148395473938045	0.107758620689655	0.0201090918231405	0.00278947808864961	0.0096378575042768	0.118414892738138	0.00925604535462224	0.022158209616663	0.257763593960967
Bacteria|Firmicutes|Bacilli|Lactobacillales|Streptococcaceae|Streptococcus|Unassigned	0.273810928832763	0.338566484425942	0.419860372015818	0.227621483375959	0.351401869158878	0.59624761500954	0.207554000241342	0.132722007722008	0.174878345498783	0.115777805148417	0.218021085326882	0.1332911621182	0.221437233089049	0.262431254421396	0.194769059543684	0.107758620689655	0.163386371063017	0.181316075762225	0.127701611931668	0.20102993418335	0.1457827143353	0.206809956422188	0.505707622437707
Bacteria|Firmicutes|Clostridia|Clostridiales|Clostridiaceae_1|Clostridium_sensu_stricto|Unassigned	0.167591171957984	0.0326026985002759	0.0463799248157008	0.0639386189258312	0.176947040498442	0.103349586601654	0.320984674791843	0.176158301158301	0.522100567721006	0.327626554994457	0.125436788818206	0.0225917223929152	2.21700848842727	0.107254512676571	0.505472083101465	0.69106071964018	0.462509111932232	3.50916343552121	1.68421559887237	1.89739211852505	0.650237186162212	2.14688430952557	3.17417454277648
Bacteria|Firmicutes|Clostridia|Clostridiales|Clostridiaceae_2|Alkaliphilus|Unassigned	0	0	0.00244104867451057	0.030690537084399	0.0398753894080997	0.0158999364002544	0.0289610232894896	0	0.00253446877534469	0.00492671511269861	0.00298659020995729	0.0429242725465389	0.0500869931987135	0.00684603272403642	0.0417362270450751	0	0.00502727295578513	0.00278947808864961	0.0048189287521384	0.101891884449095	0.0532222607890779	0.00984809316296132	0.044188044679023
Bacteria|Firmicutes|Clostridia|Clostridiales|Clostridiales_Incertae_Sedis_XIII|Aminipila|Unassigned	0.127463708249734	0.0501579976927321	0.0268515354196163	0.130434782608696	0.122118380062305	0.0556497774008904	0.067575721008809	0.123069498069498	0.0481549067315491	0.0763640842468284	0.0866111160887615	0.047442617025122	0.0738124110296831	0.285251363501518	0.134483398256353	0.0679347826086956	0.0728954578588844	0.0390526932410946	0.0650555381538684	0.0688458678710104	0.0509082494504223	0.0640126055592486	0.110470111697557
Bacteria|Firmicutes|Clostridia|Clostridiales|Clostridiales_Incertae_Sedis_XIII|Ihubacter|Unassigned	0.028325268499941	0.070221196769825	0.068349362886296	0.071611253196931	0.0598130841121495	0.12189951240195	0.0699891396162664	0.0772200772200772	0.0709651257096513	0.0591205813523833	0.0686915748290177	0.0564793059822881	0.0606316233458111	0.123228589032656	0.1669449081803	0.107758620689655	0.0728954578588845	0.103210689280036	0.0530082162735224	0.137691735742021	0.0416522040958001	0.130487234409238	0.174297287345035
Bacteria|Firmicutes|Clostridia|Clostridiales|Eubacteriaceae|Eubacterium|Unassigned	0.429599905582438	0.095300195616191	1.13508763364741	1.01023017902813	0.735202492211838	3.32573669705321	2.10450102570291	2.36245173745174	0.255981346309813	0.251262470747629	4.78750410656154	1.5452738116754	2.80487161912796	9.32201455922959	6.32535707660916	11.8745314842579	11.7311414423246	1.42542330329995	1.74686167265017	7.06358604356567	1.2079139187782	1.37134697294236	9.42432797348717
Bacteria|Firmicutes|Clostridia|Clostridiales|Lachnospiraceae|Acetatifactor|Unassigned	4.1779771037413	1.14611024727893	0.739637748376703	3.18158567774936	1.22866043613707	1.54229383082468	5.53879570411488	5.60328185328185	1.95914436334144	2.50769799236359	1.54406713854792	1.34420748237846	1.30226182316655	3.2518655439173	2.87284362826934	2.6845952023988	2.53123193323782	2.8620045189545	3.90574175360817	2.15900641643489	1.72393844729839	2.53095994288106	3.51785933472444
Bacteria|Firmicutes|Clostridia|Clostridiales|Lachnospiraceae|Agathobacter|Unassigned	0.0259648294582792	0.0978080955008276	0.0439388761411903	0.0332480818414322	0.00498442367601246	0.052999788000848	0.188246651381682	0.00723938223938224	0.0582927818329278	0.0911442295849243	0.050772033569274	0.0180733779143322	0.0210892602941952	0.0273841308961457	0.208681135225376	0.0163980509745127	0.0477590930799588	0.111579123545985	0.024094643760692	0.0302921818632446	0.0115700566932778	0.029544279488884	0.230759788879342
Bacteria|Firmicutes|Clostridia|Clostridiales|Lachnospiraceae|Anaerobutyricum|Unassigned	0.106219756874779	0.351105983849125	0.00732314602353171	0.143222506393862	0.0448598130841121	0.129849480602078	0.178592976951852	0.441602316602317	0.215429845904298	0.0024633575563493	0.00895977062987187	0.00451834447858305	0.0316338904412928	0.00912804363204856	0.0278241513633834	0.00468515742128936	0.0075409094336777	0.424000669474741	0.257812688239404	0.685704843995263	0.0115700566932778	0.568727380161016	0.552350558487787
Bacteria|Firmicutes|Clostridia|Clostridiales|Lachnospiraceae|Anaerocolumna|Unassigned	0.970140446122979	1.01319155339319	0.622467412000195	0.741687979539642	0.907165109034268	1.79139283442866	0.509231326173525	3.83204633204633	0.585462287104623	1.71449685921912	0.361377415404832	0.501536237122718	0.387515157905836	0.495196367038634	0.827768503060657	0.278766866566717	0.628409119473142	0.811738123797038	8.31506156181481	2.10117588742324	1.06444521578156	4.79355934707142	2.22658647354855
Bacteria|Firmicutes|Clostridia|Clostridiales|Lachnospiraceae|Anaerosporobacter|Unassigned	0	0.00501579976927321	0.0561441195137431	0.00255754475703325	0.406230529595016	0.0741997032011872	0.0337878605044045	0.0217181467181467	0.040551500405515	0.0147801453380958	0.0179195412597438	0.0225917223929152	0.234618020772921	0.0775883708724128	0.09506585049156	0.0421664167916042	0.0904909132041324	0.00278947808864961	0.0771028600342144	0.459890397378349	0.1457827143353	0.268360538690696	0.0810114152448754
Bacteria|Firmicutes|Clostridia|Clostridiales|Lachnospiraceae|Anaerostipes|Unassigned	0.0401274637082497	0.150473993078196	0.00244104867451057	0.0051150895140665	0.064797507788162	0.103349586601654	0.0386146977193194	0.0217181467181467	0.0937753446877534	0.0911442295849242	0.00597318041991458	0.00903668895716609	0.0711762534929087	0.120946578124643	0.0417362270450751	0.0117128935532234	0.0829500037704547	0.136684426343831	0.012047321880346	0.0165230082890425	0.0347101700798334	0.105867001501834	0.0392782619369093
Bacteria|Firmicutes|Clostridia|Clostridiales|Lachnospiraceae|Anaerotaenia|Unassigned	0.0896966835831465	0.012539499423183	0.0366157301176585	0.833759590792839	0.199376947040498	0.257048971804113	0.219621093278629	0.504343629343629	0.185016220600162	0.428624214804779	0.50772033569274	0.314024941261522	0.242526493383245	0.15974076356085	0.0208681135225376	0.669977511244378	0.301636377347108	0.357053195347151	0.349372334530034	0.214799107757552	0.00694203401596668	0.440702169042519	0.39523751074015
Bacteria|Firmicutes|Clostridia|Clostridiales|Lachnospiraceae|Anaerotignum|Unassigned	0.0731736102915142	0.0752369965390982	0.0439388761411903	0.317135549872123	0.179439252336449	0.129849480602078	0.0892964884759262	0.1496138996139	0.0963098134630981	0.108387732479369	0.101544067138548	0.0451834447858305	0.247798808456793	0.082152392688437	0.0834724540901502	0.0163980509745127	0.057813638991529	0.050210605595693	0.0265041081367612	0.1294302315975	0.115700566932778	0.0418543959425856	0.0564625015343071
Bacteria|Firmicutes|Clostridia|Clostridiales|Lachnospiraceae|Blautia|Unassigned	1.31948542428892	1.09344434970156	0.9007469608944	2.0537084398977	1.37320872274143	0.781746873012508	1.94280197900326	1.98600386100386	0.570255474452555	1.26123906885084	1.51121464623839	1.05955178022772	1.37607423419624	0.607014901531229	0.568076423669078	0.318590704647676	1.18140914460951	1.14089653825769	0.534901091487362	1.7239005314901	0.805275945852135	2.33646010291257	1.72578863385295
Bacteria|Firmicutes|Clostridia|Clostridiales|Lachnospiraceae|Clostridium_XlVa|Unassigned	1.47055352295527	0.426342980388223	0.205048088658888	1.19437340153453	0.700311526479751	0.776446894212423	0.562326535537589	1.74710424710425	0.509428223844282	0.243872398078581	0.719768240599707	0.487981203686969	0.321611219486477	0.716551425115812	0.479966611018364	0.974512743628186	1.12108186914009	1.20226505620798	3.47444763029179	1.75419271335334	0.293879440009256	1.35903685648866	0.527801644777219
Bacteria|Firmicutes|Clostridia|Clostridiales|Lachnospiraceae|Cuneatibacter|Unassigned	0.247846099374484	0.260821588002207	0.0756725089098277	0.253196930946292	0.119626168224299	0.105999576001696	0.231688186315917	0.168918918918919	0.220498783454988	0.192141889395246	0.155302690917779	0.250768118561359	0.0632677808825855	0.228201090801214	0.11825264329438	0.126499250374813	0.120654550938843	0.0725264303048899	0.110835361299183	0.110153388593617	0.0740483628369779	0.125563187827757	0.122744568552842
Bacteria|Firmicutes|Clostridia|Clostridiales|Lachnospiraceae|Eisenbergiella|Unassigned	5.51162516228018	2.10412800321011	1.10335400087878	8.9002557544757	2.98566978193146	2.39029043883824	2.98057198020997	4.95656370656371	1.33059610705596	4.24436506958985	1.12893109936386	3.51301283209832	1.70032161121949	1.09992925766185	2.16332776850306	6.64121064467766	1.70675916848905	2.17300343105805	2.06250150591523	2.31597499518079	2.19136873770681	3.45175665361794	2.56781637412544
Bacteria|Firmicutes|Clostridia|Clostridiales|Lachnospiraceae|Enterocloster|Unassigned	8.23557181635784	3.29036464864323	0.876336474149295	5.34271099744246	3.32461059190031	2.61023955904176	4.32967298177869	1.94498069498069	2.86648418491484	3.92412858726444	3.68843890929726	3.21254292427255	1.34180418621817	0.878574199584674	1.59757002411426	2.80172413793103	1.65145916597542	3.49521604507797	2.13478543719731	3.19444826921488	1.01122295499248	2.07056158751262	2.56781637412544
Bacteria|Firmicutes|Clostridia|Clostridiales|Lachnospiraceae|Faecalicatena|Unassigned	1.24159093591408	1.20379194462557	0.988624713176781	1.30179028132992	0.847352024922118	1.14744541021836	1.6338843972487	1.73503861003861	0.889598540145985	0.615839389087326	1.83675297912373	2.81718778239653	0.363789740074867	2.62887656602999	1.54655907994806	2.3332083958021	0.826986401226655	0.563474573907222	1.96612293087247	1.78448489521659	1.51104940414208	0.812467685944309	2.18976310298269
Bacteria|Firmicutes|Clostridia|Clostridiales|Lachnospiraceae|Faecalimonas|Unassigned	0.13454502537472	0.185584591463109	0.134257677098081	0.186700767263427	0.378816199376947	0.153699385202459	0.265476046820321	0.28957528957529	0.321877534468775	0.162581598719054	0.185168593017352	0.16266040122899	0.195075657721305	0.248739188973323	0.271285475792988	0.0374812593703148	0.160872734585124	0.0669474741275907	0.12047321880346	0.159722413460744	0.122642600948745	0.164955560479602	0.184116852829262
Bacteria|Firmicutes|Clostridia|Clostridiales|Lachnospiraceae|Falcatimonas|Unassigned	0.00236043904166175	0	0	0.00255754475703325	0.00249221183800623	0.257048971804113	0.00241341860745746	0	0	0.0024633575563493	0.0657049846190604	0.0225917223929152	0.0052723150735488	0.00456402181602428	0.176219625301428	0.0374812593703148	0.0075409094336777	0.00557895617729923	0.0048189287521384	0.0110153388593617	0.00231401133865556	0.396385749809193	0.00490978274211366
Bacteria|Firmicutes|Clostridia|Clostridiales|Lachnospiraceae|Frisingicoccus|Unassigned	0.146347220583028	0.110347594924011	0.0244104867451057	0.0920716112531969	0.0423676012461059	0.0847996608013568	0.118257511765416	0.168918918918919	0.283860502838605	0.125631235373814	0.182182002807395	0.243990601843485	0.039542363051616	0.100408479952534	0.0556483027267668	0.199119190404798	0.0527863660357439	0.0530000836843427	0.0891501819145604	0.06609203315617	0.0555362721277334	0.0492404658148066	0.0736467411317049
Bacteria|Firmicutes|Clostridia|Clostridiales|Lachnospiraceae|Fusicatenibacter|Unassigned	0.0306857075416027	0.0401263981541857	0.0366157301176585	0.0588235294117647	0.0598130841121495	0.0185499258002968	0.0627488837938941	0.00241312741312741	0.0430859691808597	0.0418770784579382	0.0328524923095302	0.0609976504608711	0.0738124110296831	0.0273841308961457	0.0811537748098683	0.00937031484257871	0.0150818188673554	0.0306842589751458	0.0192757150085536	0.0688458678710104	0.0439662154344556	0.0123101164537017	0.0589173929053639
Bacteria|Firmicutes|Clostridia|Clostridiales|Lachnospiraceae|Hungatella|Unassigned	0.009441756166647	0.00752369965390982	0.253869062149099	0.0127877237851662	0.849844236760125	0.0317998728005088	0.0168939302522022	0.0217181467181467	0.00506893755068938	0.0541938662396847	0.00597318041991458	0.00677751671787457	0.793483418569094	0.162022774468862	0.127527360415507	0.00702773613193403	0.18600909936405	0.00557895617729923	0.0072283931282076	0.00826150414452125	0.638667129468934	0.0172341630351823	0.0122744568552842
Bacteria|Firmicutes|Clostridia|Clostridiales|Lachnospiraceae|Kineothrix|Unassigned	7.99716747315001	8.3312434167628	6.4663379387785	4.09718670076726	13.595015576324	2.88053847784609	11.0389767105104	7.85714285714286	10.3735806974858	10.8880403990639	7.66657706896037	6.70974155069583	11.0718616544525	13.908856484334	6.85865331107401	5.66904047976012	7.10605032300229	5.47016653184189	5.26708912608727	3.22474045107813	11.6371630220988	5.6528054755398	7.67644531729471
Bacteria|Firmicutes|Clostridia|Clostridiales|Lachnospiraceae|Lachnospiracea_incertae_sedis|Unassigned	1.23687005783076	4.03270301449566	0.81286920861202	2.0920716112532	1.43800623052959	1.78079287682849	1.39254253650296	1.11486486486486	1.34073398215734	1.30804286242148	1.94725681689215	0.833634556298572	1.00964833658459	1.65673991921681	7.03487293637544	0.562218890554723	0.801850036447729	0.86473820748138	0.638508059658338	1.21719494395946	2.94573643410853	1.04882192185538	1.44347612618142
Bacteria|Firmicutes|Clostridia|Clostridiales|Lachnospiraceae|Lachnospira|Unassigned	0.398914198040836	0.00501579976927321	0.0122052433725528	0.365728900255754	0.00747663551401869	0.352448590205639	0	0.00241312741312741	0.00253446877534469	0.0394137209015889	0	0	0	0	0.00231867928028195	0.00468515742128936	0.0100545459115703	0.340316326815253	0.710791990940414	0.702227852284306	0.00231401133865556	0.182189723514784	0.0270038050816251
Bacteria|Firmicutes|Clostridia|Clostridiales|Lachnospiraceae|Lachnotalea|Unassigned	0.0708131712498525	0	0.00244104867451057	0.20460358056266	0.00747663551401869	0.0026499894000424	0.200313744418969	0.0892857142857143	0.00253446877534469	0.0541938662396847	0.206074724487053	0.0677751671787457	0.0316338904412928	0.00684603272403642	0.0231867928028195	0	0.0100545459115703	0	0.0289135725128304	0.236829785476276	0	0.288056725016619	0.127654351294955
Bacteria|Firmicutes|Clostridia|Clostridiales|Lachnospiraceae|Lacrimispora|Unassigned	7.84609937448365	12.2159803380649	13.9969730996436	5.28132992327366	19.195015576324	6.35202459190163	11.1765415711355	8.40974903474903	12.0463300892133	17.1030915137332	7.88161156407729	11.492409181276	14.2431591711921	14.0366490951827	16.6968094973103	7.78204647676162	15.8132870824221	5.62637730480627	12.9219574488591	4.78891856910748	20.8515561726252	12.3273506167368	7.87774640972137
Bacteria|Firmicutes|Clostridia|Clostridiales|Lachnospiraceae|Marvinbryantia|Unassigned	1.22270742358079	0.338566484425942	0.368598349851096	1.00255754475703	0.737694704049844	1.47869408522366	2.10932786291782	2.51930501930502	0.724858069748581	1.7834708707969	1.63067825463668	0.702602566419664	0.326883534560025	3.90452066360877	2.0427564459284	1.97479385307346	0.500213659100621	0.209210856648721	0.20962340071802	0.275383471484042	4.68587296077751	1.07836620134426	0.414876641708604
Bacteria|Firmicutes|Clostridia|Clostridiales|Lachnospiraceae|Mediterraneibacter|Unassigned	0.361147173374248	0.744846265737072	0.3002489869648	0.278772378516624	1.0417445482866	0.51939792240831	0.400627488837939	0.258204633204633	0.707116788321168	0.573962310629388	0.316578562255473	0.467648653533345	0.76712184320135	0.629835010611351	0.524021517343721	0.304535232383808	0.256390920745042	0.125526513989233	0.322868226393273	0.19827609946851	0.499826449149601	0.123101164537017	0.220940223395115
Bacteria|Firmicutes|Clostridia|Clostridiales|Lachnospiraceae|Merdimonas|Unassigned	0.295054880207719	0.0175552991924562	0.0146462920470634	0.0920716112531969	0.0573208722741433	0.204049183803265	0.506817907566067	0.296814671814672	0.136861313868613	0.332553270107156	0.226980855956754	0.962407373938189	0.0500869931987135	0.435864083430319	0.262010758671861	1.06821589205397	0.100545459115703	0.0641579960389411	0.402380550803556	0.451628893233828	0.136526668980678	0.485018588275845	0.807659261077697
Bacteria|Firmicutes|Clostridia|Clostridiales|Lachnospiraceae|Muricomes|Unassigned	0.0047208780833235	0.00752369965390982	0.0927598496314017	0.00767263427109974	1.01682242990654	0.225249099003604	0.0337878605044045	0.0337837837837838	0.167274939172749	0.00492671511269861	0.0567452139891885	0.0745526838966203	0.680128644487795	0.175714839916935	0.248098682990169	0	0.120654550938843	0.00557895617729923	0	0.00275383471484042	0.261483281268078	0.00246202329074033	0
Bacteria|Firmicutes|Clostridia|Clostridiales|Lachnospiraceae|Roseburia|Unassigned	0.146347220583028	0.0927922957315544	0.163550261192208	0.457800511508951	0.0598130841121495	0.177549289802841	0.246168697960661	0.482625482625483	0.0963098134630981	0.100997659810321	0.179195412597438	0.119736128682451	0.150260979596141	0.0935624472284977	0.602856612873307	0.0983883058470765	0.542945479224795	0.702948478339703	0.595137700889092	0.718750860573348	0.0509082494504223	0.280670655144398	0.490978274211366
Bacteria|Firmicutes|Clostridia|Clostridiales|Lachnospiraceae|Ruminococcus2|Unassigned	0.0802549274164995	0.0451421979234589	0	0.194373401534527	0	0.0052999788000848	0.00241341860745746	0.00241312741312741	0.0481549067315491	0.14041138071191	0	0.00225917223929152	0.0316338904412928	0.00456402181602428	0.00231867928028195	0	0.00251363647789257	0.184105553850875	0.0337325012649688	0.115661058023297	0.00462802267731112	0.00492404658148066	0.00736467411317049
Bacteria|Firmicutes|Clostridia|Clostridiales|Lachnospiraceae|Schaedlerella|Unassigned	0.627876785082025	0.416311380849677	0.590733779231558	0.823529411764706	1.29595015576324	0.479648081407674	1.25015083866297	1.71814671814672	0.435928629359286	0.391673851459539	0.522653286742526	1.03696005783481	0.585226973163916	1.28933616302686	0.271285475792988	0.351386806596702	0.447427293064877	0.284526765042261	0.515625376478809	0.872965604604412	0.851556172625246	0.228968166038851	0.780655455996072
Bacteria|Firmicutes|Clostridia|Clostridiales|Lachnospiraceae|Sellimonas|Unassigned	0.639678980290334	0.012539499423183	0.00976419469804228	2.32736572890026	0.00996884735202492	0.0185499258002968	0.480270302884035	0.00482625482625483	0.220498783454988	0.199531962064294	0.00298659020995729	0.0248508946322068	0.00790847261032319	0.613860934255266	0.048692264885921	0.135869565217391	0.0301636377347108	0.267789896510363	0.012047321880346	0.415829041940903	0.00694203401596668	0.356993377157348	0.0122744568552842
Bacteria|Firmicutes|Clostridia|Clostridiales|Lachnospiraceae|Stomatobaculum|Unassigned	0.342263661040954	0.386216582234037	4.0423766049895	0.227621483375959	0.139563862928349	0.312698749205003	0.552672861107759	0.663610038610039	0.0709651257096513	0.0739007266904791	0.268793118896156	0.31176576902223	0.100173986397427	0.474658268866525	0.231867928028195	0.203804347826087	0.216172737098761	0.114368601634634	0.277088403247958	0.225814446616914	0.1666088163832	0.184651746805525	0.184116852829262
Bacteria|Firmicutes|Clostridia|Clostridiales|Lachnospiraceae|Syntrophococcus|Unassigned	0.120382391124749	0.0727290966544615	0	0.163682864450128	0.00498442367601246	0.0026499894000424	0.00241341860745746	0	0	0.120704520261116	0.0179195412597437	0.051960961503705	0	0	0	0	0	0	0	0.00275383471484042	0	0	0
Bacteria|Firmicutes|Clostridia|Clostridiales|Lachnospiraceae|Unassigned|Unassigned	30.6880679806444	17.7007573857652	9.09046526387736	25.8849104859335	7.35700934579439	15.0545897816409	12.0670930372873	13.6003861003861	25.1089821573398	24.1556841975613	9.24349669981782	20.334809325863	4.88743607317973	7.42338148376349	4.52374327583009	11.1014805097451	6.4927230223965	13.5875477698123	22.6610124569308	14.1684796078539	3.26738401018165	11.2169781126129	7.77218608076593
Bacteria|Firmicutes|Clostridia|Clostridiales|Peptococcaceae_1|Desulfitobacterium|Unassigned	0.0613714150832055	0.0777448964237348	0.0976419469804228	0.00255754475703325	0.00249221183800623	0	0.00724025582237239	0.00241312741312741	0.0633617193836172	0.00492671511269861	0.20906131469701	0.17847460690403	0.052723150735488	0.212227014445129	0.0881098126507142	0.0281109445277361	0.10808636854938	0.00278947808864961	0.0024094643760692	0.00550766942968083	0.499826449149601	0	0.00245489137105683
Bacteria|Firmicutes|Clostridia|Clostridiales|Peptococcaceae_2|Pelotomaculum|Unassigned	0.219520830874543	0.198124090886292	0.175755504564761	0.240409207161125	0.229283489096573	0.0900996396014416	0.234101604923374	0.253378378378378	0.16220600162206	0.135484665599212	0.0119463608398292	0.00225917223929152	0.205620287868403	0.205380981721093	0.197087738823966	0.0609070464767616	0.155845461629339	0.0613685179502915	0.134930005059875	0.101891884449095	0.0115700566932778	0.0812467685944309	0.137473916779183
Bacteria|Firmicutes|Clostridia|Clostridiales|Peptostreptococcaceae|Romboutsia|Unassigned	0.434320783665762	0.403771881426493	0.436947712737392	0.485933503836317	1.12398753894081	2.85933856264575	0.480270302884035	0.56949806949807	1.45225060827251	0.913905653405592	0.836245258788042	0.332098319175854	1.74777244688143	0.759909632368043	1.62539417547765	1.86235007496252	0.384586381117563	7.00437948059918	1.37821362311158	1.22270261338914	0.57850283466389	1.87852377083487	3.33865226463729
Bacteria|Firmicutes|Clostridia|Clostridiales|Ruminococcaceae|Acetivibrio|Unassigned	0.420158149415791	0.0376184982695491	0.273397451545184	0.0716112531969309	0.0623052959501558	0.423998304006784	0.528538675033184	0.760135135135135	0.32441200324412	0.0344870057888903	1.32305946301108	0.670974155069583	0.026361575367744	0.141484676296753	0.104340567612688	2.54169790104948	0.0703818213809919	0.401684844765544	0.238536973230851	0.448875058518988	0.0370241814184889	0.241278282492552	0.702098932122253
Bacteria|Firmicutes|Clostridia|Clostridiales|Ruminococcaceae|Acutalibacter|Unassigned	0.110940634958102	0.00250789988463661	0.0122052433725528	0.0792838874680307	0.239252336448598	0.0026499894000424	0.294437070109811	0.518822393822394	0.296532846715328	0.0123167877817465	0.173222232177523	0.0700343394180372	0.171350239890336	0.600168868807193	0.248098682990169	0.468515742128936	0.346881833949174	0.0948422550140869	0.192757150085536	0.0908765455897337	0.0601642948050445	0.110791048083315	0.176752178716092
Bacteria|Firmicutes|Clostridia|Clostridiales|Ruminococcaceae|Anaeromassilibacillus|Unassigned	0.037767024666588	0	0.0219694380705951	0.0383631713554987	0.0224299065420561	0.0317998728005088	0.0386146977193194	0.028957528957529	0.0152068126520681	0.0147801453380958	0.0418122629394021	0.0587384782215796	0.0105446301470976	0.0753063599644006	0.0370988684845112	0.0117128935532234	0.0150818188673554	0.0167368685318977	0.0337325012649688	0.0165230082890425	0.0370241814184889	0.0172341630351823	0.0319135878237388
Bacteria|Firmicutes|Clostridia|Clostridiales|Ruminococcaceae|Anaerotruncus|Unassigned	0.48625044258232	0.571801173697146	0.119611385051018	0.388746803069054	0.398753894080997	0.304748781004876	0.366839628333534	0.7746138996139	0.479014598540146	0.182288459169849	0.388256727294448	0.210103018254112	0.427057520957452	0.20309897081308	0.129846039695789	0.119471514242879	0.261418193700827	0.153421294875729	0.163843577572706	0.178999256464627	0.319333564734467	0.285594701725878	0.135019025408126
Bacteria|Firmicutes|Clostridia|Clostridiales|Ruminococcaceae|Butyricicoccus|Unassigned	0.056650536999882	0.127902894116467	0.17087340721574	0.122762148337596	0.166978193146417	0.151049395802417	0.154458790877278	0.487451737451737	0.144464720194647	0.17736174405715	0.125436788818206	0.0632568227001627	0.105446301470976	0.44727413797038	0.19013170098312	0.0210832083958021	0.153331825151447	0.128315992077882	0.0554176806495916	0.156968578745904	0.118014578271434	0.0910948617573922	0.0883760893580459
Bacteria|Firmicutes|Clostridia|Clostridiales|Ruminococcaceae|Clostridium_IV|Unassigned	0.804909713206656	0.634498670813061	0.761607186447298	1.29667519181586	1.30591900311526	0.956646173415306	0.98950162905756	0.656370656370656	0.6919099756691	1.30804286242148	0.636143714720903	0.806524489427074	0.643222438972953	1.23684991214258	0.853273975143758	1.24390929535232	0.942613679209713	0.608106223325616	0.999927716068718	0.60033596783521	1.57584172162444	0.546569170544353	0.557260341229901
Bacteria|Firmicutes|Clostridia|Clostridiales|Ruminococcaceae|Colidextribacter|Unassigned	0.177032928124631	0.102823895270101	0.236781721427525	0.18925831202046	0.161993769470405	0.476998092007632	0.562326535537589	0.644305019305019	0.215429845904298	0.160118241162705	0.776513454588896	0.718416772094704	0.363789740074867	0.385659843454052	0.681691708402894	1.44302848575712	0.334313651559711	0.7196853468716	1.15895236488929	0.715997025858508	0.2915654286706	0.713986754314696	1.04332883269915
Bacteria|Firmicutes|Clostridia|Clostridiales|Ruminococcaceae|Dysosmobacter|Unassigned	0.0873362445414847	0.0401263981541857	0.146462920470634	0.265984654731458	0.186915887850467	0.25439898240407	0.14239169783999	0.156853281853282	0.0608272506082725	0.0936075871412735	0.071678165038975	0.0451834447858305	0.126535561765171	0.333173592569772	0.310703023557781	0.0609070464767616	0.29409546791343	0.0753159083935396	0.14938679131629	0.156968578745904	0.222145088510934	0.0960189083388729	0.0319135878237388
Bacteria|Firmicutes|Clostridia|Clostridiales|Ruminococcaceae|Faecalibacterium|Unassigned	0.103859317833117	0.150473993078196	0.190401796611824	0.112531969309463	0.124610591900312	0.206699173203307	0.173766139736937	0.0651544401544402	0.159671532846715	0.133021308042862	0.131409969238121	0.10392192300741	0.139716349449043	0.150612719928801	0.194769059543684	0.072619940029985	0.155845461629339	0.156210772964378	0.0771028600342144	0.145953239886542	0.0948744648848779	0.115715094664796	0.235669571621456
Bacteria|Firmicutes|Clostridia|Clostridiales|Ruminococcaceae|Flavonifractor|Unassigned	0.705771273456863	0.852685960776446	0.751842991749256	1.01023017902813	0.702803738317757	0.283548865804537	0.767467117171473	1.46476833976834	0.519566098945661	0.872028574947654	2.27876833019741	0.616754021326586	0.427057520957452	0.928778439560941	0.359395288443702	0.117128935532234	0.560540934570043	0.245474071801166	0.395152157675349	1.71563902734558	0.55767673261599	0.243740305783293	0.382963053884866
Bacteria|Firmicutes|Clostridia|Clostridiales|Ruminococcaceae|Flintibacter|Unassigned	2.47610055470317	1.33921853839595	1.49636283747498	3.72378516624041	4.49345794392523	3.36018655925376	4.4141426330397	4.7972972972973	2.20498783454988	1.68986328365562	4.36639488695756	2.35631664558106	2.02193283070596	3.14689304214874	2.02884437024671	1.08929910044978	2.57899102631777	0.959580462495467	1.75890899453052	2.63266598738744	2.73053337961356	1.83420735160155	1.31091199214435
Bacteria|Firmicutes|Clostridia|Clostridiales|Ruminococcaceae|Gemmiger|Unassigned	0.047208780833235	0.0626974971159151	0.0317336327686374	0.0358056265984655	0.0473520249221184	0.0026499894000424	0.127911186195246	0.0217181467181467	0.0582927818329278	0.024633575563493	0.020906131469701	0.0384059280679559	0.0474508356619392	0.00228201090801214	0.136802077536635	0.0327961019490255	0.0301636377347108	0.050210605595693	0.0216851793846228	0.06609203315617	0.0393381927571445	0.00246202329074033	0.189026635571376
Bacteria|Firmicutes|Clostridia|Clostridiales|Ruminococcaceae|Harryflintia|Unassigned	0.0708131712498525	0.12539499423183	0.068349362886296	0.173913043478261	0.319003115264798	0.222599109603562	0.154458790877278	0.265444015444015	0.215429845904298	0.214312107402389	0.185168593017352	0.0180733779143322	0.189803342647757	0.0410761963442185	0.0440549063253571	0.00937031484257871	0.093004549682025	0.036263215152445	0.0433703587692456	0.0495690248671275	0.0555362721277334	0.0590885589777679	0.0466429360500798
Bacteria|Firmicutes|Clostridia|Clostridiales|Ruminococcaceae|Intestinimonas|Unassigned	0.963059128997994	0.270853187540753	0.29780793829029	0.703324808184143	1.13395638629284	1.00964596141615	1.1005188850006	0.943532818532819	0.532238442822384	0.204458677176992	0.686915748290177	0.490240375926261	0.524595349818105	0.607014901531229	0.489241328139492	0.419321589205397	0.527863660357439	0.256631984155764	0.609594487145508	0.159722413460744	0.738169617031123	0.489942634857326	0.451700012274457
Bacteria|Firmicutes|Clostridia|Clostridiales|Ruminococcaceae|Lawsonibacter|Unassigned	0.401274637082497	0.0852685960776446	0.236781721427525	2.02046035805627	0.386292834890966	0.333898664405342	0.682997465910462	0.400579150579151	0.375101378751014	0.0936075871412736	0.459934892333423	0.609976504608711	0.282068856434861	0.280687341685493	0.132164718976071	0.688718140929535	0.442400020109092	0.195263466205473	0.106016432547045	0.156968578745904	0.571560800647923	0.108329024792575	0.125199459923898
Bacteria|Firmicutes|Clostridia|Clostridiales|Ruminococcaceae|Neglecta|Unassigned	0.120382391124749	0.122887094347194	0.178196553239272	0.040920716112532	0.0448598130841121	0.0211999152003392	0.0748159768311814	0.0675675675675676	0.0658961881589619	0.0541938662396847	0.0895977062987188	0.110699439725285	0.052723150735488	0.205380981721093	0.0417362270450751	0.358414542728636	0.0477590930799588	0.086473820748138	0.106016432547045	0.0413075207226062	0.0509082494504223	0.0541645123962873	0.0981956548422732
Bacteria|Firmicutes|Clostridia|Clostridiales|Ruminococcaceae|Oscillibacter|Unassigned	1.39501947362209	0.315995385464212	0.566323292486452	1.41176470588235	1.08660436137072	1.21104515581938	1.09569204778569	1.32722007722008	0.514497161394972	0.842468284271462	1.14386405041364	0.551238026387132	0.508778404597459	1.15013349763812	0.635318122797255	0.377155172413793	0.897368222607646	0.43515858182934	1.03125075295762	0.525982430534519	0.696517412935323	0.401309796390674	0.375598379771695
Bacteria|Firmicutes|Clostridia|Clostridiales|Ruminococcaceae|Paludicola|Unassigned	0.0165230732916322	0	0.0195283893960846	0.0051150895140665	0.0274143302180685	0.0291498834004664	0.00482683721491493	0.041023166023166	0.00253446877534469	0.0024633575563493	0.0238927216796583	0.0564793059822881	0.0105446301470976	0.0273841308961457	0.0162307549619737	0.0468515742128936	0.0075409094336777	0.0167368685318977	0.048189287521384	0.00826150414452125	0.0115700566932778	0.0270822561981436	0.029458696452682
Bacteria|Firmicutes|Clostridia|Clostridiales|Ruminococcaceae|Phocea|Unassigned	0.113301073999764	0.100315995385464	0.0781135575843382	0.168797953964194	0.169470404984424	0.182849268602926	0.108603837335586	0.106177606177606	0.152068126520681	0.169971671388102	0.140369739867993	0.0745526838966203	0.0922655137871039	0.0798703817804249	0.0997032090521239	0.124156671664168	0.120654550938843	0.050210605595693	0.0554176806495916	0.0385536860077658	0.115700566932778	0.105867001501834	0.0662820670185344
Bacteria|Firmicutes|Clostridia|Clostridiales|Ruminococcaceae|Pseudoflavonifractor|Unassigned	0.018883512333294	0.00752369965390982	0.017087340721574	0.0255754475703325	0.00996884735202492	0.0238499046003816	0.0217207674671172	0.0120656370656371	0.00506893755068938	0.00739007266904791	0.020906131469701	0.0180733779143322	0.0369062055148416	0.0593322836083156	0.0347801892042293	0.0374812593703148	0.0226227283010331	0.0139473904432481	0.0216851793846228	0.0302921818632446	0.0138840680319334	0.014772139744442	0.00981956548422732
Bacteria|Firmicutes|Clostridia|Clostridiales|Ruminococcaceae|Ruminococcus|Unassigned	0.0613714150832055	0.00501579976927321	0.280720597568715	0.0690537084398977	0.0224299065420561	0.71814712741149	0.0772293954386388	0.202702702702703	0.0709651257096513	0.0344870057888903	0.020906131469701	0.300469907825773	0.384879000369062	0.629835010611351	0.345483212762011	0.107758620689655	0.894854586129754	0.0976317331027365	0.318049297641134	0.46264423209319	0.242971190558834	0.243740305783293	0.343684791947956
Bacteria|Firmicutes|Clostridia|Clostridiales|Ruminococcaceae|Unassigned|Unassigned	1.3265667414139	0.150473993078196	0.353952057804033	0.437340153452685	0.396261682242991	1.17659529361883	2.40135151442018	0.965250965250965	0.570255474452555	0.487744796157162	0.842218439207956	0.700343394180372	0.424421363420678	0.355993701649894	0.510109441662029	0.377155172413793	0.696277304376241	0.555106139641273	0.522853769607016	0.415829041940903	0.351729723475645	0.992195386168353	1.03350926721493
Bacteria|Firmicutes|Clostridia|Clostridiales|Unassigned|Unassigned|Unassigned	0.665643809748613	1.22385514370266	0.524825465019772	0.480818414322251	1.08660436137072	11.5195039219843	1.00156872209485	1.48648648648649	0.960563665855637	0.761177484911935	0.660036436400561	0.835893728537864	1.02546528180524	1.91917117363821	4.8692264885921	3.30772113943029	3.07166377598472	0.278947808864961	0.378285907042864	2.10668355685292	2.03632997801689	0.576113450033237	0.490978274211366
Bacteria|Firmicutes|Erysipelotrichia|Erysipelotrichales|Erysipelotrichaceae|Amedibacillus|Unassigned	0.00236043904166175	0	0.0268515354196163	0.00255754475703325	0.0174454828660436	0.0211999152003392	0.00965367442982985	0.0434362934362934	0.00760340632603406	0.032023648232541	0.0179195412597437	0.0429242725465389	0.0105446301470976	0.203098970813081	0.0370988684845112	0.508339580209895	0.0854636402483473	0.0195263466205473	0.0216851793846228	0.0247845124335637	0.0370241814184889	0.00246202329074033	0.0196391309684546
Bacteria|Firmicutes|Erysipelotrichia|Erysipelotrichales|Erysipelotrichaceae|Faecalibaculum|Unassigned	0.568865809040482	12.6072127200682	5.25557779622126	0.209718670076726	8.26417445482866	2.54663981344075	0.511644744780982	2.71476833976834	9.59803325223033	2.8377879049144	9.88860018516859	4.92499548165552	5.72573416987399	3.95016088176901	4.40549063253571	6.46083208395802	0.26393183017872	16.2849730815364	2.76847456810351	3.83333792305786	2.45979405299086	8.84851170692075	6.38517245611882
Bacteria|Firmicutes|Erysipelotrichia|Erysipelotrichales|Erysipelotrichaceae|Turicibacter|Unassigned	0.0613714150832055	0.185584591463109	0.151345017819655	0.0690537084398977	1.14641744548287	5.23902904388382	2.42789911910221	0.668436293436293	0.36749797242498	0.229092252740485	3.79595615685572	0.29595156334719	4.85052986766489	2.04468177357888	3.73307364125394	6.34604572713643	0.651031847774175	1.19389662194203	2.14201383032552	1.34662517555696	0.960314705542057	5.37952089026762	2.86485823002332
Bacteria|Firmicutes|Negativicutes|Selenomonadales|Unassigned|Unassigned|Unassigned	0	0	0	0	0.0274143302180685	0.0238499046003816	0.0458549535416918	0.0313706563706564	0	0.0024633575563493	0.0537586237792312	0.0813302006144948	0	0.0889984254124735	0.048692264885921	0.128841829085457	0.0150818188673554	0.00278947808864961	0	0.00826150414452125	0.0208261020479	0	0.00245489137105683
Bacteria|Firmicutes|Negativicutes|Veillonellales|Veillonellaceae|Veillonella|Unassigned	0.0118021952083087	0	0.0122052433725528	0	0	0.092749629001484	0	0.0241312741312741	0.0177412814274128	0	0.020906131469701	0.00903668895716609	0	0.0798703817804249	0.208681135225376	0.260026236881559	0.253877284267149	0.306842589751458	0.250584295111197	0.33046016578085	0.180492884415134	0.307752911342541	0.029458696452682
Bacteria|Proteobacteria|Alphaproteobacteria|Rhodospirillales|Reyranellaceae|Reyranella|Unassigned	0.0330461465832645	0.00250789988463661	0.0195283893960846	0	0.00249221183800623	0.0079499682001272	0.0579220465789791	0.142374517374517	0.0228102189781022	0	0.0119463608398292	0.00677751671787457	0	0.00912804363204856	0.0579669820070488	0.149925037481259	0.017595455345248	0.00278947808864961	0.0096378575042768	0.00550766942968083	0.00231401133865556	0.0123101164537017	0.0515527187921934
Bacteria|Proteobacteria|Deltaproteobacteria|Desulfovibrionales|Desulfomicrobiaceae|Desulfomicrobium|Unassigned	0.0613714150832055	0.0752369965390982	0.0585851681882537	0.135549872122762	0.0897196261682243	0.140449438202247	0.036201279111862	0.0337837837837838	0.0658961881589619	0.0468037935706368	0.0806379356688469	0.1332911621182	0.0632677808825855	0.0273841308961457	0.0255054720831015	0.224887556221889	0.0276500012568182	0.0167368685318977	0.0289135725128304	0.0523228595819679	0.0277681360638667	0.014772139744442	0.0245489137105683
Bacteria|Proteobacteria|Deltaproteobacteria|Desulfovibrionales|Desulfovibrionaceae|Bilophila|Unassigned	0.922931665289744	0.278376887194663	0.178196553239272	0.80306905370844	0.909657320872274	0.196099215603138	0.405454326052854	0.610521235521235	0.674168694241687	0.541938662396847	0.200101544067139	0.280137357672149	0.26361575367744	0.397069897994112	0.255054720831015	0.557533733133433	0.329286378603926	0.164579207230327	0.428884658940318	0.0853688761600529	0.465116279069767	0.0738606987222099	0.164477721860808
Bacteria|Proteobacteria|Deltaproteobacteria|Desulfovibrionales|Desulfovibrionaceae|Desulfovibrio|Unassigned	0.0424879027499115	0.0652053970005517	0.107406141678465	0.0588235294117647	0.0598130841121495	0.0609497562009752	0.0337878605044045	0.0530888030888031	0.0430859691808597	0.0492671511269861	0.0776513454588896	0.0768118561359118	0.0764485685664575	0.015974076356085	0.0231867928028195	0.072619940029985	0.0377045471683885	0.050210605595693	0.0674650025299376	0.0688458678710104	0.0439662154344556	0.0123101164537017	0.0220940223395115
Bacteria|Proteobacteria|Gammaproteobacteria|Enterobacterales|Enterobacteriaceae|Enterobacter|Unassigned	0.0354065856249262	0.0777448964237348	0.0585851681882537	0.040920716112532	0.0373831775700935	0.0715497138011448	0.00241341860745746	0.0144787644787645	0.00253446877534469	0.00492671511269861	0.0119463608398292	0.00677751671787457	0.0105446301470976	0.00912804363204856	0.0881098126507142	0.114786356821589	0.0854636402483473	0.106000167368685	0.0867407175384912	0.101891884449095	0.0856184195302557	0.108329024792575	0.00736467411317049
Bacteria|Proteobacteria|Gammaproteobacteria|Enterobacterales|Enterobacteriaceae|Klebsiella|Unassigned	0.00708131712498525	0.0476500978080955	0.0122052433725528	0.0281329923273657	0.0797507788161994	0.124549501801993	0.0120670930372873	0.00723938223938224	0.0101378751013788	0.024633575563493	0.00597318041991458	0.0338875835893728	0.102810143934202	0.0570502727003035	0.09506585049156	0.121814092953523	0.110600005027273	0.21757929091467	0.0867407175384912	0.195522264753669	0.1874349184311	0.201885909840707	0.00981956548422732
Bacteria|Proteobacteria|Gammaproteobacteria|Enterobacterales|Enterobacteriaceae|Pseudescherichia|Unassigned	0.177032928124631	0.285900586848573	0.29780793829029	0.283887468030691	0.206853582554517	0.39749841000636	0.036201279111862	0.361969111969112	0.0481549067315491	0.0665106540214312	0.125436788818206	0.1332911621182	0.134444034375494	0.0935624472284978	0.0208681135225376	0.40058095952024	0.075409094336777	0.103210689280036	0.139748933812014	0.245091289620797	0.122642600948745	0.113253071374055	0.0343684791947956
Bacteria|Proteobacteria|Gammaproteobacteria|Enterobacterales|Enterobacteriaceae|Siccibacter|Unassigned	0.0306857075416027	0.0526658975773687	0.0952008983059122	0.0332480818414322	0.0373831775700935	0.0582997668009328	0.0820562326535538	0.0627413127413127	0.0684306569343066	0.0615839389087326	0.158289281127736	0.0609976504608711	0.0764485685664575	0.0638963054243399	0.134483398256353	0.156952773613193	0.17595455345248	0.234316159446568	0.27226947449582	0.247845124335637	0.134212657642022	0.15018342073516	0.0589173929053639
Bacteria|Proteobacteria|Gammaproteobacteria|Enterobacterales|Enterobacteriaceae|Unassigned|Unassigned	0.0047208780833235	0.0100315995385464	0.00488209734902114	0.00255754475703325	0.00498442367601246	0.0105999576001696	0.15204537226982	0.277509652509653	0.164740470397405	0.192141889395246	0.206074724487053	0.180733779143322	0.142352506985817	0.164304785376874	0.132164718976071	0.194434032983508	0.143277279239876	0.172947641496276	0.134930005059875	0.20102993418335	0.101816498900845	0.130487234409238	0.00245489137105683
Bacteria|Verrucomicrobia|Verrucomicrobiae|Verrucomicrobiales|Akkermansiaceae|Akkermansia|Unassigned	0.125103269208073	5.20890806039023	24.469071913294	0.135549872122762	0.166978193146417	0.079499682001272	0.108603837335586	0.132722007722008	0.641220600162206	0.14041138071191	0.734701191649494	11.9984637628773	6.4559498075605	0.435864083430319	7.46150992394732	0.466173163418291	17.454691702486	0.198052944294123	0.15179625569236	0.283644975628563	14.2242276987157	0.265898515399956	0.314226095495274
