Genus	M30	M31	M32	M33	M34	M35	M54	M55	M56	M57	M58	M59	N12	N13	N15	N16	N17	N51	N52	N53	N86	N87	N88	N90
Bacteria|Actinobacteria|Actinobacteria|Bifidobacteriales|Bifidobacteriaceae|Bifidobacterium	0.30065263621031	0.0833854492391078	0.0518160284247927	0.0893503984544796	0.127991223458963	0.12000192003072	0.165106021652475	0.179507083252474	0.135399792064605	0.170540824670015	0.126233936731551	0.300580431177446	0.133631315807663	0.113512746535496	0.3948988362099	1.69024181763035	0.24543132897748	0.100334448160535	0.725429235638462	1.56148340923878	0.0702176747918548	0.071928333224351	0.121976011384428	0.0897509411383411
Bacteria|Actinobacteria|Actinobacteria|Micrococcales|Micrococcaceae|Rothia	0.0391092860110973	0.023162624788641	0.037011448874852	0.0289785076068582	0.0297122483029735	0.0240003840061441	0.00943462980871288	0.0169803997671259	0.0120892671486255	0.014017054082467	0.0201974298770481	0.0259121061359867	0.0207358938322236	0.0260133377477179	0.0301981462984041	0.0606612071580224	0.0729660707770887	0.0289855072463768	0.0896283225499258	0.0609954456733897	0.0275855150968001	0.0392336363041915	0.0338822253845633	0.00997232679314901
Bacteria|Actinobacteria|Actinobacteria|Micrococcales|Unassigned|Unassigned	0	0	0.00246742992499013	0	0	0	0.00943462980871288	0.0169803997671259	0.00241785342972509	0.00233617568041117	0	0	0.0253438702393844	0.0094593955446247	0.137053125508142	0.113050431521769	0.0165831979038838	0.00222965440356745	0.0280088507968518	0.126057254391672	0.0025077740997091	0.0217964646134397	0.0271057803076506	0.00997232679314901
Bacteria|Actinobacteria|Actinobacteria|Unassigned|Unassigned|Unassigned	0.488866075138716	0.0162138373520487	0.416995657323332	0.234242936488771	0.0891367449089205	0.0984015744251908	0.00471731490435644	0.00485154279060741	0.0217606808675258	0.0186894054432893	0.0328208235502032	0.0129560530679934	0.011519941017902	0.0567563732677482	0.28339798833887	0.0248159483828274	0.0331663958077676	0.00222965440356745	0.0504159314343333	0.0894599869876383	0.0025077740997091	0.00653893938403191	0.00225881502563755	0.0274238986811598
Bacteria|Actinobacteria|Coriobacteriia|Eggerthellales|Eggerthellaceae|Adlercreutzia	0.0244433037569358	0.0185300998309128	0.037011448874852	0.00724462690171456	0.0159989029323703	0.0264004224067585	0.00471731490435644	0.00727731418591112	0.0217606808675258	0.00467235136082233	0.0126233936731551	0.0129560530679934	0.0506877404787687	0.0804048621293099	0.202095286766243	0.121322414316045	0.0729660707770887	0.0156075808249721	0.0532168165140184	0.117924528301887	0.0326010632962183	0.0239761110747837	0.0542115606153012	0.0673132058537558
Bacteria|Actinobacteria|Coriobacteriia|Eggerthellales|Eggerthellaceae|Enteroscipio	0.00488866075138716	0	0.0123371496249507	0	0.0937078600324549	0.0360005760092161	0.00235865745217822	0.00242577139530371	0.00725356028917527	0	0	0.00259121061359867	0.0046079764071608	0.0212836399754056	0.113823782201677	0.038602586373287	0.0198998374846605	0.020066889632107	0.0224070806374814	0.0569290826284971	0.0125388704985455	0.00653893938403191	0.0248469652820131	0.0349031437760215
Bacteria|Actinobacteria|Coriobacteriia|Eggerthellales|Eggerthellaceae|Unassigned	0.00977732150277431	0.0208463623097769	0.0715554678247138	0.00482975126780971	0.0685667268530158	0.052800844813517	0.00235865745217822	0.00242577139530371	0.00967141371890036	0	0.0151480724077861	0	0.0161279174250628	0.0189187910892494	0.0209064089758183	0.110293103923677	0.013266558323107	0.0222965440356745	0.120438058426463	0.0772608978529603	0.0200621927976728	0.0130778787680638	0.0112940751281878	0.0822716960434794
Bacteria|Bacteroidetes|Bacteroidia|Bacteroidales|Bacteroidaceae|Bacteroides	0.970399159150351	0.546637945011929	3.71594946703514	0.659261048056025	0.388544785500423	1.9488311812989	0.816095478453664	1.30263923927809	0.544017021688145	0.829342366545964	1.33555505061981	1.3603855721393	0.149759233232726	0.16080972425862	0.390252967548607	0.0551465519618386	0.305130841431462	0.356744704570792	0.165252219701426	0.248048145738452	0.233222991272946	0.0414132827655354	0.146822976666441	0.339059110967066
Bacteria|Bacteroidetes|Bacteroidia|Bacteroidales|Barnesiellaceae|Barnesiella	0.263987680574907	0.226993722928682	0.56750888274773	0.321178459309346	0.351975864512148	0.432006912110594	0.169823336556832	0.257131767902193	0.106385550907904	0.217264338278239	0.522608498068621	0.500103648424544	0.188927032693593	0.267227924135648	0.267137448024344	0.137866379904596	0.162515339458061	0.0356744704570792	0.128840713665518	0.191119063109954	0.105326512187782	0.0479522221495673	0.0880937859998645	0.109695594724639
Bacteria|Bacteroidetes|Bacteroidia|Bacteroidales|Muribaculaceae|Duncaniella	3.04807997848989	1.54726333588122	4.73253059613107	2.538034291234	2.55068223893219	4.63927422838765	1.54020331627238	1.73685231903745	0.838995140114606	1.12136432659736	2.63071524148552	2.02632669983416	3.73706886620741	3.60639455138817	1.36123951775883	1.18013621198335	5.31988988756592	0.916387959866221	1.65812396717363	3.22462589459987	2.36733875012539	0.804289544235925	2.02389826297125	3.4230011717484
Bacteria|Bacteroidetes|Bacteroidia|Bacteroidales|Muribaculaceae|Muribaculum	0.884847596001076	0.403029671322354	1.72720094749309	0.642356918618691	0.898224121774507	1.18081889310229	0.412765054131189	0.480302736270134	0.26596387726976	0.474243663123467	0.696811330758161	0.611525704809287	2.1749648641799	1.35269356288133	0.606285860298729	0.523892243637467	2.13591589002023	0.376811594202899	0.689017729602554	0.992192582953806	1.49964891162604	0.575426665794808	1.34173612522871	1.57064146992097
Bacteria|Bacteroidetes|Bacteroidia|Bacteroidales|Muribaculaceae|Paramuribaculum	2.11190144459925	1.02147175317907	1.61369917094355	1.06496015455204	0.996503096930496	2.24403590457447	0.922235063801684	0.715602561614593	0.41345293648299	0.485924541525523	1.33303037188518	0.632255389718076	0.594428956523743	0.612495861514449	0.708494970847174	0.540436209226018	1.13429073662565	0.454849498327759	0.557376130857351	0.984059856864021	0.478984853044438	0.241940757209181	0.713785548101466	0.615791179476952
Bacteria|Bacteroidetes|Bacteroidia|Bacteroidales|Muribaculaceae|Unassigned	0.285986653956149	0.0857017117179719	0.409593367548362	0.127988408596957	0.233126871300254	0.369605913694619	0.0825530108262377	0.0654958276732001	0.0435213617350516	0.0397149865669898	0.191875583831957	0.0466417910447761	0.202750961915075	0.0496618266092797	0.448326325814769	0.286762070201561	1.44937149679944	0.22742474916388	0.498557544183962	1.42322706571243	0.0576788042933093	0.0828265655310709	0.0519527455896637	0.0922440228366284
Bacteria|Bacteroidetes|Bacteroidia|Bacteroidales|Prevotellaceae|Prevotella	0.427757815746376	0.226993722928682	0.94255823134623	1.18811881188119	0.422828148926931	1.44722315557049	0.228789772861287	0.208616339996119	0.0773713097512029	0.0957832028968578	0.217122371178268	0.0414593698175788	0.338686265926318	0.669252234782197	0.722432576831053	0.250916811426366	0.331663958077676	0.136008918617614	0.661008878805703	0.435100845803513	0.248269635871201	0.156934545216766	0.108423121230602	0.403879235122535
Bacteria|Bacteroidetes|Bacteroidia|Bacteroidales|Prevotellaceae|Prevotellamassilia	1.79169416538339	3.31920413221226	3.91334386103435	5.38034291234001	1.98157840605216	1.39442231075697	0.301908153878812	0.160100912090045	0.217606808675258	0.34108164934003	0.540281249211038	1.23082504145937	0.170495127064949	0.0922291065600908	0.734047248484285	0.352937932555767	0.50081257669729	0.280936454849498	0.747836316275943	1.97218607677293	0.0877720934898184	0.154754898755422	0.463057080255698	0.142105656802373
Bacteria|Bacteroidetes|Bacteroidia|Bacteroidales|Rikenellaceae|Alistipes	0.435090806873457	0.356704421745072	0.495953414923016	0.540932141994687	0.338262519141545	0.813613017808285	0.261810977191782	0.41238113720163	0.302231678715636	0.392477514309076	0.426670706152642	0.308354063018242	0.942331175264383	0.435132195052736	0.150990731492021	0.0799625003446659	0.497495937116514	0.1917502787068	0.224070806374814	0.170787247885491	0.253285184070619	0.111161969528542	0.264281357999593	0.396399990027673
Bacteria|Bacteroidetes|Flavobacteriia|Flavobacteriales|Weeksellaceae|Unassigned	0.0611082593923395	0.0208463623097769	0.552704303197789	0.0724462690171456	0.0845656297853861	0.093601497623962	0.0825530108262377	0.0363865709295556	0.120892671486254	0.0186894054432893	0.0833143982428236	0.0414593698175788	0.472317581733982	0.312160052972615	0.290366791330809	0.281247415005377	0.583728566216709	0.0423634336677815	0.092429207629611	0.524560832791152	0.308456214264219	0.0675690403016631	0.140046531589528	0.241828924733864
Bacteria|Candidatus_Saccharibacteria|Unassigned|Unassigned|Unassigned|Saccharibacteria_genera_incertae_sedis	0.0122216518784679	0	0.00493485984998026	0.147307413668196	0.00228555756176719	0.00480007680122882	0.00235865745217822	0	0.0241785342972509	0.00233617568041117	0.14895604534323	0	0.251134714190263	0.156080026486308	0.220678761411415	0.763779744671464	0.198998374846605	0.272017837235229	0.484553118785536	0.418835393623943	0.100310963988364	0.0675690403016631	0.126493641435703	0.206925780957842
Bacteria|Deferribacteres|Deferribacteres|Deferribacterales|Deferribacteraceae|Mucispirillum	0.0366649556354037	0.898709841799273	0.0863600473746546	0.0313933832407631	0.0411400361118095	0.0504008064129026	0.943462980871288	0.754414903939453	0.236949636113059	0.616750379628548	0.0151480724077861	0.269485903814262	0.0184319056286432	0.0094593955446247	0.00696880299193942	0.0165439655885516	0.149248781134954	0.0557413600891862	0.00560177015937036	0	0	0.0305150504588156	0.275575433127781	0.221884271147566
Bacteria|Firmicutes|Bacilli|Bacillales|Staphylococcaceae|Staphylococcus	0.0268876341326294	0.0370601996618257	0.0172720094749309	0.0676165177493359	0.0182844604941375	0.0336005376086017	0.0165106021652475	0.00970308558121483	0.00483570685945018	0.0070085270412335	0.00757403620389305	0.0310945273631841	0.00921595281432159	0.014189093316937	0.00696880299193942	0.176468966277883	0.192365095685052	0.11371237458194	0.145646024143629	0.166720884840599	0.137927575484	0.102443383683167	0.180705202051004	0.164543392086959
Bacteria|Firmicutes|Bacilli|Lactobacillales|Enterococcaceae|Enterococcus	0.381315538608198	0.2710027100271	0.301026450848796	0.301859454238107	0.303979155715037	0.316805068881102	0.181616623817723	0.28138948185523	0.207935394956358	0.214928162597827	0.229745764851423	0.233208955223881	0.253438702393844	0.27195762190796	0.313596134637274	0.250916811426366	0.202315014427382	0.153846153846154	0.145646024143629	0.178919973975276	0.100310963988364	0.071928333224351	0.164893496871541	0.147091820198948
Bacteria|Firmicutes|Bacilli|Lactobacillales|Enterococcaceae|Melissococcus	0.00244433037569358	0	0.00986971969996052	0.118328906061338	0.011427787808836	0.0192003072049153	0.021227917069604	0	0.00241785342972509	0.00233617568041117	0	0.139925373134328	0.0023039882035804	0.0307430355200303	0.0209064089758183	0.00827198279427579	0.00331663958077676	0.00445930880713489	0	0.227716330513988	0.0025077740997091	0.0196168181520957	0.10164667615369	0
Bacteria|Firmicutes|Bacilli|Lactobacillales|Lactobacillaceae|Lactobacillus	0.0439979467624844	0.0138975748731846	0.019739439399921	0.0193190050712388	0.00685667268530158	0.012000192003072	0.290114866617921	0.0679215990685038	0.0773713097512029	0.334073122298797	0.0227221086116792	0.336857379767828	0.103679469161118	0.0283781866338741	0.91523612627471	1.17462155678716	1.25037312195284	0.198439241917503	0.193261070498277	0.565224463240078	0.253285184070619	0.14821595937139	0.481127600460798	0.289197477001321
Bacteria|Firmicutes|Bacilli|Lactobacillales|Lactobacillaceae|Ligilactobacillus	0.0659969201437266	0.0532740370138744	0.076490327674694	0.0507123883120019	0.125705665897196	0.472807564921039	0.00235865745217822	0.0291092567436445	0.0338499480161513	0.0747576217731573	0.0252467873463102	0.0336857379767828	0.0645116697002511	0.108783048763184	0.715463773839114	0.319850001378664	0.119399024907963	0.211817168338907	0.0840265523905554	0.8295380611581	0.1103420603872	0.143856666448702	0.0745408958460392	0.122161003216075
Bacteria|Firmicutes|Bacilli|Lactobacillales|Lactobacillaceae|Limosilactobacillus	0.151548483293002	0.0486415120561462	0.0296091590998816	0.0241487563390485	0.0319978058647407	0.331205299284789	0.00943462980871288	0.00485154279060741	0.0217606808675258	0.00467235136082233	0.00504935746926204	0.152881426202322	0.0023039882035804	0.0165539422030932	0.0650421612581012	0.107535776325585	0.0331663958077676	0.0758082497212932	0.00840265523905554	0.0365972674040338	0.0175544186979637	0.0217964646134397	0.0271057803076506	0.0174515718880108
Bacteria|Firmicutes|Bacilli|Lactobacillales|Streptococcaceae|Streptococcus	0.320207279215859	0.282584022421421	0.315831030398737	0.434677614102874	0.329120288894476	0.436806988911823	0.412765054131189	0.2619833106928	0.169249740080756	0.177549351711249	0.24741851599384	0.194340796019901	0.225790843950879	0.323984297403396	0.506399684080931	0.468745691675628	0.361513714304667	0.245261984392419	0.310898243845055	0.443233571893299	0.228207443073528	0.174371716907518	0.325269363691807	0.201939617561267
Bacteria|Firmicutes|Clostridia|Clostridiales|Christensenellaceae|Christensenella	0	0.0023162624788641	0.00246742992499013	0	0	0	0	0	0	0.00233617568041117	0.00252467873463102	0	0.156671197843467	0.16080972425862	0.209064089758183	0.270218104613009	0.0331663958077676	0.0334448160535117	0.109234518107722	0.642485361093038	0.0200621927976728	0.0152575252294078	0.0383998554358384	0.114681758121214
Bacteria|Firmicutes|Clostridia|Clostridiales|Clostridiaceae_1|Clostridium_sensu_stricto	0.505976387768571	0.525791582702152	4.39696012633241	0.871770103839652	0.662811692912486	1.00321605145682	0.403330424322476	0.041238113720163	0.0411035083053265	0.0303702838453452	0.0504935746926204	0.0647802653399668	0.0391677994608668	0.0874994087877785	0.0557504239355153	0.515620260843191	0.394680110112434	0.256410256410256	0.319300899084111	0.41476903057905	0.235730765372655	0.294252272281436	0.316234103589257	0.0822716960434794
Bacteria|Firmicutes|Clostridia|Clostridiales|Clostridiaceae_1|Unassigned	0	0.0023162624788641	0.00246742992499013	0	0	0	0	0	0	0	0.00252467873463102	0	0	0	0	0.0193012931866435	0.00663327916155351	0.0535117056856187	0.759039856594684	0	0.0025077740997091	0.0174371716907518	0.0090352601025502	0.00498616339657451
Bacteria|Firmicutes|Clostridia|Clostridiales|Clostridiaceae_2|Alkaliphilus	0.00977732150277431	0	0	0.00724462690171456	0.0617100541677142	0.0384006144098306	0.021227917069604	0.118862798369882	0.053192775453952	0.0770937974535685	0.0631169683657755	0.101057213930348	18.5355850978043	21.1275599489193	5.04773630049479	11.9447431549342	4.54711286524493	0.274247491638796	0.126039828585833	3.11890045543266	2.99428227505266	0.11552126245123	2.1413566443044	8.2147041958565
Bacteria|Firmicutes|Clostridia|Clostridiales|Clostridiales_Incertae_Sedis_XIII|Aminipila	0.100217545403437	0.0370601996618257	0.0641531780497434	0.0700313933832408	0.0502822663588782	0.0552008832141314	0.0872703257305942	0.0946050844168446	0.0314320945864262	0.0327064595257563	0.0908884344467167	0.0673714759535655	0.0023039882035804	0.00236484888615617	0.0139376059838788	0.0165439655885516	0.013266558323107	0.00445930880713489	0.00560177015937036	0.0203318152244632	0.00752332229912729	0.0108982323067198	0.0112940751281878	0.0598339607588941
Bacteria|Firmicutes|Clostridia|Clostridiales|Clostridiales_Incertae_Sedis_XIII|Bacilliculturomica	0.00244433037569358	0	0	0	0.00457111512353439	0.00240003840061441	0	0.00242577139530371	0.00241785342972509	0	0.00504935746926204	0.00518242122719735	0.0506877404787687	0.125336990966277	0.304304397314688	0.0579038795599305	0.11276574574641	0.0691192865105908	0.0784247822311851	0.187052700065062	0.0401243855953456	0.0261557575361276	0.0316234103589257	0.124654084914363
Bacteria|Firmicutes|Clostridia|Clostridiales|Clostridiales_Incertae_Sedis_XIII|Ihubacter	0.0708855808951138	0.0301114122252334	0.0444137386498223	0.0410528857763825	0.0228555756176719	0.0216003456055297	0.0448144915913862	0.0145546283718222	0.0314320945864262	0.0210255811237005	0.0681663258350375	0.0570066334991708	0.00921595281432159	0.00472969777231235	0.00232293433064647	0.00551465519618386	0.00994991874233027	0.00891861761426979	0.00840265523905554	0.0081327260897853	0	0.00435929292268794	0.0090352601025502	0.00249308169828725
Bacteria|Firmicutes|Clostridia|Clostridiales|Defluviitaleaceae|Defluviitalea	0	0	0	0	0	0	0	0	0	0	0	0	0.023039882035804	0.0094593955446247	0.267137448024344	0.195770259464527	0.11276574574641	0.0334448160535117	0.0672212419124443	0.581489915419649	0.0125388704985455	0.0283354039974716	0.0767997108716767	0.0747924509486176
Bacteria|Firmicutes|Clostridia|Clostridiales|Eubacteriaceae|Eubacterium	0.141771161790228	0.201514835661177	0.0690880378997236	0.130403284230862	2.82494914634425	0.2832045312725	0.485883435148713	0.645255191150786	0.435213617350516	0.52096717673169	0.378701810194653	0.868055555555556	0.0668156579038315	0.108783048763184	2.37636182025134	0.286762070201561	0.0994991874233027	0.0468227424749164	0.0728230120718147	0.150455432661028	0.494031497642692	0.246300050131869	0.0496939305640261	1.49086285557578
Bacteria|Firmicutes|Clostridia|Clostridiales|Lachnospiraceae|Acetatifactor	1.6743663073501	1.15581497695319	0.826589024871694	1.43443612653948	1.030786460357	3.40325445207123	3.06861334528386	4.00252280225112	6.02045504001547	2.01845578787525	4.57724254588604	0.64521144278607	0.9285072460429	0.64323889703448	1.3844688610653	1.13877629801197	1.73791914032702	2.32775919732441	2.10626557992326	1.36223162003904	1.49463336342662	3.39152989385122	2.91613019809808	1.68033706464561
Bacteria|Firmicutes|Clostridia|Clostridiales|Lachnospiraceae|Agathobacter	0.0122216518784679	0.0486415120561462	0.101164626924595	0.0338082588746679	0.0297122483029735	0.0144002304036865	0.0330212043304951	0.152823597904134	0	0.0443873379278122	0.0706910045696685	0.0207296849087894	0.0253438702393844	0.0260133377477179	0.0418128179516365	0.190255604268343	0.00663327916155351	0.0356744704570792	0.103632747948352	0.0447299934938191	0.0326010632962183	0.0174371716907518	0.0293645953332882	0.219391189449278
Bacteria|Firmicutes|Clostridia|Clostridiales|Lachnospiraceae|Anaerobutyricum	0.00244433037569358	0.00463252495772821	0.0271417291748914	0	0.11427787808836	0.18480295684731	0.45050357336604	0.482728507665438	0.00483570685945018	0.299030487092629	0.315584841828877	0	0.00691196461074119	0.00236484888615617	0.00929173732258589	0	0	0	0.00280088507968518	0	0	0	0.00225881502563755	0.00498616339657451
Bacteria|Firmicutes|Clostridia|Clostridiales|Lachnospiraceae|Anaerocolumna	0.562195986409523	1.01915549070021	0.557639163047769	0.379135474523062	0.326834731332709	1.44242307876926	0.832606080618912	0.604017077430623	0.234531782683334	1.18677724564887	0.845767376101391	0.95615671641791	6.04336105799138	5.39895000709455	5.8584403818904	5.8069319215816	2.31833106696295	4.69342251950948	1.07834075567879	3.91997397527651	7.25248269635871	1.90937030013732	8.92006053624269	6.89337089576425
Bacteria|Firmicutes|Clostridia|Clostridiales|Lachnospiraceae|Anaerosporobacter	0.017110312629855	0	0	0.016904129437334	0.00457111512353439	0.00240003840061441	0.158030049295941	0.0654958276732001	0.116056964626804	0.0537320406494568	0.00504935746926204	0.00518242122719735	0.0046079764071608	0.00236484888615617	0.00464586866129294	0.00827198279427579	0.00663327916155351	0.0289855072463768	0.00560177015937036	0.00406636304489265	0	0.0239761110747837	0.0316234103589257	0.00249308169828725
Bacteria|Firmicutes|Clostridia|Clostridiales|Lachnospiraceae|Anaerostipes	0.00488866075138716	0.0532740370138744	0.0986971969996052	0.00482975126780971	0.0205700180559047	0.0648010368165891	0.0849116682784159	0.0339607995342519	0.00967141371890036	0.0443873379278122	0.12370925799692	0.0129560530679934	0.0299518466465452	0.0591212221539044	0.106854979209738	0.0689331899522982	0.0431163145500978	0.0624303232998885	0.0868274374702406	0.0325309043591412	0.0125388704985455	0.0414132827655354	0.103905491179327	0.0448754705691705
Bacteria|Firmicutes|Clostridia|Clostridiales|Lachnospiraceae|Anaerotaenia	0.0122216518784679	0.590646932110347	0.00986971969996052	0.352571842550109	0.00685667268530158	0.00720011520184323	0.113215557704555	0.00242577139530371	0.251456756691409	0.070085270412335	0.118659900527658	0.111422056384743	0.011519941017902	0	0.00232293433064647	0.00275732759809193	0.00663327916155351	0.00668896321070234	0.00840265523905554	0.00406636304489265	0.00752332229912729	0.00217964646134397	0.56244494138375	0.00249308169828725
Bacteria|Firmicutes|Clostridia|Clostridiales|Lachnospiraceae|Anaerotignum	0.0146659822541615	0.0277951497463693	0.037011448874852	0.0289785076068582	0.00685667268530158	0.012000192003072	0.042455834139208	0.0169803997671259	0.00725356028917527	0.056068216329868	0.0151480724077861	0.230617744610282	0.023039882035804	0.040202431064655	0.104532044879091	0.0992637935313095	0.0298497562269908	0.00891861761426979	0.030809735876537	0.0772608978529603	0.0401243855953456	0.0305150504588156	0.0135528901538253	0.0648201241554686
Bacteria|Firmicutes|Clostridia|Clostridiales|Lachnospiraceae|Blautia	0.879958935249688	0.731938943321057	2.18120805369128	1.43202125090558	0.825086279797957	0.722411558584937	2.9459631577706	0.882980787890549	0.759205976933678	0.990538488494335	1.25224065237698	0.513059701492537	0.691196461074119	0.491888568320484	0.464586866129295	0.333636639369123	0.749560545255547	0.341137123745819	0.946699156933591	0.374105400130124	0.44387601564851	0.945966564223283	0.397551444512209	0.618284261175239
Bacteria|Firmicutes|Clostridia|Clostridiales|Lachnospiraceae|Caecibacterium	0	0.0023162624788641	0	0	0	0.00480007680122882	0	0.00727731418591112	0	0	0	0	0.00921595281432159	0	0.00232293433064647	0.0275732759809193	0.0530662332924281	0.301003344481605	0.030809735876537	0.0081327260897853	0.16802086468051	0.782493079622485	0.648279912357977	0.0423823888708833
Bacteria|Firmicutes|Clostridia|Clostridiales|Lachnospiraceae|Clostridium_XlVa	0.554862995282442	0.342806846871888	0.629194630872483	0.722047814537551	1.53132356638402	2.32083713339413	1.02129867679317	1.06248787114302	3.98220459875722	1.01623642097886	0.782650407735616	0.54674543946932	1.34783309909453	1.09728988317647	2.13477664986411	4.46135605371274	1.79098537361945	6.81382385730212	2.86810632159763	1.97625243981783	7.85936402848831	14.6668410383836	2.73542499604707	2.36842761337289
Bacteria|Firmicutes|Clostridia|Clostridiales|Lachnospiraceae|Clostridium_XlVb	0	0	0	0	0	0	0	0	0	0	0	0	0.0023039882035804	0.00236484888615617	0.0301981462984041	0.0303306035790112	0.0331663958077676	0.0356744704570792	0.176455760020166	0.0528627195836044	0.0300932891965092	0.167832777523486	0.0225881502563755	0.00747924509486176
Bacteria|Firmicutes|Clostridia|Clostridiales|Lachnospiraceae|Cuneatibacter	0.131993840287453	0.340490584393023	0.152980655349388	0.0579570152137165	0.100564532717756	0.10320165122642	0.226431115409109	0.220745196972637	0.0991319906187287	0.175213176030838	0.166628796485647	0.119195688225539	0.108287445568279	0.106418199877028	0.301981462984041	0.347423277359583	0.596995124539816	1.58751393534002	0.613393832451054	0.317176317501627	1.64760758350888	1.37535691710805	0.399810259537846	0.845154695719379
Bacteria|Firmicutes|Clostridia|Clostridiales|Lachnospiraceae|Eisenbergiella	3.84248735059031	2.44134065272277	1.99368337939203	2.17821782178218	1.35533563412795	1.43042288676619	5.10177606906149	6.59324665243547	2.620953117822	3.98785188646186	6.54901663763286	1.91231343283582	1.34092113448379	0.692900723643759	0.987247090524751	1.38142112664406	1.54887068422275	7.32664437012263	5.55415511301571	1.75666883539362	4.18296719831478	5.08729484077683	2.78737774163674	2.39335843035576
Bacteria|Firmicutes|Clostridia|Clostridiales|Lachnospiraceae|Enterocloster	3.85226467209308	6.20063465591921	5.79599289380182	2.1878773243178	1.32105227070144	3.0984495751932	2.98606033445763	3.98796817387929	6.33961169273919	5.73063894404859	4.22883688050696	2.81146351575456	0.63820473239177	0.446956439483517	0.675973890218123	0.683817244326798	3.02145865808763	5.25306577480491	1.55449121922528	0.67501626545218	1.12348279666968	1.65217201769873	7.55347744573197	0.478671686071153
Bacteria|Firmicutes|Clostridia|Clostridiales|Lachnospiraceae|Extibacter	0.0122216518784679	0.0023162624788641	0	0.00241487563390485	0.00228555756176719	0.00480007680122882	0.00235865745217822	0.00970308558121483	0	0.00467235136082233	0.00252467873463102	0	0.0138239292214824	0.0378375821784988	0.0232293433064647	0.0248159483828274	0.0795993499386422	0.0936454849498328	0.061619471753074	0.0609954456733897	0.190590831577891	0.374899191351163	0.0135528901538253	0.134626411707512
Bacteria|Firmicutes|Clostridia|Clostridiales|Lachnospiraceae|Faecalicatena	0.520642370022732	0.38913209644917	0.150513225424398	0.485390002414876	0.523392681644687	0.856813709019344	1.47180225015921	0.429361536968756	0.565777702555671	0.362107230463731	0.603398217576813	0.528606965174129	0.131327327604083	0.0496618266092797	0.146344862830728	0.195770259464527	0.212264933169712	0.269788182831661	0.574181441335462	0.19925178919974	0.433844919249674	0.324767322740251	0.133270086512615	0.244322006432151
Bacteria|Firmicutes|Clostridia|Clostridiales|Lachnospiraceae|Faecalimonas	0.10266187577913	0.226993722928682	0.661271219897355	0.123158657329148	0.109706762964825	0.0864013824221188	0.214637828148218	0.164952454880652	0.0870427234701032	0.128489662422614	0.0934131131813477	0.103648424543947	1.30175333502292	0.24121458638793	0.713140839508467	0.576281468001213	0.739610626513217	1.27982162764771	1.12875668711313	0.410702667534157	0.747316681713311	1.22714095773666	1.00969031645999	0.703049038917005
Bacteria|Firmicutes|Clostridia|Clostridiales|Lachnospiraceae|Falcatimonas	0	0.00926504991545642	0.00740228977497039	0.0217338807051437	0	0.136802188835021	0.00943462980871288	0.0291092567436445	0.00483570685945018	0.00233617568041117	0.0252467873463102	0.0181384742951907	0.00921595281432159	0.0118242444307809	0.0255522776371112	0.286762070201561	0.0431163145500978	0.490523968784838	0.495756659104277	0.638418998048146	0.173036412879928	0.189629242136925	0.490162860563349	0.0249308169828725
Bacteria|Firmicutes|Clostridia|Clostridiales|Lachnospiraceae|Frisingicoccus	0.0659969201437266	0.0995992865911565	0.0814251875246743	0.0965950253561942	0.0731378419765502	0.0768012288196611	0.0849116682784159	0.0800504560450223	0.0822070166106531	0.0537320406494568	0.0631169683657755	0.0414593698175788	0.488445499159044	0.167904270917088	0.970986550210226	0.846499572614222	1.00494179297536	0.811594202898551	2.80648684984455	1.39882888744307	0.692145651519711	0.664792170709911	1.31914797497233	0.206925780957842
Bacteria|Firmicutes|Clostridia|Clostridiales|Lachnospiraceae|Fusicatenibacter	0.00488866075138716	0.0277951497463693	0.0641531780497434	0.0265636319729534	0.107421205403058	0.0480007680122882	0.00943462980871288	0.058218513487289	0.0169249740080756	0.0327064595257563	0.0479688959579893	0.0492330016583748	0.1175033983826	0.0614860710400605	0.0255522776371112	0.132351724708413	0.0298497562269908	0.0312151616499443	0.0504159314343333	0.0487963565387118	0.0376166114956365	0.0457725756882234	0.0180705202051004	0.0747924509486176
Bacteria|Firmicutes|Clostridia|Clostridiales|Lachnospiraceae|Hungatella	0.0146659822541615	0.0277951497463693	0.0172720094749309	0.0724462690171456	0.0205700180559047	0.0384006144098306	0.00471731490435644	0.0654958276732001	0.0217606808675258	0.0256979324845228	0.0504935746926204	0.0855099502487562	0.0967675045503767	0.148985479827839	0.0418128179516365	0.405327156919514	0.34824715598156	0.494983277591973	0.268884967649777	0.370039037085231	0.315979536563346	0.810828483619957	0.551150866255562	0.122161003216075
Bacteria|Firmicutes|Clostridia|Clostridiales|Lachnospiraceae|Kineothrix	7.38187773459461	13.5153915641721	8.45834978286617	4.40473315624245	3.48090416657144	5.58968943503096	13.1707432129632	11.541820298855	16.5792209676249	14.7038897325079	11.0353707490722	13.0156509121061	8.38651706103265	8.00974317741096	7.58670352389138	4.3400336393967	11.7409041159497	17.6521739130435	10.7441951656724	3.8142485361093	13.888052964189	16.7680202271192	12.4867294617244	10.6429657699883
Bacteria|Firmicutes|Clostridia|Clostridiales|Lachnospiraceae|Lachnospira	0.0146659822541615	0.0023162624788641	0	0	0	0.612009792156675	0.00235865745217822	0	0	0	0	0	0.011519941017902	0	0	0.00275732759809193	0.0895492686809724	0.0133779264214047	0.00560177015937036	0.0081327260897853	0.0626943524927275	0.0348743433815035	0.00677644507691265	0.00747924509486176
Bacteria|Firmicutes|Clostridia|Clostridiales|Lachnospiraceae|Lachnospiracea_incertae_sedis	3.844931680966	0.928821254024506	2.748716936439	0.961120502294132	2.74038351655886	4.20006720107522	2.25487652428238	2.06190568600815	0.851084407263232	1.13771755636024	0.64379307733091	1.73870232172471	0.935419210653642	1.10911412760725	5.84682571023717	3.15714009981526	3.24035687041889	2.20958751393534	3.59353555723609	4.15175666883539	5.74029491423413	3.06894221757231	0.46079826523006	4.17591184463115
Bacteria|Firmicutes|Clostridia|Clostridiales|Lachnospiraceae|Lachnotalea	0.063552589768033	0.00463252495772821	0.00986971969996052	0.0917652740883844	0.00914223024706877	0.0192003072049153	0.219355143052574	0.041238113720163	0.0120892671486255	0.114472608340147	0.00252467873463102	0.0544154228855721	0.0046079764071608	0	0	0	0.00331663958077676	0.00222965440356745	0	0	0.0100310963988364	0.00653893938403191	0	0.00249308169828725
Bacteria|Firmicutes|Clostridia|Clostridiales|Lachnospiraceae|Lacrimispora	14.7124245312997	21.3281449053807	13.5708645874457	12.0188360299445	6.3538500217128	6.19689915038641	12.5008844965446	9.61090626819328	9.71493508063541	22.7426702488027	14.1306268777298	25.8369610281924	7.1584913485243	4.28037648394268	1.09642500406514	2.53398406264648	1.79430201320023	5.25975473801561	2.60482312410722	1.08978529603123	4.69455311465543	10.113559580636	12.1637189130582	6.23270424571813
Bacteria|Firmicutes|Clostridia|Clostridiales|Lachnospiraceae|Marvinbryantia	0.904402239006624	0.755101568109698	0.150513225424398	1.13740642356919	0.795374031494983	2.34963759420151	3.37995612897139	3.90791771783427	3.97253318503832	2.89452166802944	5.82443384079376	1.38629767827529	0.216574891136557	0.146620630941683	0.418128179516365	0.154410345493148	0.25538124771981	2.07803790412486	0.330504439402851	0.117924528301887	0.193098605677601	0.289892979358748	1.04809017189582	0.19944653586298
Bacteria|Firmicutes|Clostridia|Clostridiales|Lachnospiraceae|Mediterraneibacter	0.0977732150277432	0.352071896787344	0.0468811685748125	0.115914030427433	0.0731378419765502	0.177602841645466	0.540132556548812	0.325053366970697	0.210353248386083	0.193902581474127	0.141382009139337	1.20232172470978	0.283390549040389	0.309795204086459	0.1649283374759	0.824440951829487	0.205631654008159	0.775919732441471	0.123238943506148	0.548959011060507	1.29150366135019	0.721462978704854	0.639244652255427	1.12936600932413
Bacteria|Firmicutes|Clostridia|Clostridiales|Lachnospiraceae|Merdimonas	0.413091833492215	1.66307645982443	0.296091590998816	0.415358609031635	1.29819669508377	0.211203379254068	1.10856900252376	1.24684649718611	1.04451268164124	0.689171825721294	0.363553737786867	0.437914593698176	0.152063221436306	0.0378375821784988	0.123115519524263	0.195770259464527	0.321714039335345	0.787068004459309	0.414530991793407	0.406636304489265	0.363627244457819	0.505677979031801	0.304940028461069	0.157064146992097
Bacteria|Firmicutes|Clostridia|Clostridiales|Lachnospiraceae|Oribacterium	0.0317762948840165	0.0694878743659231	0.111034346624556	0.00482975126780971	0.0731378419765502	0.012000192003072	0.0259452319739604	0.0291092567436445	0.0483570685945018	0.0210255811237005	0.0100987149385241	0.0207296849087894	0.0161279174250628	0.054391524381592	0.109177913540384	0.0689331899522982	0.116082385327186	0.115942028985507	0.327703554323166	0.0569290826284971	0.0877720934898184	0.246300050131869	0.0248469652820131	0.0473685522674578
Bacteria|Firmicutes|Clostridia|Clostridiales|Lachnospiraceae|Roseburia	0.0586639290166459	0.0602228244504667	0.113501776549546	0.127988408596957	0.0937078600324549	1.14241827869246	0.221713800504753	0.28138948185523	0.0942962837592785	0.0794299731339797	0.401423918806332	0.142516583747927	0.246526737783103	0.106418199877028	0.989570024855397	0.711390520307718	0.679911114059235	2.04013377926421	3.19861076100048	1.19144437215355	4.39612799679005	1.19226661435515	0.390774999435296	0.785320734960485
Bacteria|Firmicutes|Clostridia|Clostridiales|Lachnospiraceae|Ruminococcus2	0.00244433037569358	0	0	0.00724462690171456	0	0.00480007680122882	0.00235865745217822	0	0.00241785342972509	0.00233617568041117	0	0.00518242122719735	0.0138239292214824	0.00236484888615617	0.227647564403354	0.181983621474067	0.0563828728732049	0.0445930880713489	0.0756238971514999	0.935263500325309	0.0376166114956365	0.337845201508315	0.11971719635879	0.0573408790606068
Bacteria|Firmicutes|Clostridia|Clostridiales|Lachnospiraceae|Schaedlerella	0.322651609591552	0.250156347717323	0.471279115673115	0.214923931417532	0.877654103718602	0.640810252964047	0.634478854635941	0.839316902775082	0.418288643342441	0.292021960051396	0.315584841828877	0.487147595356551	0.497661451973366	0.584117674880575	0.959371878556993	2.15623018170789	0.713077509867003	1.32441471571906	1.96061955577963	1.78513337670787	1.08335841107433	0.935068331916563	0.463057080255698	0.939891800254294
Bacteria|Firmicutes|Clostridia|Clostridiales|Lachnospiraceae|Sellimonas	0	0.0115813123943205	0.019739439399921	0.00241487563390485	0.00914223024706877	0.312004992079873	0.922235063801684	0.591888220454104	0.159578326361856	0.151851419226726	0.325683556767401	0.00259121061359867	0.011519941017902	0.0094593955446247	0.00929173732258589	0.00827198279427579	0.00994991874233027	0.00445930880713489	0.00560177015937036	0	0.0100310963988364	0.0108982323067198	0.020329335230738	0.0124654084914363
Bacteria|Firmicutes|Clostridia|Clostridiales|Lachnospiraceae|Stomatobaculum	0.241988707193664	0.159822111041623	0.264015001973944	0.0724462690171456	0.102850090279524	1.95603129650074	0.481166120244357	0.587036677663497	0.476317125655843	0.303702838453452	0.39637456133707	0.101057213930348	0.0760316107181531	0.0567563732677482	0.160282468814607	0.162682328287424	0.278597724785248	0.318840579710145	0.364115060359073	0.235849056603774	0.290901795566255	0.706205453475446	0.307198843486707	0.177008800578395
Bacteria|Firmicutes|Clostridia|Clostridiales|Lachnospiraceae|Syntrophococcus	0	0.0138975748731846	0	0.0120743781695243	0.00228555756176719	0.00240003840061441	0.00235865745217822	0.00727731418591112	0.00483570685945018	0.014017054082467	0	0.189158374792703	0.0023039882035804	0.0638509199262167	0.102209110548445	0.0358452587751951	0.0165831979038838	0.0133779264214047	0.0252079657171666	0.0365972674040338	0.193098605677601	0.108982323067198	0.0835761559485894	0.0249308169828725
Bacteria|Firmicutes|Clostridia|Clostridiales|Lachnospiraceae|Unassigned	15.291730830339	11.8314687420378	7.85382945124358	14.4047331562425	6.65554361986607	19.0779052464839	21.2774488760997	22.2152144381913	21.0038927440219	10.8935871977573	13.7090055290464	6.82265754560531	6.41660714697141	5.02293903419571	20.783293456294	8.12308710397882	18.5366986169613	13.5830546265329	13.2817970478671	17.7212101496422	13.750125388705	13.3873885655747	15.7710465090014	5.77148413153499
Bacteria|Firmicutes|Clostridia|Clostridiales|Peptococcaceae_1|Desulfitobacterium	0.0244433037569358	0.00926504991545642	0.0468811685748125	0.082105771552765	0.164560144447238	0.00240003840061441	0	0.00242577139530371	0.00241785342972509	0.467235136082233	0	0.222844112769486	0.046079764071608	0.0449321288369673	0.0185834746451718	0.00551465519618386	0.189048456104275	0.0981047937569677	0.0196061955577963	0.0284645413142485	0.0300932891965092	0.0959044442991347	0.108423121230602	0.029916980379447
Bacteria|Firmicutes|Clostridia|Clostridiales|Peptococcaceae_2|Pelotomaculum	0.36909388672973	0.238575035323003	0.273884721673904	0.099009900990099	0.0159989029323703	0.156002496039937	0.181616623817723	0.30079565301766	0.377185135037114	0.0116808784020558	0.330732914236663	0.0129560530679934	0.11519941017902	0.0283781866338741	0.00696880299193942	0.00827198279427579	0.152565420715731	0.182831661092531	0.120438058426463	0.00406636304489265	0.0526632560938911	0.246300050131869	0.0338822253845633	0.0473685522674578
Bacteria|Firmicutes|Clostridia|Clostridiales|Peptostreptococcaceae|Romboutsia	0.469311432133167	0.176035948393672	0.498420844848006	0.403284230862111	0.299408040591502	1.11361781788509	0.448144915913862	0.230448282553852	0.14265335235378	0.098119378577269	1.28506147592719	0.318718905472637	0.0253438702393844	0.0520266754954358	0.0348440149596971	0.0413599139713789	0.0198998374846605	0.020066889632107	0.0196061955577963	0.0121990891346779	0.0175544186979637	0.00871858584537588	0.0316234103589257	0.0324100620777343
Bacteria|Firmicutes|Clostridia|Clostridiales|Peptostreptococcaceae|Unassigned	0	0	0	0	0.00914223024706877	0.0168002688043009	0.00707597235653466	0.0315350281389482	0.0145071205783505	0.0210255811237005	0.0100987149385241	0.015547263681592	3.8315323825542	5.14354632738968	0.664359218564891	0.708633192709626	0.198998374846605	0.020066889632107	0.16245133462174	0.26024723487313	0.478984853044438	0.237581464286493	0.797361704050055	6.13048789608835
Bacteria|Firmicutes|Clostridia|Clostridiales|Ruminococcaceae|Acetivibrio	0.23221138569089	0.0115813123943205	0.00986971969996052	0.318763583675441	0.409114803556328	0.14160226563625	0.0542491214000991	0.0703473704638075	0.154742619502406	0.028034108164934	0.0555429321618824	0.0544154228855721	0.0322558348501256	0.0449321288369673	0.190480615113011	0.0909918107370337	0.198998374846605	0.0535117056856187	0.187659300338907	0.313109954456734	0.263316280469455	0.0501318686109113	0.284610693230331	0.0498616339657451
Bacteria|Firmicutes|Clostridia|Clostridiales|Ruminococcaceae|Acutalibacter	0.109994866906211	0.0023162624788641	0.00246742992499013	0.140062786766482	0.141704568829566	0.0744011904190467	0.063683751208812	0.356588395109645	0.0362678014458764	0.142506716505081	0.0504935746926204	0.0103648424543947	0.0391677994608668	0.0236484888615617	0.19744941810495	0.427385777704249	0.212264933169712	0.20958751393534	0.154048679382685	0.268379960962915	0.0300932891965092	0.12641949475795	0.300422398409794	0.109695594724639
Bacteria|Firmicutes|Clostridia|Clostridiales|Ruminococcaceae|Anaeromassilibacillus	0.0611082593923395	0.044008987098418	0.0468811685748125	0.0120743781695243	0.0251411331794391	0.0240003840061441	0.0495318064957426	0.0218319425577334	0.0314320945864262	0.0373788108865787	0.0126233936731551	0.00259121061359867	0.00691196461074119	0.0118242444307809	0.11846965086297	0.0606612071580224	0.0232164770654373	0.0557413600891862	0.0252079657171666	0.0935263500325309	0.0652021265924366	0.132958434141982	0.0135528901538253	0.0224377352845853
Bacteria|Firmicutes|Clostridia|Clostridiales|Ruminococcaceae|Anaerotruncus	0.329984600718633	0.277951497463693	0.56010659297276	0.0893503984544796	0.11427787808836	0.110401766428263	0.0400971766870297	0.058218513487289	0.145071205783505	0.401822217030721	0.265091267136257	0.347222222222222	0.0046079764071608	0.00236484888615617	0.00696880299193942	0.00275732759809193	0.0729660707770887	0.0133779264214047	0.00280088507968518	0.00406636304489265	0.0100310963988364	0.0108982323067198	0	0.0224377352845853
Bacteria|Firmicutes|Clostridia|Clostridiales|Ruminococcaceae|Butyricicoccus	0.171103126298551	0.111180598985477	0.207264113699171	0.0893503984544796	0.0388544785500423	0.0432006912110594	0.183975281269901	0.152823597904134	0.188592567518557	0.189230230113305	0.121184579262289	0.339448590381426	0.0737276225145727	0.364186728468051	0.564473042347093	0.507348278048915	0.467646180889523	0.889632107023411	1.79256645099852	0.309043591411841	0.268331828668874	1.24021883650472	0.43369248492241	0.186981127371544
Bacteria|Firmicutes|Clostridia|Clostridiales|Ruminococcaceae|Clostridium_IV	0.679523844442815	0.447038658420772	0.446604816423214	0.396039603960396	0.546248257262359	0.439207027312437	1.06611316838456	1.20560838346594	0.819652312676806	1.12603667795818	0.982100027771466	0.445688225538972	0.138239292214824	0.0756751643569976	0.0929173732258589	0.0413599139713789	0.344930516400783	0.180602006688963	0.126039828585833	0.0528627195836044	0.105326512187782	0.0959044442991347	0.121976011384428	0.112188676422926
Bacteria|Firmicutes|Clostridia|Clostridiales|Ruminococcaceae|Colidextribacter	0.496199066265796	0.0115813123943205	0.74763126727201	0.441922241004588	1.21363106529838	0.715211443383094	0.160388706748119	0.278963710459926	0.406199376193815	0.247634622123584	0.454442172233583	0.171019900497512	0.147455245029145	0.0378375821784988	0.234616367395294	0.173711638679792	0.374780272627774	0.176142697881828	0.182057530179537	0.19925178919974	0.210653024375564	0.31822838335622	0.149081791692078	0.167036473785246
Bacteria|Firmicutes|Clostridia|Clostridiales|Ruminococcaceae|Dysosmobacter	0.188213438928406	0.0277951497463693	0.547769443347809	0.118328906061338	0.107421205403058	0.122401958431335	0.21227917069604	0.206190568600815	0.186174714088832	0.098119378577269	0.176727511424171	0.015547263681592	0.0506877404787687	0.014189093316937	0.0278752119677577	0.0110293103923677	0.0563828728732049	0.11371237458194	0.0196061955577963	0.0081327260897853	0.1103420603872	0.309509797510844	0.144564161640803	0.0747924509486176
Bacteria|Firmicutes|Clostridia|Clostridiales|Ruminococcaceae|Faecalibacterium	0.0904402239006624	0.143608273689575	0.148045795499408	0.132818159864767	0.150846799076635	0.136802188835021	0.0801943533740595	0.194061711624297	0.0652820426025774	0.151851419226726	0.113610543058396	0.11660447761194	0.126719351196922	0.132431537624746	0.146344862830728	0.295034052995836	0.119399024907963	0.153846153846154	0.131641598745203	0.182986337020169	0.125388704985455	0.0784672726083829	0.106164306204965	0.201939617561267
Bacteria|Firmicutes|Clostridia|Clostridiales|Ruminococcaceae|Flavonifractor	1.25149715235511	0.743520255715378	0.276352151598895	0.398454479594301	0.477681530409343	1.08001728027648	0.561360473618416	0.502134678827867	0.703595348050001	1.40637775960752	0.676613900881113	0.927653399668325	0.0483837522751884	0.0212836399754056	0.0534274896048689	0.038602586373287	0.109449106165633	0.249721293199554	0.0448141612749629	0.0609954456733897	0.0351088373959274	0.302970858126812	0.0858349709742269	0.0349031437760215
Bacteria|Firmicutes|Clostridia|Clostridiales|Ruminococcaceae|Flintibacter	2.64476546650045	1.79278715864082	1.64577575996842	1.31852209611205	1.05364203597468	1.56242499879998	2.40583060122178	3.77935183388318	4.37631470780241	3.5977105478332	3.5572723370951	1.80607379767828	0.205054950118655	0.115877595421653	0.229970498734001	0.118565086717953	0.975092036748367	1.21070234113712	0.131641598745203	0.150455432661028	0.225699668973819	1.11379934174677	0.548892051229925	0.249308169828725
Bacteria|Firmicutes|Clostridia|Clostridiales|Ruminococcaceae|Gemmiger	0.0415536163867908	0.0532740370138744	0.0592183181997631	0.0386380101424777	0.0502822663588783	0.0504008064129026	0.0117932872608911	0.0970308558121483	0.0241785342972509	0.0537320406494568	0.0403948597540963	0.0259121061359867	0.0506877404787687	0.0472969777231235	0.00464586866129294	0.110293103923677	0.0232164770654373	0.0334448160535117	0.0364115060359073	0.0365972674040338	0.0225699668973819	0.0196168181520957	0.00677644507691265	0.124654084914363
Bacteria|Firmicutes|Clostridia|Clostridiales|Ruminococcaceae|Harryflintia	0.158881474420083	0.0926504991545642	0.165317804974339	0.0917652740883844	0.011427787808836	0.0264004224067585	0.0566077788522773	0.0460896565107704	0.0652820426025774	0.0887746758556243	0.0302961448155722	0.233208955223881	0.0023039882035804	0.00236484888615617	0	0	0.0397996749693211	0.0111482720178372	0	0.00406636304489265	0.0025077740997091	0.00653893938403191	0.0090352601025502	0.00249308169828725
Bacteria|Firmicutes|Clostridia|Clostridiales|Ruminococcaceae|Intestinimonas	0.747965094962235	0.338174321914159	0.878405053296486	0.149722289302101	0.132562338582497	0.160802572841165	0.179257966365545	0.86357461672812	0.362678014458763	0.544328933535802	0.734681511777626	0.132151741293532	0.239614773172361	0.2104715508679	0.153313665822667	0.0579038795599305	0.252064608139034	0.247491638795987	0.126039828585833	0.117924528301887	0.200621927976728	0.071928333224351	0.273316618102144	0.588367280795792
Bacteria|Firmicutes|Clostridia|Clostridiales|Ruminococcaceae|Lawsonibacter	0.312874288088778	0.25942139763278	0.202329253849191	0.137647911132577	0.137133453706032	0.312004992079873	0.379743849800693	1.03095284300408	1.73360090911289	0.754584744772807	0.676613900881113	1.26710199004975	0.0852475635324747	0.0472969777231235	0.225324630072708	0.0496318967656547	0.37809691220855	0.198439241917503	0.145646024143629	0.069128171763175	0.0300932891965092	0.0610301009176312	0.0858349709742269	0.0548477973623196
Bacteria|Firmicutes|Clostridia|Clostridiales|Ruminococcaceae|Neglecta	0.134438170663147	0.0949667616334283	0.00740228977497039	0.0458826370441922	0.0937078600324549	0.0984015744251908	0.0684010661131684	0.0315350281389482	0.0870427234701032	0.056068216329868	0.0757403620389305	0.0362769485903814	0.011519941017902	0.0331078844061864	0.0998861762177983	0.0193012931866435	0.149248781134954	0.12263099219621	0.599389407052629	0.426968119713728	0.0451399337947638	0.233222171363805	0.0383998554358384	0.0673132058537558
Bacteria|Firmicutes|Clostridia|Clostridiales|Ruminococcaceae|Oscillibacter	1.12928063357043	0.308062909688926	0.611922621397552	0.932141994687274	0.740520650012571	1.06801708827341	1.07554779819327	1.47001746555405	1.3298193863488	1.03258965074174	1.81019465273044	0.595978441127695	0.0645116697002511	0.0378375821784988	0.0696880299193942	0.0716905175503902	0.716394149447779	0.762541806020067	0.0952300927092961	0.0731945348080677	0.122880930885746	0.396695655964603	0.291387138307244	0.0523547156640323
Bacteria|Firmicutes|Clostridia|Clostridiales|Ruminococcaceae|Phocea	0.0855515631492753	0.0602228244504667	0.19492696407422	0.082105771552765	0.0411400361118095	0.0336005376086017	0.108498242800198	0.138268969532311	0.130564085205155	0.203247284195772	0.219647049912899	0.230617744610282	0.034559823053706	0.00709454665846852	0.00464586866129294	0.00551465519618386	0.179098537361945	0.0981047937569677	0.0112035403187407	0.00406636304489265	0.0275855150968001	0.0370539898428475	0.0587291906665763	0.0498616339657451
Bacteria|Firmicutes|Clostridia|Clostridiales|Ruminococcaceae|Ruminococcus	0.0953288846520496	0.00694878743659231	0	0.127988408596957	0.294836925467968	0.458407334517352	0.0448144915913862	0.106733941393363	0.0290142411567011	0.0303702838453452	0.141382009139337	0.00518242122719735	0.0161279174250628	0.00709454665846852	0.0998861762177983	0.1709543110817	0.0696494311963119	0.0379041248606466	0.0448141612749629	0.0772608978529603	0.0652021265924365	0.0217964646134397	0.0993878611280522	0.0772855326469048
Bacteria|Firmicutes|Clostridia|Clostridiales|Ruminococcaceae|Ruthenibacterium	0.0146659822541615	0.00926504991545642	0	0.0120743781695243	0.00457111512353439	0.00720011520184323	0.00707597235653466	0.00727731418591112	0.00725356028917527	0.0233617568041117	0.0530182534272514	0	0.0322558348501256	0.0307430355200303	0.00696880299193942	0.038602586373287	0.0364830353885443	0.020066889632107	0.0644203568327592	0.0325309043591412	0.102818738088073	0.178731009830206	0.0135528901538253	0.32659370247563
Bacteria|Firmicutes|Clostridia|Clostridiales|Ruminococcaceae|Unassigned	0.625748576177556	1.14191740208	0.0592183181997631	0.0748611446510505	0.0525678239206454	0.420006720107522	1.03545062150624	0.439064622549971	0.28047099784811	0.203247284195772	1.4491655936782	0.479373963515755	0.105983457364698	0.118242444307809	0.464586866129295	0.71414784790581	0.315080760173792	0.294314381270903	0.330504439402851	1.18737800910865	0.152974220082255	0.311689443972188	0.112940751281878	0.264266660018449
Bacteria|Firmicutes|Clostridia|Clostridiales|Unassigned|Unassigned	0.69663415707267	1.96650684455563	0.866067903671536	0.548176768896402	0.557676045071195	0.352805644890318	0.889213859471189	0.465748107898312	0.824488019536256	1.06295993458708	0.507460425660835	0.795501658374793	1.4929843559201	4.57834744359835	3.78173709029246	10.0752750434279	2.00988358595071	1.55406911928651	4.7446993249867	5.2537410540013	2.3974320393219	0.952505503607315	0.932890605588308	1.86731819201715
Bacteria|Firmicutes|Clostridia|Clostridiales|Vallitaleaceae|Vallitalea	0	0.0023162624788641	0	0.00241487563390485	0.00228555756176719	0	0	0.00242577139530371	0.00483570685945018	0.00233617568041117	0.00504935746926204	0.00518242122719735	0.359422159758542	0.5935770704252	1.43325048200887	1.53307414453911	0.24543132897748	0.30546265328874	0.305296473685685	0.841737150292778	0.190590831577891	0.0632097473789751	0.198775722256104	0.877564757797113
Bacteria|Firmicutes|Erysipelotrichia|Erysipelotrichales|Erysipelotrichaceae|Allobaculum	0	0	0	0	0	0	0	0.00242577139530371	0	0	0	0	0.133631315807663	0.165539422030932	0.00232293433064647	0	0	0.00222965440356745	0.00280088507968518	0.00406636304489265	0.180559735179055	0.135138080603326	0.243952022768855	0.184488045673257
Bacteria|Firmicutes|Erysipelotrichia|Erysipelotrichales|Erysipelotrichaceae|Amedibacillus	0.0879958935249688	0.00694878743659231	0.0419463087248322	0.0217338807051437	0.0274266907412063	0.0144002304036865	0.00943462980871288	0.00242577139530371	0.0145071205783505	0.00233617568041117	0.0176727511424171	0.00259121061359867	0.0391677994608668	0.0378375821784988	0.188157680782364	0.267460777014917	0.321714039335345	0.0668896321070234	0.285690278127888	0.231782693558881	0.0451399337947638	0.0610301009176312	0.0090352601025502	0.107202513026352
Bacteria|Firmicutes|Erysipelotrichia|Erysipelotrichales|Erysipelotrichaceae|Breznakia	0	0	0	0	0.00228555756176719	0	0	0	0	0.00233617568041117	0	0	0.271870608022487	0.0638509199262167	0	0	0.212264933169712	0.00445930880713489	0.00280088507968518	0.0406636304489265	0.0150466445982546	0	0.0338822253845633	0.0249308169828725
Bacteria|Firmicutes|Erysipelotrichia|Erysipelotrichales|Erysipelotrichaceae|Faecalibaculum	5.76617535626115	2.15412410534362	0.799447295696802	2.48490702728809	6.29671108266862	10.3753660058561	0.969408212845248	1.25654958276732	1.07836262965739	0.366779581824553	2.78472064429801	5.41822139303483	0.599036932930903	0.603036465969825	0.620223466282608	2.44574957950754	0.0961825478425259	0.0423634336677815	0.490154888944907	0.821405335068315	0.564249172434547	0.3073301510495	0.804138149126968	0.588367280795792
Bacteria|Firmicutes|Erysipelotrichia|Erysipelotrichales|Erysipelotrichaceae|Turicibacter	0.158881474420083	0.0718041368447872	0.123371496249507	0.099009900990099	0.297122483029735	0.288004608073729	0.127367502417624	0.0242577139530371	0.0362678014458764	0.0303702838453452	0.169153475220278	0.0103648424543947	0.11289542197544	0.215201248640212	0.109177913540384	0.0827198279427579	0.0663327916155351	0.0133779264214047	0.0532168165140184	0.187052700065062	0.230715217173237	0.261557575361276	0.740891328409117	0.179501882276682
Bacteria|Firmicutes|Negativicutes|Selenomonadales|Unassigned|Unassigned	0.0586639290166459	0.0115813123943205	0.0394788787998421	0.0289785076068582	0.0274266907412063	0.0216003456055297	0.00707597235653466	0.0121288569765185	0.0217606808675258	0.00934470272164467	0.0302961448155722	0.015547263681592	0.011519941017902	0.00236484888615617	0.0255522776371112	0.0248159483828274	0.00994991874233027	0.020066889632107	0.0196061955577963	0.069128171763175	0.0100310963988364	0.00653893938403191	0.0180705202051004	0.00249308169828725
Bacteria|Firmicutes|Negativicutes|Veillonellales|Veillonellaceae|Veillonella	0.0122216518784679	0.0277951497463693	0.0296091590998816	0.0144892538034291	0.0982789751559893	0.0192003072049153	0.0283038894261386	0.0630700562778964	0.0628641891728523	0.084102324494802	0.154005402812492	0.121786898839138	0.191231020897173	0.0662157688123729	0.0998861762177983	0.0689331899522982	0.0762827103578654	0.0512820512820513	0.0644203568327592	0.069128171763175	0.0877720934898184	0.0283354039974716	0.0587291906665763	0.0149584901897235
Bacteria|Proteobacteria|Alphaproteobacteria|Rhodospirillales|Acetobacteraceae|Bombella	0	0	0	0.161796667471625	0	0	0	0	0	0	0	0.145107794361526	0	0	0	0	0	0	0	0.174853610930384	0	0	0	0
Bacteria|Proteobacteria|Alphaproteobacteria|Rhodospirillales|Reyranellaceae|Reyranella	0.127105179536066	0.0254788872675052	0	0.0144892538034291	0.00457111512353439	0	0.00235865745217822	0.0460896565107704	0.0846248700403782	0.0186894054432893	0.00252467873463102	0.015547263681592	0.0023039882035804	0	0.00929173732258589	0.077205172746574	0.169148618619615	0.020066889632107	0	0.0203318152244632	0	0	0.0045176300512751	0.0722993692503303
Bacteria|Proteobacteria|Betaproteobacteria|Burkholderiales|Sutterellaceae|Parasutterella	0.0586639290166459	0.0208463623097769	0.0246742992499013	0.00965950253561942	0.0251411331794391	0.00720011520184323	0	0.00970308558121483	0.00241785342972509	0.00934470272164467	0.0126233936731551	0.0103648424543947	0.453885676105338	0.683441328099134	0.0766568329113336	3.0054870819202	0.0795993499386422	0.020066889632107	0.310898243845055	0.374105400130124	0.132912027284582	0.132958434141982	0.368186849178921	0.249308169828725
Bacteria|Proteobacteria|Deltaproteobacteria|Bdellovibrionales|Bdellovibrionaceae|Vampirovibrio	0	0	0	0	0	0	0	0	0	0	0	0	0.0023039882035804	0.0165539422030932	0.0511045552742224	0.215071552651171	0.0364830353885443	0.0222965440356745	0.0784247822311851	0.0487963565387118	0.0025077740997091	0.0174371716907518	0.0429174854871135	0.0174515718880108
Bacteria|Proteobacteria|Deltaproteobacteria|Desulfovibrionales|Desulfomicrobiaceae|Desulfomicrobium	0.063552589768033	0.0162138373520487	0.0666206079747335	0.0265636319729534	0.0137133453706032	0.012000192003072	0.0306625468783169	0.0266834853483408	0.0483570685945018	0.0677490947319239	0.0353455022848343	0.0751451077943615	0.00921595281432159	0	0.00232293433064647	0	0.00331663958077676	0.00222965440356745	0.00280088507968518	0	0.0025077740997091	0.00217964646134397	0.00677644507691265	0
Bacteria|Proteobacteria|Deltaproteobacteria|Desulfovibrionales|Desulfovibrionaceae|Bilophila	0.354427904475569	0.453987445857365	0.542834583497829	0.171456170007245	0.134847896144264	0.093601497623962	1.07083048328891	1.32204541044052	1.88592567518557	0.936806447844878	0.855866091039915	0.704809286898839	0.0714236343109923	0.040202431064655	0.0464586866129295	0.00827198279427579	0.013266558323107	0.0133779264214047	0.0140044253984259	0.0081327260897853	0.0526632560938911	0.0326946969201595	0.106164306204965	0.0523547156640323
Bacteria|Proteobacteria|Deltaproteobacteria|Desulfovibrionales|Desulfovibrionaceae|Desulfovibrio	0.0586639290166459	0.0138975748731846	0.0419463087248322	0.0603718908476213	0.0342833634265079	0.0432006912110594	0.00235865745217822	0.0242577139530371	0.0217606808675258	0.0116808784020558	0.0429195384887273	0.0440505804311774	0.0575997050895099	0.0733103154708414	3.34270250180027	6.32255218242479	9.47895592185997	2.48160535117057	14.0436377895415	6.07921275211451	0.100310963988364	0.12641949475795	0.090352601025502	0.12714716661265
Bacteria|Proteobacteria|Gammaproteobacteria|Enterobacterales|Enterobacteriaceae|Enterobacter	0.00488866075138716	0.0023162624788641	0.00246742992499013	0.00724462690171456	0.00685667268530158	0.00480007680122882	0	0.0533669706966815	0.0894605768998283	0.0911108515360355	0.108561185589134	0.0777363184079602	0.0944635163467963	0.125336990966277	0.0975632418871518	0	0	0	0	0.00406636304489265	0.0025077740997091	0	0.00225881502563755	0
Bacteria|Proteobacteria|Gammaproteobacteria|Enterobacterales|Enterobacteriaceae|Pseudescherichia	0.310429957713085	0.0648553494081949	0.056750888274773	0.115914030427433	0.0685667268530158	0.12000192003072	0.0636837512088119	0.041238113720163	0.220024662104983	0.0584043920102792	0.100987149385241	0.0984660033167496	0.0299518466465452	0.106418199877028	0.0743338985806871	0.0165439655885516	0.361513714304667	0.040133779264214	0.0980309777889813	0.126057254391672	0.0401243855953456	0.0501318686109113	0.0790585258973143	0.00249308169828725
Bacteria|Proteobacteria|Gammaproteobacteria|Enterobacterales|Enterobacteriaceae|Siccibacter	0.0586639290166459	0.0301114122252334	0.0419463087248322	0.082105771552765	0.0388544785500423	0.0432006912110594	0.0283038894261386	0.058218513487289	0.0459392151647767	0.0490596892886345	0.0530182534272514	0.0881011608623549	0.0875515517360551	0.0851345599016223	0.0743338985806871	0.0634185347561144	0.0431163145500978	0.0379041248606466	0.0476150463546481	0.101659076122316	0.0326010632962183	0.0174371716907518	0.0271057803076506	0.112188676422926
Bacteria|Proteobacteria|Gammaproteobacteria|Enterobacterales|Enterobacteriaceae|Trabulsiella	0.105106206154824	0.0625390869293308	0.076490327674694	0.0724462690171456	0.0777089571000846	0.0816013056208899	0.0330212043304951	0.00970308558121483	0.0169249740080756	0.00467235136082233	0.00757403620389305	0.015547263681592	0.034559823053706	0.0236484888615617	0.0301981462984041	0.00551465519618386	0.00331663958077676	0.0133779264214047	0.00840265523905554	0.00406636304489265	0.00752332229912729	0	0.00225881502563755	0.0124654084914363
Bacteria|Proteobacteria|Gammaproteobacteria|Enterobacterales|Enterobacteriaceae|Unassigned	0.0146659822541615	0.0023162624788641	0.0123371496249507	0.00241487563390485	0.00228555756176719	0.00240003840061441	0.00235865745217822	0.0121288569765185	0.00725356028917527	0	0.0100987149385241	0.00777363184079602	0.0023039882035804	0.00472969777231235	0.00464586866129294	0.0937491383351256	0.119399024907963	0.0579710144927536	0.0812256673108702	0.0853936239427456	0.0702176747918548	0.0326946969201595	0.0587291906665763	0.167036473785246
Bacteria|Proteobacteria|Gammaproteobacteria|Pseudomonadales|Moraxellaceae|Acinetobacter	0.0904402239006624	0.0625390869293308	0.103632056849585	0.111084279159623	0.105135647841291	0.0912014592233476	0.0377385192348515	0	0	0.00233617568041117	0	0	0.0023039882035804	0	0	0	0.00331663958077676	0.00222965440356745	0.00560177015937036	0	0.0050155481994182	0	0	0
Bacteria|Verrucomicrobia|Verrucomicrobiae|Verrucomicrobiales|Akkermansiaceae|Akkermansia	8.93647185353572	10.0317327959604	11.8905448085274	27.208403767206	39.1835988389368	0.604809676954831	0.165106021652475	0.194061711624297	0.14748905921323	5.22836117276019	0.176727511424171	10.3233830845771	18.5240651567864	19.5170978574469	8.94562010731957	2.38233104475143	0.421213226758648	0.0869565217391304	1.03632747948352	7.9090761223162	4.52402447587521	0.353102726737723	0.78380881389623	11.9618059883822
