Family	L36	L37	L38	L39	L70	L73	L76	L77	L91	L92	L93	N12	N13	N15	N16	N17	N51	N52	N53	N86	N87	N88	N90
Bacteria|Actinobacteria|Actinobacteria|Bifidobacteriales|Bifidobacteriaceae	0.144988664522592	0.198534948997056	0.048692264885921	0.171008245877061	0.0980318226378101	0.3598426734358	0.108425896923114	0.300167983917605	0.0485942381117667	0.312676957924022	0.471339143242911	0.0552957168859295	0.0614860710400605	0.346117215266324	1.68196983483608	0.225531491492819	0.084726867335563	0.711424810240036	1.54521795705921	0.0551710301936002	0.0675690403016631	0.112940751281878	0.0897509411383411
Bacteria|Actinobacteria|Actinobacteria|Micrococcales|Micrococcaceae	0.0158169452206464	0.0136920654480728	0.0231867928028195	0.0257683658170915	0.0326772742126034	0.0334737370637954	0.0289135725128304	0.0385536860077658	0.0161980793705889	0.0246202329074033	0.0417331533079661	0.0207358938322236	0.0260133377477179	0.0301981462984041	0.0606612071580224	0.0729660707770887	0.0289855072463768	0.0896283225499258	0.0609954456733897	0.0275855150968001	0.0392336363041915	0.0338822253845633	0.00997232679314901
Bacteria|Actinobacteria|Actinobacteria|Micrococcales|Unassigned	0.0421785205883904	0.0616142945163278	0.0278241513633834	0.0140554722638681	0.0226227283010331	0.0167368685318977	0.0530082162735224	0.0413075207226062	0.0300821474025223	0.0393923726518453	0.0564625015343071	0.0253438702393844	0.0094593955446247	0.137053125508142	0.113050431521769	0.0165831979038838	0.00222965440356745	0.0280088507968518	0.126057254391672	0.0025077740997091	0.0217964646134397	0.0271057803076506	0.00997232679314901
Bacteria|Actinobacteria|Actinobacteria|Unassigned|Unassigned	0.195075657721305	0.0273841308961457	0.104340567612688	0.0117128935532234	0.497700022622728	0.0976317331027365	0.0192757150085536	0.118414892738138	0.0809903968529446	0.0960189083388729	0.0196391309684546	0.011519941017902	0.0567563732677482	0.28339798833887	0.0248159483828274	0.0331663958077676	0.00222965440356745	0.0504159314343333	0.0894599869876383	0.0025077740997091	0.00653893938403191	0.00225881502563755	0.0274238986811598
Bacteria|Actinobacteria|Coriobacteriia|Coriobacteriales|Atopobiaceae	0.0606316233458111	0.0867164145044613	0.111296605453534	0.426349325337331	0.00502727295578513	0.00278947808864961	0.0024094643760692	0.00275383471484042	0.0462802267731112	0	0.00490978274211366	0.0023039882035804	0.00236484888615617	0.044135752282283	0.126837069512229	0.0298497562269908	0	0.0252079657171666	0.0731945348080677	0.0025077740997091	0.00435929292268794	0.0225881502563755	0
Bacteria|Actinobacteria|Coriobacteriia|Eggerthellales|Eggerthellaceae	0.0237254178309696	0.0661783163323521	0.0811537748098683	0.234257871064468	0.0251363647789257	0.0195263466205473	0.0313230368888996	0.0165230082890425	0.0138840680319334	0.022158209616663	0.0834663066159322	0.0714236343109923	0.120607293193965	0.336825477943739	0.270218104613009	0.106132466584856	0.0579710144927536	0.196061955577963	0.252114508783344	0.0652021265924365	0.0435929292268794	0.090352601025502	0.184488045673257
Bacteria|Bacteroidetes|Bacteroidia|Bacteroidales|Bacteroidaceae	2.84705013971635	0.668629196047557	0.412724911890187	0.238943028485757	0.553000025136365	2.80621495718151	0.790304315350697	2.84746509514499	1.00428092097651	0.622891892557304	0.711918497606481	0.179711079879271	0.234120039729461	0.432065785500244	0.0689331899522982	0.315080760173792	0.379041248606466	0.193261070498277	0.272446324007807	0.303440666064801	0.0566708079949432	0.176187571999729	0.411358480217397
Bacteria|Bacteroidetes|Bacteroidia|Bacteroidales|Barnesiellaceae	0.780302630885222	0.15974076356085	0.250417362270451	0.142897301349325	0.394640927029133	1.02931741471171	0.395152157675349	0.677443339850742	0.182806895753789	0.568727380161016	0.598993494537867	0.188927032693593	0.267227924135648	0.267137448024344	0.137866379904596	0.162515339458061	0.0356744704570792	0.128840713665518	0.191119063109954	0.105326512187782	0.0479522221495673	0.0880937859998645	0.109695594724639
Bacteria|Bacteroidetes|Bacteroidia|Bacteroidales|Muribaculaceae	5.74945958770496	4.35635882339518	4.33593025412725	3.26086956521739	3.41100470050021	8.44096069625373	4.91771679155724	10.577479139702	4.12356820548421	8.32163872270232	9.90548668221431	6.75759740110131	5.68273187343329	3.14989895235662	2.56431466622549	10.0991675234652	1.99777034559643	3.42548245245498	6.64850357839948	4.44377570468452	1.70884282569367	4.18332542748074	5.75901872304355
Bacteria|Bacteroidetes|Bacteroidia|Bacteroidales|Prevotellaceae	6.85400959561343	0.609296912439241	0.774438879614172	0.407608695652174	1.87014553955207	1.84105553850874	0.387923764547141	3.76449205518685	0.985768830267268	2.02624516827929	1.41647232109979	0.509181392991268	0.761481341342288	1.45647982531534	0.603854743982132	0.832476534774966	0.416945373467113	1.40884519508165	2.40728692257645	0.336041729361019	0.311689443972188	0.5714802014863	0.545984891924908
Bacteria|Bacteroidetes|Bacteroidia|Bacteroidales|Rikenellaceae	1.26799177518849	0.166586796284886	0.204043776664812	0.339673913043478	0.389613654073348	1.86616084130659	0.534901091487362	0.735273868862391	0.356357746152956	0.866632198340596	0.508162513808764	0.942331175264383	0.435132195052736	0.150990731492021	0.0799625003446659	0.497495937116514	0.1917502787068	0.224070806374814	0.170787247885491	0.253285184070619	0.111161969528542	0.264281357999593	0.396399990027673
Bacteria|Bacteroidetes|Flavobacteriia|Flavobacteriales|Weeksellaceae	0.0843570411767807	0.00228201090801214	0.0370988684845112	0.00702773613193403	0.0653545484252067	0.106000167368685	0.0819217887863528	0.0605843637264891	0.0740483628369779	0.103404978211094	0.0908309807291027	0.472317581733982	0.312160052972615	0.290366791330809	0.281247415005377	0.583728566216709	0.0423634336677815	0.092429207629611	0.524560832791152	0.308456214264219	0.0675690403016631	0.140046531589528	0.241828924733864
Bacteria|Candidatus_Saccharibacteria|Unassigned|Unassigned|Unassigned	0.0052723150735488	0.00684603272403642	0.113615284733816	0.00234257871064468	0	0	0	0.00275383471484042	0	0	0	0.251134714190263	0.156080026486308	0.220678761411415	0.763779744671464	0.198998374846605	0.272017837235229	0.484553118785536	0.418835393623943	0.100310963988364	0.0675690403016631	0.126493641435703	0.206925780957842
Bacteria|Deferribacteres|Deferribacteres|Deferribacterales|Deferribacteraceae	0.17398639742711	0.0456402181602428	0.0046373585605639	0.0163980509745127	0.0452454566020662	0.0223158247091969	0.0168662506324844	0.0192768430038829	0.550734698600023	0.0344683260703646	0.0245489137105683	0.0184319056286432	0.0094593955446247	0.00696880299193942	0.0165439655885516	0.149248781134954	0.0557413600891862	0.00560177015937036	0	0	0.0305150504588156	0.275575433127781	0.221884271147566
Bacteria|Firmicutes|Bacilli|Bacillales|Staphylococcaceae	0.255707281067117	0.182560872640971	0.0231867928028195	0.0234257871064468	0.0377045471683885	0.0251053027978465	0.0337325012649688	0.0275383471484042	0.0370241814184889	0.0270822561981436	0.0171842395973978	0.00921595281432159	0.014189093316937	0.00696880299193942	0.176468966277883	0.192365095685052	0.11371237458194	0.145646024143629	0.166720884840599	0.137927575484	0.102443383683167	0.180705202051004	0.164543392086959
Bacteria|Firmicutes|Bacilli|Lactobacillales|Enterococcaceae	0.52723150735488	0.486068323406586	0.104340567612688	0.0773050974512744	0.0553000025136365	0.0613685179502915	0.137339469435944	0.0550766942968083	0.0671063288210112	0.123101164537017	0.407511967595434	0.255742690597424	0.30270065742799	0.334502543613092	0.259188794220641	0.205631654008159	0.158305462653289	0.145646024143629	0.406636304489265	0.102818738088073	0.0915451513764467	0.266540173025231	0.147091820198948
Bacteria|Firmicutes|Bacilli|Lactobacillales|Lactobacillaceae	0.408604418200032	0.773601697816116	0.333889816360601	0.248313343328336	0.140763642761984	0.164579207230327	0.0674650025299376	0.773827554870157	0.360985768830267	0.0984809316296132	0.446790229532343	0.170495127064949	0.153715177600151	1.69574206137192	1.60200733449141	1.40293854266857	0.486064659977703	0.285690278127888	1.43135979180221	0.381181663155783	0.313869090433532	0.582774276614488	0.428810052105407
Bacteria|Firmicutes|Bacilli|Lactobacillales|Streptococcaceae	0.224073390625824	0.271559298053445	0.199406418104248	0.128841829085457	0.17595455345248	0.186895031939524	0.142158398188083	0.20102993418335	0.148096725673956	0.219120072875889	0.527801644777219	0.225790843950879	0.323984297403396	0.506399684080931	0.468745691675628	0.361513714304667	0.245261984392419	0.310898243845055	0.443233571893299	0.228207443073528	0.174371716907518	0.325269363691807	0.201939617561267
Bacteria|Firmicutes|Clostridia|Clostridiales|Christensenellaceae	0.0026361575367744	0.00228201090801214	0	0	0	0	0	0	0	0.00246202329074033	0.00245489137105683	0.156671197843467	0.16080972425862	0.209064089758183	0.270218104613009	0.0331663958077676	0.0334448160535117	0.109234518107722	0.642485361093038	0.0200621927976728	0.0152575252294078	0.0383998554358384	0.114681758121214
Bacteria|Firmicutes|Clostridia|Clostridiales|Clostridiaceae_1	2.22228080350082	0.109536523584583	0.505472083101465	0.69106071964018	0.462509111932232	3.50916343552121	1.68421559887237	1.89739211852505	0.650237186162212	2.14688430952557	3.17417454277648	0.0714236343109923	0.397294612874237	0.0650421612581012	0.551465519618386	0.404630028854764	0.309921962095875	1.08674341091785	0.422901756668835	0.263316280469455	0.313869090433532	0.393033814460934	0.107202513026352
Bacteria|Firmicutes|Clostridia|Clostridiales|Clostridiaceae_2	0.0500869931987135	0.0182560872640971	0.0440549063253571	0.00702773613193403	0.00502727295578513	0.00278947808864961	0.0072283931282076	0.107399553878776	0.0532222607890779	0.014772139744442	0.0466429360500798	18.5355850978043	21.1275599489193	5.04773630049479	11.9447431549342	4.54711286524493	0.274247491638796	0.126039828585833	3.11890045543266	2.99428227505266	0.11552126245123	2.1413566443044	8.2147041958565
Bacteria|Firmicutes|Clostridia|Clostridiales|Clostridiales_Incertae_Sedis_XIII	0.139716349449043	0.408479952534173	0.301428306436654	0.196776611694153	0.150818188673554	0.14505286060978	0.122882683179529	0.212045273042712	0.0925604535462224	0.199423886549967	0.284767399042592	0.0760316107181531	0.14189093316937	0.332179609282446	0.0882344831389417	0.149248781134954	0.0891861761426979	0.109234518107722	0.231782693558881	0.0677099006921456	0.0414132827655354	0.0519527455896637	0.251801251527013
Bacteria|Firmicutes|Clostridia|Clostridiales|Defluviitaleaceae	0	0	0	0	0	0	0	0	0	0.00246202329074033	0	0.023039882035804	0.0094593955446247	0.267137448024344	0.195770259464527	0.11276574574641	0.0334448160535117	0.0672212419124443	0.581489915419649	0.0125388704985455	0.0283354039974716	0.0767997108716767	0.0747924509486176
Bacteria|Firmicutes|Clostridia|Clostridiales|Eubacteriaceae	2.77851004376022	9.2855023847014	6.31840103876832	11.8698463268366	11.7336550788025	1.38079165388156	1.7444522082741	7.06633987828051	1.2079139187782	1.37627101952384	9.40959862526083	0.0645116697002511	0.108783048763184	2.39959116355781	0.292276725397745	0.0795993499386422	0.0512820512820513	0.0700221269921295	0.150455432661028	0.50155481994182	0.246300050131869	0.0564703756409388	1.49834210067064
Bacteria|Firmicutes|Clostridia|Clostridiales|Lachnospiraceae	42.6925713080614	56.2926450788435	51.1245594509367	46.9101386806597	43.2420883291858	41.0499595525677	68.2239838083994	44.6231377192741	55.3974314474141	53.2560258020041	45.2436479685774	37.8476142202152	29.67885352126	52.8258496132314	39.9454049135578	52.4327551324998	78.5685618729097	57.6506175951601	46.2345478204294	72.9536563346374	82.1225397240568	75.277269544397	47.6328189274763
Bacteria|Firmicutes|Clostridia|Clostridiales|Peptococcaceae_1	0.052723150735488	0.212227014445129	0.0881098126507142	0.0281109445277361	0.10808636854938	0.00278947808864961	0.0024094643760692	0.00550766942968083	0.499826449149601	0	0.00245489137105683	0.046079764071608	0.0449321288369673	0.0185834746451718	0.00551465519618386	0.189048456104275	0.0981047937569677	0.0196061955577963	0.0284645413142485	0.0300932891965092	0.0959044442991347	0.108423121230602	0.029916980379447
Bacteria|Firmicutes|Clostridia|Clostridiales|Peptococcaceae_2	0.205620287868403	0.205380981721093	0.197087738823966	0.0609070464767616	0.155845461629339	0.0613685179502915	0.134930005059875	0.101891884449095	0.0115700566932778	0.0812467685944309	0.137473916779183	0.11519941017902	0.0283781866338741	0.00696880299193942	0.00827198279427579	0.152565420715731	0.182831661092531	0.120438058426463	0.00406636304489265	0.0526632560938911	0.246300050131869	0.0338822253845633	0.0473685522674578
Bacteria|Firmicutes|Clostridia|Clostridiales|Peptostreptococcaceae	1.7609532345653	0.766755665092079	1.6439436097199	1.86235007496252	0.384586381117563	7.00437948059918	1.37821362311158	1.23371795224851	0.583130857341201	1.88590984070709	3.36320117834786	3.85687625279359	5.19557300288512	0.699203233524588	0.749993106681005	0.218898212331266	0.040133779264214	0.182057530179537	0.272446324007807	0.496539271742401	0.246300050131869	0.828985114408981	6.16289795816609
Bacteria|Firmicutes|Clostridia|Clostridiales|Ruminococcaceae	6.5798492117889	10.8190137148856	7.46150992394732	9.59754497751124	9.12198677827213	5.17727133253368	7.66209671590005	8.61674882273566	8.40448918199699	6.50958958071743	7.2959371547809	1.60357578969196	1.39289599394599	3.18706590164696	3.23434527256183	5.09104175649232	5.13489409141583	4.4225975408229	3.74105400130124	2.27956665663557	5.19191787092134	3.2481760068668	2.82964772755603
Bacteria|Firmicutes|Clostridia|Clostridiales|Unassigned	1.04128222702589	2.04239976267087	4.9457429048414	3.38971139430285	3.08423195837418	0.29010572121956	0.383104835795003	2.12320656514196	2.09186625014463	0.585961543196199	0.513072296550878	1.49528834412368	4.58780683914298	3.76083068131664	10.108362974605	2.08616629630858	1.58305462653289	4.80631879673977	5.48145738451529	2.36232320192597	0.941607271300595	0.964514015947234	1.79751190446511
Bacteria|Firmicutes|Clostridia|Clostridiales|Vallitaleaceae	0.0026361575367744	0.00228201090801214	0.0046373585605639	0.00468515742128936	0	0.00278947808864961	0	0.00275383471484042	0	0.00246202329074033	0.00245489137105683	0.359422159758542	0.5935770704252	1.43325048200887	1.53307414453911	0.24543132897748	0.30546265328874	0.305296473685685	0.841737150292778	0.190590831577891	0.0632097473789751	0.198775722256104	0.877564757797113
Bacteria|Firmicutes|Erysipelotrichia|Erysipelotrichales|Erysipelotrichaceae	10.5920809827595	6.20706966979302	8.17566314227416	13.3152173913043	1.00042731820124	17.498396050099	4.93217357781365	5.20750144576323	3.46176096262872	14.2304946204791	9.27703449122376	1.15660207819736	1.08546563874568	0.919881994936003	2.79593018446522	0.696494311963119	0.129319955406912	0.834663753746184	1.28497072218608	1.03571070317986	0.765055907931734	1.83189898579205	1.08449053875496
Bacteria|Firmicutes|Negativicutes|Selenomonadales|Unassigned	0	0.0889984254124735	0.048692264885921	0.128841829085457	0.0150818188673554	0.00278947808864961	0	0.00826150414452125	0.0208261020479	0	0.00245489137105683	0.011519941017902	0.00236484888615617	0.0255522776371112	0.0248159483828274	0.00994991874233027	0.020066889632107	0.0196061955577963	0.069128171763175	0.0100310963988364	0.00653893938403191	0.0180705202051004	0.00249308169828725
Bacteria|Firmicutes|Negativicutes|Veillonellales|Veillonellaceae	0.0052723150735488	0.0889984254124735	0.208681135225376	0.264711394302849	0.276500012568182	0.331947892549304	0.250584295111197	0.451628893233828	0.1874349184311	0.322525051086983	0.0589173929053639	0.17510310347211	0.0472969777231235	0.146344862830728	0.0358452587751951	0.0895492686809724	0.0423634336677815	0.030809735876537	0.0528627195836044	0.0551710301936002	0.0239761110747837	0.11068193625624	0.00498616339657451
Bacteria|Proteobacteria|Alphaproteobacteria|Rhodospirillales|Reyranellaceae	0	0.00912804363204856	0.0579669820070488	0.149925037481259	0.017595455345248	0.00278947808864961	0.0096378575042768	0.00550766942968083	0.00231401133865556	0.0123101164537017	0.0515527187921934	0.0023039882035804	0	0.00929173732258589	0.077205172746574	0.169148618619615	0.020066889632107	0	0.0203318152244632	0	0	0.0045176300512751	0.0722993692503303
Bacteria|Proteobacteria|Betaproteobacteria|Burkholderiales|Sutterellaceae	0	0.00228201090801214	0.0046373585605639	0.00468515742128936	0.00251363647789257	0.0251053027978465	0.0096378575042768	0.0468151901522871	0.00231401133865556	0.00492404658148066	0.014729348226341	0.453885676105338	0.683441328099134	0.0766568329113336	3.0054870819202	0.0795993499386422	0.020066889632107	0.310898243845055	0.374105400130124	0.132912027284582	0.132958434141982	0.368186849178921	0.249308169828725
Bacteria|Proteobacteria|Deltaproteobacteria|Bdellovibrionales|Bdellovibrionaceae	0	0	0	0	0	0	0	0	0	0	0	0.0023039882035804	0.0165539422030932	0.0511045552742224	0.215071552651171	0.0364830353885443	0.0222965440356745	0.0784247822311851	0.0487963565387118	0.0025077740997091	0.0174371716907518	0.0429174854871135	0.0174515718880108
Bacteria|Proteobacteria|Deltaproteobacteria|Desulfovibrionales|Desulfomicrobiaceae	0.0632677808825855	0.0273841308961457	0.0255054720831015	0.224887556221889	0.0276500012568182	0.0167368685318977	0.0289135725128304	0.0523228595819679	0.0277681360638667	0.014772139744442	0.0245489137105683	0.00921595281432159	0	0.00232293433064647	0	0.00331663958077676	0.00222965440356745	0.00280088507968518	0	0.0025077740997091	0.00217964646134397	0.00677644507691265	0
Bacteria|Proteobacteria|Deltaproteobacteria|Desulfovibrionales|Desulfovibrionaceae	0.318975061949702	0.413043974350197	0.264329437952142	0.585644677661169	0.359450016338637	0.223158247091969	0.486711803965978	0.1294302315975	0.502140460488256	0.0861708151759116	0.184116852829262	0.129023339400502	0.113512746535496	3.3891611884132	6.33082416521907	9.49222248018308	2.49498327759197	14.0576422149399	6.08734547820429	0.152974220082255	0.15911419167811	0.196516907230467	0.179501882276682
Bacteria|Proteobacteria|Gammaproteobacteria|Enterobacterales|Enterobacteriaceae	0.466599884009068	0.387941854362064	0.470691893897236	0.988568215892054	0.590704572304753	0.834053948506234	0.720429848444691	0.99138049734255	0.631725095452968	0.704138661151735	0.112925003068614	0.278782572633228	0.437497043938892	0.320564937629213	0.176468966277883	0.533978972505058	0.147157190635452	0.266084082570092	0.325309043591412	0.1655130905808	0.132958434141982	0.207810982358655	0.286704395303034
Bacteria|Proteobacteria|Gammaproteobacteria|Pseudomonadales|Moraxellaceae	0.0052723150735488	0.00228201090801214	0.0370988684845112	0.065592203898051	0.0527863660357439	0.0753159083935396	0.0457798231453148	0.0385536860077658	0.0416522040958001	0.0590885589777679	0	0	0	0.00232293433064647	0.0165439655885516	0.00663327916155351	0	0.00560177015937036	0.0081327260897853	0.0150466445982546	0	0.0045176300512751	0
Bacteria|Verrucomicrobia|Verrucomicrobiae|Verrucomicrobiales|Akkermansiaceae	6.4559498075605	0.435864083430319	7.46150992394732	0.466173163418291	17.454691702486	0.198052944294123	0.15179625569236	0.283644975628563	14.2242276987157	0.265898515399956	0.314226095495274	18.5240651567864	19.5170978574469	8.94562010731957	2.38233104475143	0.421213226758648	0.0869565217391304	1.03632747948352	7.9090761223162	4.52402447587521	0.353102726737723	0.78380881389623	11.9618059883822
