Genus	H60	H61	H62	H63	H64	H66	H67	H68	H79	H94	H95	H96	N12	N13	N15	N16	N17	N51	N52	N53	N86	N87	N88	N90
Bacteria|Actinobacteria|Actinobacteria|Bifidobacteriales|Bifidobacteriaceae|Bifidobacterium	0.217160391832881	0.551737974620053	0.21237123468242	0.0869565217391304	0.533333333333333	0.469048123807505	0.098950162905756	0.412644787644788	0.197688564476886	0.24879911319128	1.54406713854792	0.449575275619013	0.0645116697002511	0.0685806176985291	0.360054821250203	1.69299914522844	0.232164770654373	0.0914158305462653	0.77864605215248	1.56554977228367	0.0677099006921456	0.069748686763007	0.121976011384428	0.114681758121214
Bacteria|Actinobacteria|Actinobacteria|Micrococcales|Micrococcaceae|Rothia	0.018883512333294	0.0476500978080955	0.0439388761411903	0.0434782608695652	0.0498442367601246	0.0476998092007632	0.0241341860745746	0.0144787644787645	0.0202757502027575	0.0123167877817465	0.0238927216796583	0.0158142056750407	0.0207358938322236	0.0260133377477179	0.0301981462984041	0.0606612071580224	0.0729660707770887	0.0289855072463768	0.0896283225499258	0.0609954456733897	0.0275855150968001	0.0392336363041915	0.0338822253845633	0.00997232679314901
Bacteria|Actinobacteria|Actinobacteria|Micrococcales|Unassigned|Unassigned	0.00708131712498525	0	0	0.00255754475703325	0.00747663551401869	0.026499894000424	0.00241341860745746	0.0217181467181467	0	0	0.00895977062987187	0	0.0253438702393844	0.0094593955446247	0.137053125508142	0.113050431521769	0.0165831979038838	0.00222965440356745	0.0280088507968518	0.126057254391672	0.0025077740997091	0.0217964646134397	0.0271057803076506	0.00997232679314901
Bacteria|Actinobacteria|Actinobacteria|Unassigned|Unassigned|Unassigned	0.056650536999882	0.0200631990770928	0.21481228335693	0.0127877237851662	0.00747663551401869	0.116599533601866	0.00241341860745746	0.028957528957529	0.0177412814274128	0.0221702180071437	0.00597318041991458	0.454093620097596	0.011519941017902	0.0567563732677482	0.28339798833887	0.0248159483828274	0.0331663958077676	0.00222965440356745	0.0504159314343333	0.0894599869876383	0.0025077740997091	0.00653893938403191	0.00225881502563755	0.0274238986811598
Bacteria|Actinobacteria|Coriobacteriia|Coriobacteriales|Atopobiaceae|Olsenella	0.00236043904166175	0.00752369965390982	0.0244104867451057	0	0.0996884735202492	0.0211999152003392	0.00241341860745746	0.0506756756756757	0.0202757502027575	0.0024633575563493	0.164262461547651	0.0112958611964576	0.0023039882035804	0.00236484888615617	0.044135752282283	0.126837069512229	0.0298497562269908	0	0.0252079657171666	0.0731945348080677	0.0025077740997091	0.00435929292268794	0.0225881502563755	0
Bacteria|Actinobacteria|Coriobacteriia|Eggerthellales|Eggerthellaceae|Adlercreutzia	0.0141626342499705	0.0275868987310027	0.0219694380705951	0	0.0299065420560748	0.0079499682001272	0.0144805116447448	0.0168918918918919	0.00760340632603406	0.00985343022539722	0.0179195412597437	0.0248508946322068	0.0506877404787687	0.0804048621293099	0.202095286766243	0.121322414316045	0.0729660707770887	0.0156075808249721	0.0532168165140184	0.117924528301887	0.0326010632962183	0.0239761110747837	0.0542115606153012	0.0673132058537558
Bacteria|Actinobacteria|Coriobacteriia|Eggerthellales|Eggerthellaceae|Unassigned	0.0236043904166175	0.00501579976927321	0.00976419469804228	0.00767263427109974	0.00747663551401869	0	0.0217207674671172	0.0265444015444015	0.00506893755068938	0	0.00298659020995729	0.0293692391107898	0.0161279174250628	0.0189187910892494	0.0209064089758183	0.110293103923677	0.013266558323107	0.0222965440356745	0.120438058426463	0.0772608978529603	0.0200621927976728	0.0130778787680638	0.0112940751281878	0.0822716960434794
Bacteria|Bacteroidetes|Bacteroidia|Bacteroidales|Bacteroidaceae|Bacteroides	0.689248200165231	2.54802628279079	3.2099790069814	2.82864450127877	1.34828660436137	1.81524273902904	0.765053698564016	0.856660231660232	0.704582319545823	1.11097425791354	2.58340053161306	0.781673594794867	0.177407091675691	0.234120039729461	0.427419916838951	0.0689331899522982	0.315080760173792	0.379041248606466	0.193261070498277	0.272446324007807	0.303440666064801	0.0566708079949432	0.176187571999729	0.411358480217397
Bacteria|Bacteroidetes|Bacteroidia|Bacteroidales|Bacteroidaceae|Phocaeicola	0.0141626342499705	0.107839695039374	0.017087340721574	0.281329923273657	0.032398753894081	0.124549501801993	0.00965367442982985	0.0168918918918919	0.00506893755068938	0.0591205813523833	0.0657049846190604	0.00225917223929152	0.0023039882035804	0	0.00464586866129294	0	0	0	0	0	0	0	0	0
Bacteria|Bacteroidetes|Bacteroidia|Bacteroidales|Barnesiellaceae|Barnesiella	0.191195562374602	0.436374579926769	0.497973929600156	0.363171355498721	0.525856697819315	0.919546321814713	0.36201279111862	0.272683397683398	0.32441200324412	0.428624214804779	0.528626467162441	0.329839146936562	0.188927032693593	0.267227924135648	0.267137448024344	0.137866379904596	0.162515339458061	0.0356744704570792	0.128840713665518	0.191119063109954	0.105326512187782	0.0479522221495673	0.0880937859998645	0.109695594724639
Bacteria|Bacteroidetes|Bacteroidia|Bacteroidales|Muribaculaceae|Duncaniella	1.41390298595539	3.12735115614185	2.60459893570278	1.82608695652174	2.12585669781931	3.39728641085436	3.35465186436587	1.90395752895753	1.30018248175182	2.02980662643183	3.42561897082101	1.5723838785469	3.77162868926111	3.6205836447051	1.379822992404	1.18013621198335	5.34642300421213	0.945373467112598	1.66932750749237	3.24495770982433	2.39492426522219	0.808648837158613	2.04196878317635	3.46538356061928
Bacteria|Bacteroidetes|Bacteroidia|Bacteroidales|Muribaculaceae|Muribaculum	0.441402100790747	0.742338365852435	0.842161792706147	0.560102301790281	0.615576323987539	1.19514521941912	0.598527814649451	0.407818532818533	0.519566098945661	0.564108880403991	1.31708628259117	0.546719681908549	2.18418081699422	1.3597881095398	0.610931728960022	0.526649571235558	2.13591589002023	0.381270903010033	0.694619499761925	0.992192582953806	1.51218778212459	0.575426665794808	1.34173612522871	1.59557228690384
Bacteria|Bacteroidetes|Bacteroidia|Bacteroidales|Muribaculaceae|Paramuribaculum	0.450843856957394	1.14861814716357	1.386515647122	0.820971867007673	0.989408099688474	1.48929404282383	1.6169904669965	0.849420849420849	0.537307380373074	0.780884345362729	1.80091389660425	1.56560636182903	0.481533534548303	0.551009790474389	0.67829682454877	0.510105605647007	0.998308513813804	0.452619843924192	0.523765509901129	0.902732595966168	0.406259404152874	0.237581464286493	0.609880056922139	0.533519483433472
Bacteria|Bacteroidetes|Bacteroidia|Bacteroidales|Muribaculaceae|Unassigned	0.0708131712498525	0.11787129457792	0.107406141678465	0.127877237851662	0.0947040498442368	0.137799448802205	0.296850488717268	0.0868725868725869	0.0278791565287916	0.0665106540214312	0.313591972045516	0.248508946322068	0.202750961915075	0.0496618266092797	0.448326325814769	0.286762070201561	1.44937149679944	0.22742474916388	0.498557544183962	1.42322706571243	0.0576788042933093	0.0828265655310709	0.0519527455896637	0.0922440228366284
Bacteria|Bacteroidetes|Bacteroidia|Bacteroidales|Prevotellaceae|Prevotella	0.221881269916204	0.188092491347745	0.688375726211981	0.979539641943734	0.0897196261682243	0.214649141403434	0.52371183781827	0.147200772200772	0.283860502838605	0.234018967853184	0.415136039184063	0.666455810590999	0.338686265926318	0.669252234782197	0.722432576831053	0.250916811426366	0.331663958077676	0.136008918617614	0.661008878805703	0.435100845803513	0.248269635871201	0.156934545216766	0.108423121230602	0.403879235122535
Bacteria|Bacteroidetes|Bacteroidia|Bacteroidales|Prevotellaceae|Prevotellamassilia	0.103859317833117	2.13171490194111	2.4019918957184	0.294117647058824	0.897196261682243	0.752596989612042	0.699891396162664	1.30067567567568	4.316200324412	1.2489222810691	2.34745990502643	0.752304355684077	0.170495127064949	0.0922291065600908	0.734047248484285	0.352937932555767	0.50081257669729	0.280936454849498	0.747836316275943	1.97218607677293	0.0877720934898184	0.154754898755422	0.463057080255698	0.142105656802373
Bacteria|Bacteroidetes|Bacteroidia|Bacteroidales|Rikenellaceae|Alistipes	0.280892245957748	0.298440086271756	0.329541571058927	0.514066496163683	0.216822429906542	0.73934704261183	1.08603837335586	0.207528957528958	0.904805352798054	0.396600566572238	0.501747155272825	0.309506596782939	0.942331175264383	0.435132195052736	0.150990731492021	0.0799625003446659	0.497495937116514	0.1917502787068	0.224070806374814	0.170787247885491	0.253285184070619	0.111161969528542	0.264281357999593	0.396399990027673
Bacteria|Bacteroidetes|Flavobacteriia|Flavobacteriales|Weeksellaceae|Unassigned	0.22896258704119	0.0677132968851883	0.187960747937314	0.721227621483376	0.102180685358255	0.0291498834004664	0.272716302642693	0.041023166023166	0.0253446877534469	0.118241162704767	0.0836245258788042	0.0429242725465389	0.472317581733982	0.312160052972615	0.290366791330809	0.281247415005377	0.583728566216709	0.0423634336677815	0.092429207629611	0.524560832791152	0.308456214264219	0.0675690403016631	0.140046531589528	0.241828924733864
Bacteria|Candidatus_Saccharibacteria|Unassigned|Unassigned|Unassigned|Saccharibacteria_genera_incertae_sedis	0	0	0.00488209734902114	0	0.00498442367601246	0.026499894000424	0.0530952093640642	0.0555019305019305	0	0	0	0.00225917223929152	0.251134714190263	0.156080026486308	0.220678761411415	0.763779744671464	0.198998374846605	0.272017837235229	0.484553118785536	0.418835393623943	0.100310963988364	0.0675690403016631	0.126493641435703	0.206925780957842
Bacteria|Deferribacteres|Deferribacteres|Deferribacterales|Deferribacteraceae|Mucispirillum	0.571226248082143	0.112855494808647	0.0268515354196163	0.051150895140665	0.478504672897196	0.0821496714013144	0.0530952093640642	1.57818532818533	0.164740470397405	0.0615839389087326	0.071678165038975	0.00677751671787457	0.0184319056286432	0.0094593955446247	0.00696880299193942	0.0165439655885516	0.149248781134954	0.0557413600891862	0.00560177015937036	0	0	0.0305150504588156	0.275575433127781	0.221884271147566
Bacteria|Firmicutes|Bacilli|Bacillales|Staphylococcaceae|Staphylococcus	0.0424879027499115	0.0501579976927321	0.0585851681882537	0.020460358056266	0.0498442367601246	0.0609497562009752	0.195486907204055	0.1496138996139	0.134326845093268	0.118241162704767	0.20906131469701	0.112958611964576	0.00921595281432159	0.014189093316937	0.00696880299193942	0.176468966277883	0.192365095685052	0.11371237458194	0.145646024143629	0.166720884840599	0.137927575484	0.102443383683167	0.180705202051004	0.164543392086959
Bacteria|Firmicutes|Bacilli|Lactobacillales|Enterococcaceae|Enterococcus	0.179393367166293	0.270853187540753	0.25875115949812	0.219948849104859	0.256697819314642	0.394848420606318	0.50440448895861	0.499517374517375	0.400446066504461	0.391673851459539	0.567452139891885	0.395355141876017	0.253438702393844	0.27195762190796	0.313596134637274	0.250916811426366	0.202315014427382	0.153846153846154	0.145646024143629	0.178919973975276	0.100310963988364	0.071928333224351	0.164893496871541	0.147091820198948
Bacteria|Firmicutes|Bacilli|Lactobacillales|Enterococcaceae|Melissococcus	0	0	0.17087340721574	0	0.0199376947040498	0.0344498622005512	0	0	0.00760340632603406	0	0.206074724487053	0.00451834447858305	0.0023039882035804	0.0307430355200303	0.0209064089758183	0.00827198279427579	0.00331663958077676	0.00445930880713489	0	0.227716330513988	0.0025077740997091	0.0196168181520957	0.10164667615369	0
Bacteria|Firmicutes|Bacilli|Lactobacillales|Lactobacillaceae|Lactobacillus	0.405995515165821	1.55239002859006	0.0756725089098277	0.0383631713554987	0.446105919003115	0.211999152003392	0.0337878605044045	0.386100386100386	1.0492700729927	0.820298066264318	0.283726069945943	0.153623712271824	0.103679469161118	0.0283781866338741	0.91523612627471	1.17462155678716	1.25037312195284	0.198439241917503	0.193261070498277	0.565224463240078	0.253285184070619	0.14821595937139	0.481127600460798	0.289197477001321
Bacteria|Firmicutes|Bacilli|Lactobacillales|Lactobacillaceae|Ligilactobacillus	0.0590109760415437	0.0175552991924562	0.0366157301176585	0.040920716112532	0.064797507788162	0.0052999788000848	0.120670930372873	0.101351351351351	0.0481549067315491	0.0270969331198423	0.0477854433593167	0.137809506596783	0.0645116697002511	0.108783048763184	0.715463773839114	0.319850001378664	0.119399024907963	0.211817168338907	0.0840265523905554	0.8295380611581	0.1103420603872	0.143856666448702	0.0745408958460392	0.122161003216075
Bacteria|Firmicutes|Bacilli|Lactobacillales|Lactobacillaceae|Limosilactobacillus	0.00708131712498525	0.0200631990770928	0.0414978274666797	0.00767263427109974	0.0174454828660436	0.0158999364002544	0.0168939302522022	0.0265444015444015	0.0608272506082725	0.0862175144722256	0.0657049846190604	0.0225917223929152	0.0023039882035804	0.0165539422030932	0.0650421612581012	0.107535776325585	0.0331663958077676	0.0758082497212932	0.00840265523905554	0.0365972674040338	0.0175544186979637	0.0217964646134397	0.0271057803076506	0.0174515718880108
Bacteria|Firmicutes|Bacilli|Lactobacillales|Streptococcaceae|Streptococcus	0.273810928832763	0.343582284195215	0.42962456671386	0.227621483375959	0.351401869158878	0.59624761500954	0.214794256063714	0.13996138996139	0.179947283049473	0.118241162704767	0.218021085326882	0.1332911621182	0.225790843950879	0.323984297403396	0.506399684080931	0.468745691675628	0.361513714304667	0.245261984392419	0.310898243845055	0.443233571893299	0.228207443073528	0.174371716907518	0.325269363691807	0.201939617561267
Bacteria|Firmicutes|Clostridia|Clostridiales|Christensenellaceae|Christensenella	0	0	0.00244104867451057	0	0.00249221183800623	0	0	0	0.00253446877534469	0	0.00298659020995729	0	0.156671197843467	0.16080972425862	0.209064089758183	0.270218104613009	0.0331663958077676	0.0334448160535117	0.109234518107722	0.642485361093038	0.0200621927976728	0.0152575252294078	0.0383998554358384	0.114681758121214
Bacteria|Firmicutes|Clostridia|Clostridiales|Clostridiaceae_1|Clostridium_sensu_stricto	0.136905464416381	0.0326026985002759	0.0219694380705951	0.0460358056265985	0.174454828660436	0.103349586601654	0.318571256184385	0.173745173745174	0.392842660178427	0.24879911319128	0.125436788818206	0.0203325501536237	0.0391677994608668	0.0874994087877785	0.0557504239355153	0.515620260843191	0.394680110112434	0.256410256410256	0.319300899084111	0.41476903057905	0.235730765372655	0.294252272281436	0.316234103589257	0.0822716960434794
Bacteria|Firmicutes|Clostridia|Clostridiales|Clostridiaceae_1|Unassigned	0	0	0	0	0	0	0	0	0	0	0	0	0	0	0	0.0193012931866435	0.00663327916155351	0.0535117056856187	0.759039856594684	0	0.0025077740997091	0.0174371716907518	0.0090352601025502	0.00498616339657451
Bacteria|Firmicutes|Clostridia|Clostridiales|Clostridiaceae_2|Alkaliphilus	0	0	0.00732314602353171	0.0383631713554987	0.0423676012461059	0.0344498622005512	0.0289610232894896	0.00965250965250965	0.00253446877534469	0.00492671511269861	0.00298659020995729	0.0451834447858305	18.5355850978043	21.1275599489193	5.04773630049479	11.9447431549342	4.54711286524493	0.274247491638796	0.126039828585833	3.11890045543266	2.99428227505266	0.11552126245123	2.1413566443044	8.2147041958565
Bacteria|Firmicutes|Clostridia|Clostridiales|Clostridiales_Incertae_Sedis_XIII|Aminipila	0.127463708249734	0.0501579976927321	0.0268515354196163	0.130434782608696	0.122118380062305	0.0556497774008904	0.067575721008809	0.123069498069498	0.0481549067315491	0.0763640842468284	0.0866111160887615	0.047442617025122	0.0023039882035804	0.00236484888615617	0.0139376059838788	0.0165439655885516	0.013266558323107	0.00445930880713489	0.00560177015937036	0.0203318152244632	0.00752332229912729	0.0108982323067198	0.0112940751281878	0.0598339607588941
Bacteria|Firmicutes|Clostridia|Clostridiales|Clostridiales_Incertae_Sedis_XIII|Bacilliculturomica	0	0	0.00244104867451057	0	0.00249221183800623	0	0	0	0.00506893755068938	0	0	0	0.0506877404787687	0.125336990966277	0.304304397314688	0.0579038795599305	0.11276574574641	0.0691192865105908	0.0784247822311851	0.187052700065062	0.0401243855953456	0.0261557575361276	0.0316234103589257	0.124654084914363
Bacteria|Firmicutes|Clostridia|Clostridiales|Clostridiales_Incertae_Sedis_XIII|Ihubacter	0.0212439513749557	0.0401263981541857	0.0390567787921691	0.0383631713554987	0.0473520249221184	0.0635997456010176	0.0458549535416918	0.0506756756756757	0.0608272506082725	0.056657223796034	0.0358390825194875	0.0271100668714983	0.00921595281432159	0.00472969777231235	0.00232293433064647	0.00551465519618386	0.00994991874233027	0.00891861761426979	0.00840265523905554	0.0081327260897853	0	0.00435929292268794	0.0090352601025502	0.00249308169828725
Bacteria|Firmicutes|Clostridia|Clostridiales|Defluviitaleaceae|Defluviitalea	0	0	0	0	0	0	0	0	0	0	0	0	0.023039882035804	0.0094593955446247	0.267137448024344	0.195770259464527	0.11276574574641	0.0334448160535117	0.0672212419124443	0.581489915419649	0.0125388704985455	0.0283354039974716	0.0767997108716767	0.0747924509486176
Bacteria|Firmicutes|Clostridia|Clostridiales|Eubacteriaceae|Eubacterium	0.415437271332468	0.095300195616191	1.03012254064346	0.930946291560102	0.747663551401869	3.30983676065296	2.08036683962833	2.33349420849421	0.228102189781022	0.364576918339697	4.70089299047278	1.46394361106091	0.0668156579038315	0.113512746535496	2.37868475458199	0.292276725397745	0.0994991874233027	0.0468227424749164	0.0728230120718147	0.162654521795706	0.494031497642692	0.246300050131869	0.0587291906665763	1.49584901897235
Bacteria|Firmicutes|Clostridia|Clostridiales|Lachnospiraceae|Acetatifactor	4.17561666469963	1.06084165120128	0.737196699702192	3.16368286445013	1.23613707165109	1.58469366122536	5.67636056473995	5.625	1.95914436334144	2.51016134991994	1.56497327001762	1.38939092716429	0.9285072460429	0.636144350376011	1.38214592673465	1.1277469876196	1.72465258200391	2.29877369007804	2.10066380976389	1.34596616785947	1.47457117062895	3.30870332832015	2.90031849291862	1.6429408391713
Bacteria|Firmicutes|Clostridia|Clostridiales|Lachnospiraceae|Agathobacter	0.0259648294582792	0.0978080955008276	0.0439388761411903	0.0332480818414322	0.00498442367601246	0.052999788000848	0.188246651381682	0.00723938223938224	0.0582927818329278	0.0911442295849243	0.050772033569274	0.0180733779143322	0.0253438702393844	0.0260133377477179	0.0418128179516365	0.190255604268343	0.00663327916155351	0.0356744704570792	0.103632747948352	0.0447299934938191	0.0326010632962183	0.0174371716907518	0.0293645953332882	0.219391189449278
Bacteria|Firmicutes|Clostridia|Clostridiales|Lachnospiraceae|Anaerobutyricum	0.106219756874779	0.351105983849125	0.00732314602353171	0.143222506393862	0.0448598130841121	0.129849480602078	0.178592976951852	0.441602316602317	0.215429845904298	0.0024633575563493	0.00895977062987187	0.00451834447858305	0.00691196461074119	0.00236484888615617	0.00929173732258589	0	0	0	0.00280088507968518	0	0	0	0.00225881502563755	0.00498616339657451
Bacteria|Firmicutes|Clostridia|Clostridiales|Lachnospiraceae|Anaerocolumna	0.970140446122979	1.01319155339319	0.624908460674706	0.744245524296675	0.91214953271028	1.79139283442866	0.528538675033185	3.83928571428571	0.590531224655312	1.71942357433181	0.361377415404832	0.510572926079884	6.05488099900928	5.4013148559807	5.8584403818904	5.85104916315107	2.3680806606746	4.74024526198439	1.14836288267092	4.01350032530904	7.2775604373558	1.90937030013732	9.00363669219128	6.90583630425569
Bacteria|Firmicutes|Clostridia|Clostridiales|Lachnospiraceae|Anaerosporobacter	0.037767024666588	0.0225710989617294	0.0610262168627642	0.0690537084398977	0.423676012461059	0.092749629001484	0.0410281163267769	0.0361969111969112	0.0836374695863747	0.00985343022539722	0.020906131469701	0.0406651003072474	0.0023039882035804	0.00236484888615617	0.0301981462984041	0.0275732759809193	0.00331663958077676	0.040133779264214	0.0560177015937036	0.0406636304489265	0.0125388704985455	0.0108982323067198	0.00225881502563755	0
Bacteria|Firmicutes|Clostridia|Clostridiales|Lachnospiraceae|Anaerostipes	0.0401274637082497	0.150473993078196	0.00244104867451057	0.0051150895140665	0.064797507788162	0.103349586601654	0.0386146977193194	0.0217181467181467	0.0937753446877534	0.0911442295849242	0.00597318041991458	0.00903668895716609	0.0299518466465452	0.0591212221539044	0.106854979209738	0.0689331899522982	0.0431163145500978	0.0624303232998885	0.0868274374702406	0.0325309043591412	0.0125388704985455	0.0414132827655354	0.103905491179327	0.0448754705691705
Bacteria|Firmicutes|Clostridia|Clostridiales|Lachnospiraceae|Anaerotaenia	0.0896966835831465	0.012539499423183	0.0366157301176585	0.833759590792839	0.199376947040498	0.257048971804113	0.219621093278629	0.504343629343629	0.179947283049473	0.285749476536519	0.50772033569274	0.314024941261522	0.0184319056286432	0	0.00232293433064647	0.00551465519618386	0.00663327916155351	0.00668896321070234	0.00840265523905554	0.0081327260897853	0.0125388704985455	0.00217964646134397	0.56244494138375	0.00747924509486176
Bacteria|Firmicutes|Clostridia|Clostridiales|Lachnospiraceae|Anaerotignum	0.0495692198748967	0.0576816973466419	0.0268515354196163	0.29923273657289	0.166978193146417	0.105999576001696	0.0868830698684687	0.13996138996139	0.0380170316301703	0.0689740115777805	0.0537586237792312	0.0180733779143322	0.0299518466465452	0.0425672799508111	0.104532044879091	0.102021121129401	0.0397996749693211	0.0222965440356745	0.0336106209562222	0.0772608978529603	0.0426321596950547	0.0348743433815035	0.0361410404102008	0.0698062875520431
Bacteria|Firmicutes|Clostridia|Clostridiales|Lachnospiraceae|Blautia	1.32892718045556	1.11099964889402	0.849484938729678	2.05882352941176	1.39314641744548	0.821496714013144	1.96693616507783	1.99083011583012	0.580393349553934	1.26370242640719	1.51121464623839	1.0663292969456	0.691196461074119	0.491888568320484	0.464586866129295	0.333636639369123	0.749560545255547	0.341137123745819	0.946699156933591	0.374105400130124	0.44387601564851	0.945966564223283	0.397551444512209	0.618284261175239
Bacteria|Firmicutes|Clostridia|Clostridiales|Lachnospiraceae|Caecibacterium	0	0	0.00244104867451057	0	0	0.0026499894000424	0.00241341860745746	0	0	0	0.00298659020995729	0.00225917223929152	0.00921595281432159	0	0.00232293433064647	0.0275732759809193	0.0530662332924281	0.301003344481605	0.030809735876537	0.0081327260897853	0.16802086468051	0.782493079622485	0.648279912357977	0.0423823888708833
Bacteria|Firmicutes|Clostridia|Clostridiales|Lachnospiraceae|Clostridium_XlVa	1.45403044966364	0.461453578773135	0.217253332031441	1.17135549872123	0.677881619937695	0.763196947212211	0.571980209967419	1.72779922779923	0.509428223844282	0.194605246951595	0.728728011229579	0.494758720404844	1.34092113448379	1.09256018540415	2.11154730655764	4.42551079493755	1.72133594242314	6.7736900780379	2.8344957006414	1.92338972023422	7.84933293208948	14.6581224525382	2.7309073659958	2.36842761337289
Bacteria|Firmicutes|Clostridia|Clostridiales|Lachnospiraceae|Clostridium_XlVb	0	0	0	0	0	0.0158999364002544	0	0	0	0	0	0	0.0023039882035804	0.00236484888615617	0.0301981462984041	0.0303306035790112	0.0331663958077676	0.0356744704570792	0.176455760020166	0.0528627195836044	0.0300932891965092	0.167832777523486	0.0225881502563755	0.00747924509486176
Bacteria|Firmicutes|Clostridia|Clostridiales|Lachnospiraceae|Cuneatibacter	0.247846099374484	0.260821588002207	0.0756725089098277	0.253196930946292	0.119626168224299	0.105999576001696	0.231688186315917	0.168918918918919	0.220498783454988	0.192141889395246	0.155302690917779	0.250768118561359	0.108287445568279	0.106418199877028	0.301981462984041	0.347423277359583	0.596995124539816	1.58751393534002	0.613393832451054	0.317176317501627	1.64760758350888	1.37535691710805	0.399810259537846	0.845154695719379
Bacteria|Firmicutes|Clostridia|Clostridiales|Lachnospiraceae|Eisenbergiella	5.51398560132185	2.10412800321011	1.10335400087878	8.90281329923274	2.98566978193146	2.39029043883824	2.98057198020997	4.95656370656371	1.33059610705596	4.24436506958985	1.12893109936386	3.51301283209832	1.34092113448379	0.692900723643759	0.987247090524751	1.38142112664406	1.54887068422275	7.32664437012263	5.55415511301571	1.75666883539362	4.18296719831478	5.08729484077683	2.78737774163674	2.39335843035576
Bacteria|Firmicutes|Clostridia|Clostridiales|Lachnospiraceae|Enterocloster	8.22376962114953	3.29788834829714	0.910511155592443	5.31457800511509	3.3196261682243	2.59698961204155	4.25003016773259	1.90878378378378	2.85127737226277	3.90442172681365	3.69441208971717	3.18995120187963	0.631292767781029	0.437497043938892	0.662036284234245	0.681059916728706	2.99160890186063	5.18840579710145	1.54608856398622	0.666883539362394	1.11846724847026	1.64781272477604	7.55121863070633	0.471192440976291
Bacteria|Firmicutes|Clostridia|Clostridiales|Lachnospiraceae|Extibacter	0.00236043904166175	0	0.00488209734902114	0.010230179028133	0	0.0052999788000848	0.00965367442982985	0.00482625482625483	0.00760340632603406	0	0	0.00677751671787457	0.0138239292214824	0.0378375821784988	0.0232293433064647	0.0248159483828274	0.0795993499386422	0.0936454849498328	0.061619471753074	0.0609954456733897	0.190590831577891	0.374899191351163	0.0135528901538253	0.134626411707512
Bacteria|Firmicutes|Clostridia|Clostridiales|Lachnospiraceae|Faecalicatena	1.24159093591408	1.20379194462557	0.988624713176781	1.30179028132992	0.847352024922118	1.14744541021836	1.6338843972487	1.73503861003861	0.889598540145985	0.615839389087326	1.83675297912373	2.81718778239653	0.131327327604083	0.0496618266092797	0.146344862830728	0.195770259464527	0.212264933169712	0.269788182831661	0.574181441335462	0.19925178919974	0.433844919249674	0.324767322740251	0.133270086512615	0.244322006432151
Bacteria|Firmicutes|Clostridia|Clostridiales|Lachnospiraceae|Faecalimonas	0.143986781541367	0.188092491347745	0.134257677098081	0.207161125319693	0.398753894080997	0.166949332202671	0.311331000362013	0.337837837837838	0.326946472019465	0.167508313831753	0.203088134277096	0.246249774082776	1.30175333502292	0.24121458638793	0.713140839508467	0.576281468001213	0.739610626513217	1.27982162764771	1.12875668711313	0.410702667534157	0.747316681713311	1.22714095773666	1.00969031645999	0.703049038917005
Bacteria|Firmicutes|Clostridia|Clostridiales|Lachnospiraceae|Falcatimonas	0.0047208780833235	0.0100315995385464	0.0268515354196163	0.00767263427109974	0.00747663551401869	0.262348950604198	0.00724025582237239	0.0120656370656371	0.00253446877534469	0.00492671511269861	0.0985574769285906	0.0248508946322068	0.00921595281432159	0.0118242444307809	0.0255522776371112	0.286762070201561	0.0431163145500978	0.490523968784838	0.495756659104277	0.638418998048146	0.173036412879928	0.189629242136925	0.490162860563349	0.0249308169828725
Bacteria|Firmicutes|Clostridia|Clostridiales|Lachnospiraceae|Frisingicoccus	0.146347220583028	0.110347594924011	0.0244104867451057	0.0920716112531969	0.0423676012461059	0.0847996608013568	0.118257511765416	0.168918918918919	0.283860502838605	0.125631235373814	0.182182002807395	0.243990601843485	0.488445499159044	0.167904270917088	0.970986550210226	0.846499572614222	1.00494179297536	0.811594202898551	2.80648684984455	1.39882888744307	0.692145651519711	0.664792170709911	1.31914797497233	0.206925780957842
Bacteria|Firmicutes|Clostridia|Clostridiales|Lachnospiraceae|Fusicatenibacter	0.0306857075416027	0.0401263981541857	0.0366157301176585	0.0588235294117647	0.0598130841121495	0.0185499258002968	0.0627488837938941	0.00241312741312741	0.0430859691808597	0.0418770784579382	0.0328524923095302	0.0609976504608711	0.1175033983826	0.0614860710400605	0.0255522776371112	0.132351724708413	0.0298497562269908	0.0312151616499443	0.0504159314343333	0.0487963565387118	0.0376166114956365	0.0457725756882234	0.0180705202051004	0.0747924509486176
Bacteria|Firmicutes|Clostridia|Clostridiales|Lachnospiraceae|Hungatella	0.0236043904166175	0.0175552991924562	0.3002489869648	0.0281329923273657	0.862305295950156	0.0370998516005936	0.0579220465789791	0.0361969111969112	0.0582927818329278	0.0615839389087326	0.071678165038975	0.0180733779143322	0.0967675045503767	0.151350328713995	0.0487816209435759	0.405327156919514	0.34824715598156	0.494983277591973	0.268884967649777	0.374105400130124	0.315979536563346	0.815187776542645	0.560186126358112	0.124654084914363
Bacteria|Firmicutes|Clostridia|Clostridiales|Lachnospiraceae|Kineothrix	8.24973445060781	8.36133821537844	6.49807157154714	4.21739130434783	13.6498442367601	2.999788000848	11.3116930131531	7.92471042471043	10.6295620437956	11.1934967360512	7.74422841441926	6.83625519609615	8.39342902564339	8.09014803954027	7.59831819554461	4.35382027738716	11.8271367450499	17.752508361204	10.7525978209114	3.84271307742355	13.9432239943826	16.8246910351141	12.8865397212622	10.6454588516866
Bacteria|Firmicutes|Clostridia|Clostridiales|Lachnospiraceae|Lachnospira	0.398914198040836	0.00501579976927321	0.0122052433725528	0.365728900255754	0.00747663551401869	0.352448590205639	0	0.00241312741312741	0.00253446877534469	0.0394137209015889	0	0	0.011519941017902	0	0	0.00275732759809193	0.0895492686809724	0.0133779264214047	0.00560177015937036	0.0081327260897853	0.0626943524927275	0.0348743433815035	0.00677644507691265	0.00747924509486176
Bacteria|Firmicutes|Clostridia|Clostridiales|Lachnospiraceae|Lachnospiracea_incertae_sedis	1.23923049687242	4.04524251391884	0.820192354635551	2.1074168797954	1.48785046728972	1.82584269662921	1.41667672257753	1.12210424710425	1.35087185725872	1.31543293509053	1.95322999731207	0.865262967648654	0.935419210653642	1.10911412760725	5.84450277590653	3.15714009981526	3.24035687041889	2.20958751393534	3.59353555723609	4.15175666883539	5.74029491423413	3.06894221757231	0.456280635178785	4.17591184463115
Bacteria|Firmicutes|Clostridia|Clostridiales|Lachnospiraceae|Lachnotalea	0.0708131712498525	0	0.00244104867451057	0.20460358056266	0.00747663551401869	0.0026499894000424	0.200313744418969	0.0892857142857143	0.00253446877534469	0.0541938662396847	0.206074724487053	0.0677751671787457	0.0046079764071608	0	0	0	0.00331663958077676	0.00222965440356745	0	0	0.0100310963988364	0.00653893938403191	0	0.00249308169828725
Bacteria|Firmicutes|Clostridia|Clostridiales|Lachnospiraceae|Lacrimispora	7.85082025256698	12.2184882379495	14.0091783430162	5.29667519181586	19.2224299065421	6.16387534449862	11.1741281525281	8.3976833976834	12.0488645579886	17.1178716590713	7.89654451512708	11.5104825591903	7.1584913485243	4.26618739062574	1.04532044879091	2.53398406264648	1.80093529236178	5.23745819397993	2.60202223902753	1.1060507482108	4.69956866285485	10.113559580636	12.1253190576224	6.13547405948493
Bacteria|Firmicutes|Clostridia|Clostridiales|Lachnospiraceae|Marvinbryantia	1.22270742358079	0.338566484425942	0.368598349851096	1.00255754475703	0.737694704049844	1.47869408522366	2.10932786291782	2.51930501930502	0.724858069748581	1.7834708707969	1.63067825463668	0.702602566419664	0.216574891136557	0.146620630941683	0.418128179516365	0.154410345493148	0.25538124771981	2.07803790412486	0.330504439402851	0.117924528301887	0.193098605677601	0.289892979358748	1.04809017189582	0.19944653586298
Bacteria|Firmicutes|Clostridia|Clostridiales|Lachnospiraceae|Mediterraneibacter	0.365868051457571	0.744846265737072	0.3002489869648	0.278772378516624	1.04423676012461	0.524697901208395	0.403040907445396	0.258204633204633	0.709651257096513	0.573962310629388	0.31956515246543	0.472166998011928	0.283390549040389	0.316889750744927	0.1649283374759	0.827198279427579	0.205631654008159	0.775919732441471	0.123238943506148	0.548959011060507	1.29150366135019	0.723642625166198	0.639244652255427	1.13185909102241
Bacteria|Firmicutes|Clostridia|Clostridiales|Lachnospiraceae|Merdimonas	0.295054880207719	0.0175552991924562	0.0146462920470634	0.0920716112531969	0.0573208722741433	0.204049183803265	0.506817907566067	0.296814671814672	0.136861313868613	0.332553270107156	0.226980855956754	0.962407373938189	0.152063221436306	0.0378375821784988	0.123115519524263	0.195770259464527	0.321714039335345	0.787068004459309	0.414530991793407	0.406636304489265	0.363627244457819	0.505677979031801	0.304940028461069	0.157064146992097
Bacteria|Firmicutes|Clostridia|Clostridiales|Lachnospiraceae|Muricomes	0.0047208780833235	0.00752369965390982	0.0927598496314017	0.00767263427109974	1.01682242990654	0.225249099003604	0.0337878605044045	0.0337837837837838	0.167274939172749	0.00492671511269861	0.0567452139891885	0.0745526838966203	0	0.00236484888615617	0.00232293433064647	0	0	0	0	0	0	0.00217964646134397	0.0045176300512751	0.00249308169828725
Bacteria|Firmicutes|Clostridia|Clostridiales|Lachnospiraceae|Oribacterium	0.00708131712498525	0.0175552991924562	0.00976419469804228	0.00255754475703325	0.0249221183800623	0.0026499894000424	0.0458549535416918	0.0193050193050193	0.0228102189781022	0.0295602906761917	0.0179195412597437	0.0384059280679559	0.011519941017902	0.0283781866338741	0.0766568329113336	0.038602586373287	0.0862326291001957	0.0802675585284281	0.218469036215444	0.0406636304489265	0.0576788042933093	0.202707120904989	0.0112940751281878	0.0274238986811598
Bacteria|Firmicutes|Clostridia|Clostridiales|Lachnospiraceae|Roseburia	0.146347220583028	0.0927922957315544	0.17087340721574	0.457800511508951	0.0623052959501558	0.177549289802841	0.248582116568119	0.48503861003861	0.0963098134630981	0.100997659810321	0.182182002807395	0.121995300921742	0.246526737783103	0.108783048763184	0.996538827847337	0.719662503101994	0.686544393220789	2.04013377926421	3.20421253115985	1.20770982433312	4.40114354498947	1.19226661435515	0.458539450204423	0.792799980055346
Bacteria|Firmicutes|Clostridia|Clostridiales|Lachnospiraceae|Ruminococcus2	0.0802549274164995	0.0451421979234589	0.00488209734902114	0.194373401534527	0	0.0052999788000848	0.00482683721491493	0.00241312741312741	0.0481549067315491	0.14041138071191	0	0.00225917223929152	0.0207358938322236	0.00236484888615617	0.227647564403354	0.181983621474067	0.0563828728732049	0.0445930880713489	0.0784247822311851	0.935263500325309	0.0376166114956365	0.337845201508315	0.11971719635879	0.0573408790606068
Bacteria|Firmicutes|Clostridia|Clostridiales|Lachnospiraceae|Schaedlerella	0.627876785082025	0.416311380849677	0.590733779231558	0.823529411764706	1.29595015576324	0.479648081407674	1.25015083866297	1.71814671814672	0.435928629359286	0.391673851459539	0.522653286742526	1.03696005783481	0.497661451973366	0.584117674880575	0.959371878556993	2.15623018170789	0.713077509867003	1.32441471571906	1.96061955577963	1.78513337670787	1.08335841107433	0.935068331916563	0.463057080255698	0.939891800254294
Bacteria|Firmicutes|Clostridia|Clostridiales|Lachnospiraceae|Sellimonas	0.639678980290334	0.012539499423183	0.00976419469804228	2.32736572890026	0.00996884735202492	0.0185499258002968	0.480270302884035	0.00482625482625483	0.220498783454988	0.199531962064294	0.00298659020995729	0.0248508946322068	0.011519941017902	0.0094593955446247	0.00929173732258589	0.00827198279427579	0.00994991874233027	0.00445930880713489	0.00560177015937036	0	0.0100310963988364	0.0108982323067198	0.020329335230738	0.0124654084914363
Bacteria|Firmicutes|Clostridia|Clostridiales|Lachnospiraceae|Stomatobaculum	0.342263661040954	0.386216582234037	4.0423766049895	0.227621483375959	0.139563862928349	0.312698749205003	0.552672861107759	0.663610038610039	0.0709651257096513	0.0739007266904791	0.268793118896156	0.31176576902223	0.0760316107181531	0.0567563732677482	0.160282468814607	0.162682328287424	0.278597724785248	0.318840579710145	0.364115060359073	0.239915419648666	0.290901795566255	0.706205453475446	0.307198843486707	0.177008800578395
Bacteria|Firmicutes|Clostridia|Clostridiales|Lachnospiraceae|Syntrophococcus	0.146347220583028	0.145458193308923	0	0.166240409207161	0.00498442367601246	0.0026499894000424	0.0168939302522022	0.00482625482625483	0.0380170316301703	0.130557950486513	0.0388256727294448	0.153623712271824	0.0023039882035804	0.0638509199262167	0.102209110548445	0.0358452587751951	0.0165831979038838	0.0178372352285396	0.0252079657171666	0.0365972674040338	0.193098605677601	0.111161969528542	0.0835761559485894	0.0249308169828725
Bacteria|Firmicutes|Clostridia|Clostridiales|Lachnospiraceae|Unassigned	30.6857075416027	17.7559311832272	9.11731679929698	25.8363171355499	7.4392523364486	15.1738393046428	12.3373959213226	13.8344594594595	25.2661192214112	24.1950979184629	9.33906758653645	20.4477679378276	6.3935672649356	5.02530388308187	20.7623870473182	8.10102848319409	18.496898941992	13.5117056856187	13.2453855418312	17.6724137931034	13.7049854549102	13.3089212929663	15.7303878385399	5.73907406945726
Bacteria|Firmicutes|Clostridia|Clostridiales|Peptococcaceae_1|Desulfitobacterium	0.0613714150832055	0.0777448964237348	0.0976419469804228	0.00255754475703325	0.00249221183800623	0	0.00724025582237239	0.00241312741312741	0.0633617193836172	0.00492671511269861	0.20906131469701	0.17847460690403	0.046079764071608	0.0449321288369673	0.0185834746451718	0.00551465519618386	0.189048456104275	0.0981047937569677	0.0196061955577963	0.0284645413142485	0.0300932891965092	0.0959044442991347	0.108423121230602	0.029916980379447
Bacteria|Firmicutes|Clostridia|Clostridiales|Peptococcaceae_2|Pelotomaculum	0.219520830874543	0.198124090886292	0.175755504564761	0.240409207161125	0.229283489096573	0.0900996396014416	0.234101604923374	0.253378378378378	0.16220600162206	0.135484665599212	0.0119463608398292	0.00225917223929152	0.11519941017902	0.0283781866338741	0.00696880299193942	0.00827198279427579	0.152565420715731	0.182831661092531	0.120438058426463	0.00406636304489265	0.0526632560938911	0.246300050131869	0.0338822253845633	0.0473685522674578
Bacteria|Firmicutes|Clostridia|Clostridiales|Peptostreptococcaceae|Romboutsia	0.434320783665762	0.403771881426493	0.436947712737392	0.485933503836317	1.12398753894081	2.85933856264575	0.480270302884035	0.56949806949807	1.45225060827251	0.913905653405592	0.836245258788042	0.332098319175854	0.0253438702393844	0.0520266754954358	0.0348440149596971	0.0413599139713789	0.0198998374846605	0.020066889632107	0.0196061955577963	0.0121990891346779	0.0175544186979637	0.00871858584537588	0.0316234103589257	0.0324100620777343
Bacteria|Firmicutes|Clostridia|Clostridiales|Peptostreptococcaceae|Unassigned	0	0	0	0.00255754475703325	0.00996884735202492	0.0052999788000848	0.0144805116447448	0	0	0	0.00298659020995729	0.00677751671787457	3.8315323825542	5.14354632738968	0.664359218564891	0.708633192709626	0.198998374846605	0.020066889632107	0.16245133462174	0.26024723487313	0.478984853044438	0.237581464286493	0.797361704050055	6.13048789608835
Bacteria|Firmicutes|Clostridia|Clostridiales|Ruminococcaceae|Acetivibrio	0.420158149415791	0.0376184982695491	0.273397451545184	0.0716112531969309	0.0623052959501558	0.423998304006784	0.528538675033184	0.760135135135135	0.32441200324412	0.0344870057888903	1.32305946301108	0.670974155069583	0.0368638112572864	0.0449321288369673	0.190480615113011	0.0965064659332175	0.198998374846605	0.0535117056856187	0.190460185418592	0.313109954456734	0.268331828668874	0.0501318686109113	0.284610693230331	0.0548477973623196
Bacteria|Firmicutes|Clostridia|Clostridiales|Ruminococcaceae|Acutalibacter	0.110940634958102	0.00250789988463661	0.0146462920470634	0.0792838874680307	0.239252336448598	0.0079499682001272	0.296850488717268	0.518822393822394	0.296532846715328	0.0123167877817465	0.173222232177523	0.0700343394180372	0.0391677994608668	0.0236484888615617	0.19744941810495	0.427385777704249	0.212264933169712	0.20958751393534	0.154048679382685	0.268379960962915	0.0300932891965092	0.12641949475795	0.300422398409794	0.109695594724639
Bacteria|Firmicutes|Clostridia|Clostridiales|Ruminococcaceae|Anaeromassilibacillus	0.037767024666588	0	0.0219694380705951	0.0383631713554987	0.0224299065420561	0.0317998728005088	0.0386146977193194	0.028957528957529	0.0152068126520681	0.0147801453380958	0.0418122629394021	0.0587384782215796	0.00691196461074119	0.0118242444307809	0.11846965086297	0.0606612071580224	0.0232164770654373	0.0557413600891862	0.0252079657171666	0.0935263500325309	0.0652021265924366	0.132958434141982	0.0135528901538253	0.0224377352845853
Bacteria|Firmicutes|Clostridia|Clostridiales|Ruminococcaceae|Anaerotruncus	0.48625044258232	0.564277474043236	0.117170336376507	0.383631713554987	0.396261682242991	0.27559889760441	0.354772535296247	0.767374517374517	0.476480129764801	0.179825101613499	0.271779709106114	0.0926260618109525	0.0046079764071608	0.00236484888615617	0.00696880299193942	0.00275732759809193	0.0729660707770887	0.0133779264214047	0.00280088507968518	0.00406636304489265	0.0100310963988364	0.0108982323067198	0	0.0224377352845853
Bacteria|Firmicutes|Clostridia|Clostridiales|Ruminococcaceae|Butyricicoccus	0.056650536999882	0.142950293424287	0.17331445589025	0.140664961636829	0.179439252336449	0.190799236803053	0.164112465307108	0.509169884169884	0.149533657745337	0.182288459169848	0.125436788818206	0.0700343394180372	0.0737276225145727	0.364186728468051	0.564473042347093	0.507348278048915	0.467646180889523	0.889632107023411	1.79256645099852	0.309043591411841	0.268331828668874	1.24021883650472	0.43369248492241	0.186981127371544
Bacteria|Firmicutes|Clostridia|Clostridiales|Ruminococcaceae|Clostridium_IV	0.752980054290098	0.621959171389878	0.707904115608065	1.22250639386189	1.24361370716511	0.919546321814713	0.948473512730783	0.617760617760618	0.669099756690998	1.17748491193497	0.594331451781501	0.680010844026749	0.140543280418404	0.0756751643569976	0.0929173732258589	0.0468745691675628	0.354880435143113	0.193979933110368	0.128840713665518	0.0528627195836044	0.105326512187782	0.0959044442991347	0.121976011384428	0.122161003216075
Bacteria|Firmicutes|Clostridia|Clostridiales|Ruminococcaceae|Colidextribacter	0.177032928124631	0.102823895270101	0.236781721427525	0.18925831202046	0.161993769470405	0.476998092007632	0.562326535537589	0.644305019305019	0.215429845904298	0.160118241162705	0.776513454588896	0.718416772094704	0.147455245029145	0.0378375821784988	0.234616367395294	0.173711638679792	0.374780272627774	0.176142697881828	0.182057530179537	0.19925178919974	0.210653024375564	0.31822838335622	0.149081791692078	0.167036473785246
Bacteria|Firmicutes|Clostridia|Clostridiales|Ruminococcaceae|Dysosmobacter	0.0873362445414847	0.0401263981541857	0.146462920470634	0.265984654731458	0.186915887850467	0.25439898240407	0.14239169783999	0.156853281853282	0.0608272506082725	0.0936075871412735	0.071678165038975	0.0451834447858305	0.0506877404787687	0.014189093316937	0.0278752119677577	0.0110293103923677	0.0563828728732049	0.11371237458194	0.0196061955577963	0.0081327260897853	0.1103420603872	0.309509797510844	0.144564161640803	0.0747924509486176
Bacteria|Firmicutes|Clostridia|Clostridiales|Ruminococcaceae|Faecalibacterium	0.103859317833117	0.150473993078196	0.190401796611824	0.112531969309463	0.124610591900312	0.206699173203307	0.173766139736937	0.0651544401544402	0.159671532846715	0.133021308042862	0.131409969238121	0.10392192300741	0.126719351196922	0.132431537624746	0.146344862830728	0.295034052995836	0.119399024907963	0.153846153846154	0.131641598745203	0.182986337020169	0.125388704985455	0.0784672726083829	0.106164306204965	0.201939617561267
Bacteria|Firmicutes|Clostridia|Clostridiales|Ruminococcaceae|Flavonifractor	0.705771273456863	0.852685960776446	0.751842991749256	1.01023017902813	0.702803738317757	0.283548865804537	0.767467117171473	1.46476833976834	0.519566098945661	0.872028574947654	2.27876833019741	0.616754021326586	0.0483837522751884	0.0212836399754056	0.0534274896048689	0.038602586373287	0.109449106165633	0.249721293199554	0.0448141612749629	0.0609954456733897	0.0351088373959274	0.302970858126812	0.0858349709742269	0.0349031437760215
Bacteria|Firmicutes|Clostridia|Clostridiales|Ruminococcaceae|Flintibacter	2.45721704236988	1.33921853839595	1.44021871796124	3.61125319693095	4.32897196261682	3.35488658045368	4.30795221431157	4.68146718146718	2.19738442822384	1.67261978076118	4.3425021652779	2.33824326766673	0.198142985507914	0.113512746535496	0.229970498734001	0.118565086717953	0.965142118006036	1.20178372352285	0.131641598745203	0.146389069616135	0.218176346674692	1.1007214629787	0.546633236204287	0.239335843035576
Bacteria|Firmicutes|Clostridia|Clostridiales|Ruminococcaceae|Gemmiger	0.0259648294582792	0.0150473993078196	0.0219694380705951	0.0281329923273657	0.0174454828660436	0	0.0724025582237239	0.0144787644787645	0.0329480940794809	0.0123167877817465	0.00895977062987187	0.0225917223929152	0.0368638112572864	0.0189187910892494	0.00232293433064647	0.0744478451484821	0.0165831979038838	0.0178372352285396	0.0140044253984259	0.0243981782693559	0.0150466445982546	0.00653893938403191	0.00225881502563755	0.0648201241554686
Bacteria|Firmicutes|Clostridia|Clostridiales|Ruminococcaceae|Harryflintia	0.0708131712498525	0.12539499423183	0.068349362886296	0.173913043478261	0.319003115264798	0.222599109603562	0.154458790877278	0.265444015444015	0.215429845904298	0.214312107402389	0.185168593017352	0.0180733779143322	0.0023039882035804	0.00236484888615617	0	0	0.0397996749693211	0.0111482720178372	0	0.00406636304489265	0.0025077740997091	0.00653893938403191	0.0090352601025502	0.00249308169828725
Bacteria|Firmicutes|Clostridia|Clostridiales|Ruminococcaceae|Intestinimonas	0.963059128997994	0.270853187540753	0.29780793829029	0.710997442455243	1.13395638629284	1.00964596141615	1.1005188850006	0.948359073359073	0.532238442822384	0.204458677176992	0.692888928710092	0.490240375926261	0.237310784968781	0.163174573144776	0.15795953448396	0.0551465519618386	0.265331166462141	0.265328874024526	0.134442483824889	0.126057254391672	0.163005316481091	0.0653893938403191	0.257504912922681	0.431303133803695
Bacteria|Firmicutes|Clostridia|Clostridiales|Ruminococcaceae|Lawsonibacter	0.309217514457689	0.0852685960776446	0.239222770102036	1.9386189258312	0.381308411214953	0.363048547805809	0.678170628695547	0.405405405405405	0.364963503649635	0.0936075871412736	0.46292148254338	0.612235676848003	0.0783355989217335	0.0449321288369673	0.223001695742061	0.0523892243637467	0.37809691220855	0.20066889632107	0.145646024143629	0.0650618087182824	0.0351088373959274	0.0610301009176312	0.0813173409229518	0.0498616339657451
Bacteria|Firmicutes|Clostridia|Clostridiales|Ruminococcaceae|Neglecta	0.120382391124749	0.122887094347194	0.178196553239272	0.040920716112532	0.0448598130841121	0.0211999152003392	0.0748159768311814	0.0675675675675676	0.0658961881589619	0.0541938662396847	0.0895977062987188	0.110699439725285	0.011519941017902	0.0331078844061864	0.0998861762177983	0.0193012931866435	0.149248781134954	0.12263099219621	0.599389407052629	0.426968119713728	0.0451399337947638	0.233222171363805	0.0383998554358384	0.0673132058537558
Bacteria|Firmicutes|Clostridia|Clostridiales|Ruminococcaceae|Oscillibacter	1.39501947362209	0.315995385464212	0.566323292486452	1.41176470588235	1.08660436137072	1.21104515581938	1.09569204778569	1.32722007722008	0.514497161394972	0.842468284271462	1.14386405041364	0.551238026387132	0.0622076814966707	0.0378375821784988	0.0673650955887477	0.0716905175503902	0.709760870286226	0.722408026755853	0.0868274374702406	0.0650618087182824	0.105326512187782	0.342204494431003	0.284610693230331	0.039889307172596
Bacteria|Firmicutes|Clostridia|Clostridiales|Ruminococcaceae|Phocea	0.113301073999764	0.100315995385464	0.0781135575843382	0.168797953964194	0.169470404984424	0.182849268602926	0.108603837335586	0.106177606177606	0.152068126520681	0.169971671388102	0.140369739867993	0.0745526838966203	0.0322558348501256	0.00472969777231235	0.00232293433064647	0.00275732759809193	0.0795993499386422	0.0289855072463768	0.00840265523905554	0.00406636304489265	0.0100310963988364	0.0370539898428475	0.0474351155383886	0.0224377352845853
Bacteria|Firmicutes|Clostridia|Clostridiales|Ruminococcaceae|Ruminococcus	0.0613714150832055	0.00501579976927321	0.280720597568715	0.0690537084398977	0.0224299065420561	0.71814712741149	0.0772293954386388	0.202702702702703	0.0709651257096513	0.0344870057888903	0.020906131469701	0.300469907825773	0.0391677994608668	0.0094593955446247	0.102209110548445	0.176468966277883	0.155882060296508	0.164994425863991	0.0504159314343332	0.081327260897853	0.0952954157889457	0.0283354039974716	0.131011271486978	0.117174839819501
Bacteria|Firmicutes|Clostridia|Clostridiales|Ruminococcaceae|Ruthenibacterium	0.028325268499941	0.00250789988463661	0.00488209734902114	0.00767263427109974	0	0.026499894000424	0.0265476046820321	0.041023166023166	0.0126723438767234	0.0123167877817465	0.00597318041991458	0.0135550334357491	0.0322558348501256	0.0307430355200303	0.00696880299193942	0.038602586373287	0.0364830353885443	0.020066889632107	0.0644203568327592	0.0325309043591412	0.102818738088073	0.178731009830206	0.0135528901538253	0.32659370247563
Bacteria|Firmicutes|Clostridia|Clostridiales|Ruminococcaceae|Unassigned	1.27227664345568	0.137934493655013	0.356393106478543	0.276214833759591	0.34392523364486	1.11034555861777	2.30964160733679	0.880791505791506	0.552514193025142	0.448331075255573	0.818325717528298	0.698084221941081	0.154367209639887	0.139526084283214	0.541243699040628	0.774809055063832	0.404630028854764	0.316610925306577	0.352911520040333	1.23210800260247	0.198114153877019	0.453366463959546	0.176187571999729	0.316621375682481
Bacteria|Firmicutes|Clostridia|Clostridiales|Unassigned|Unassigned	0.665643809748613	1.24391834277976	0.537030708392325	0.485933503836317	1.10903426791277	11.5274538901844	0.921925908048751	1.49372586872587	0.968167072181671	0.788274418031777	0.668996207030433	0.867522139887945	1.4814644149022	4.58071229248451	3.74921600966341	10.0614884054374	2.05631654008159	1.54738015607581	4.73069489958827	5.27407286922576	2.35981542782626	0.941607271300595	0.905784825280658	1.79501882276682
Bacteria|Firmicutes|Clostridia|Clostridiales|Vallitaleaceae|Vallitalea	0	0.00250789988463661	0.00244104867451057	0.00255754475703325	0	0.0105999576001696	0.00482683721491493	0	0	0	0.00895977062987188	0.00451834447858305	0.359422159758542	0.5935770704252	1.43325048200887	1.53307414453911	0.24543132897748	0.30546265328874	0.305296473685685	0.841737150292778	0.190590831577891	0.0632097473789751	0.198775722256104	0.877564757797113
Bacteria|Firmicutes|Erysipelotrichia|Erysipelotrichales|Erysipelotrichaceae|Allobaculum	0	0	0	0	0	0	0	0	0	0	0	0.00225917223929152	0.133631315807663	0.165539422030932	0.00232293433064647	0	0	0.00222965440356745	0.00280088507968518	0.00406636304489265	0.180559735179055	0.135138080603326	0.243952022768855	0.184488045673257
Bacteria|Firmicutes|Erysipelotrichia|Erysipelotrichales|Erysipelotrichaceae|Amedibacillus	0.00236043904166175	0	0.0268515354196163	0.00255754475703325	0.0174454828660436	0.0211999152003392	0.0120670930372873	0.0434362934362934	0.00760340632603406	0.032023648232541	0.020906131469701	0.0429242725465389	0.0391677994608668	0.0378375821784988	0.188157680782364	0.267460777014917	0.321714039335345	0.0668896321070234	0.285690278127888	0.231782693558881	0.0451399337947638	0.0610301009176312	0.0090352601025502	0.107202513026352
Bacteria|Firmicutes|Erysipelotrichia|Erysipelotrichales|Erysipelotrichaceae|Breznakia	0	0	0.00244104867451057	0	0	0	0	0	0	0	0	0	0.271870608022487	0.0638509199262167	0	0	0.212264933169712	0.00445930880713489	0.00280088507968518	0.0406636304489265	0.0150466445982546	0	0.0338822253845633	0.0249308169828725
Bacteria|Firmicutes|Erysipelotrichia|Erysipelotrichales|Erysipelotrichaceae|Faecalibaculum	0.568865809040482	12.6072127200682	5.25557779622126	0.209718670076726	8.26666666666667	2.55193979224083	0.51405816338844	2.71476833976834	9.59803325223033	2.8377879049144	9.88860018516859	4.92499548165552	0.599036932930903	0.603036465969825	0.620223466282608	2.44574957950754	0.0961825478425259	0.0423634336677815	0.490154888944907	0.821405335068315	0.564249172434547	0.3073301510495	0.804138149126968	0.588367280795792
Bacteria|Firmicutes|Erysipelotrichia|Erysipelotrichales|Erysipelotrichaceae|Turicibacter	0.0613714150832055	0.185584591463109	0.151345017819655	0.0690537084398977	1.14641744548287	5.23902904388382	2.42789911910221	0.668436293436293	0.36749797242498	0.229092252740485	3.79595615685572	0.29595156334719	0.11289542197544	0.215201248640212	0.109177913540384	0.0827198279427579	0.0663327916155351	0.0133779264214047	0.0532168165140184	0.187052700065062	0.230715217173237	0.261557575361276	0.740891328409117	0.179501882276682
Bacteria|Firmicutes|Negativicutes|Selenomonadales|Unassigned|Unassigned	0	0	0	0	0.0274143302180685	0.0238499046003816	0.0458549535416918	0.0313706563706564	0	0.0024633575563493	0.0537586237792312	0.0813302006144948	0.011519941017902	0.00236484888615617	0.0255522776371112	0.0248159483828274	0.00994991874233027	0.020066889632107	0.0196061955577963	0.069128171763175	0.0100310963988364	0.00653893938403191	0.0180705202051004	0.00249308169828725
Bacteria|Firmicutes|Negativicutes|Veillonellales|Veillonellaceae|Veillonella	0.009441756166647	0.0175552991924562	0	0.0690537084398977	0	0.0158999364002544	0	0.00482625482625483	0.00760340632603406	0.0024633575563493	0.00597318041991458	0.0542201337429966	0.156671197843467	0.0425672799508111	0.0603962925968083	0.0358452587751951	0.0397996749693211	0.0267558528428094	0.030809735876537	0.0325309043591412	0.050155481994182	0.0217964646134397	0.0429174854871135	0.00498616339657451
Bacteria|Proteobacteria|Alphaproteobacteria|Rhodospirillales|Reyranellaceae|Reyranella	0.0330461465832645	0.00250789988463661	0.0195283893960846	0	0.00249221183800623	0.0079499682001272	0.0579220465789791	0.142374517374517	0.0228102189781022	0	0.0119463608398292	0.00677751671787457	0.0023039882035804	0	0.00929173732258589	0.077205172746574	0.169148618619615	0.020066889632107	0	0.0203318152244632	0	0	0.0045176300512751	0.0722993692503303
Bacteria|Proteobacteria|Betaproteobacteria|Burkholderiales|Sutterellaceae|Parasutterella	0.00708131712498525	0.0401263981541857	0.0195283893960846	0.0179028132992327	0.00249221183800623	0	0.0144805116447448	0	0.0101378751013788	0.0123167877817465	0.0238927216796583	0.0564793059822881	0.453885676105338	0.683441328099134	0.0766568329113336	3.0054870819202	0.0795993499386422	0.020066889632107	0.310898243845055	0.374105400130124	0.132912027284582	0.132958434141982	0.368186849178921	0.249308169828725
Bacteria|Proteobacteria|Deltaproteobacteria|Bdellovibrionales|Bdellovibrionaceae|Vampirovibrio	0	0	0	0	0.00249221183800623	0	0	0	0	0	0	0	0.0023039882035804	0.0165539422030932	0.0511045552742224	0.215071552651171	0.0364830353885443	0.0222965440356745	0.0784247822311851	0.0487963565387118	0.0025077740997091	0.0174371716907518	0.0429174854871135	0.0174515718880108
Bacteria|Proteobacteria|Deltaproteobacteria|Desulfovibrionales|Desulfomicrobiaceae|Desulfomicrobium	0.0613714150832055	0.0752369965390982	0.0585851681882537	0.135549872122762	0.0897196261682243	0.140449438202247	0.036201279111862	0.0337837837837838	0.0658961881589619	0.0468037935706368	0.0806379356688469	0.1332911621182	0.00921595281432159	0	0.00232293433064647	0	0.00331663958077676	0.00222965440356745	0.00280088507968518	0	0.0025077740997091	0.00217964646134397	0.00677644507691265	0
Bacteria|Proteobacteria|Deltaproteobacteria|Desulfovibrionales|Desulfovibrionaceae|Bilophila	0.922931665289744	0.278376887194663	0.178196553239272	0.80306905370844	0.909657320872274	0.196099215603138	0.405454326052854	0.610521235521235	0.674168694241687	0.541938662396847	0.200101544067139	0.280137357672149	0.0714236343109923	0.040202431064655	0.0464586866129295	0.00827198279427579	0.013266558323107	0.0133779264214047	0.0140044253984259	0.0081327260897853	0.0526632560938911	0.0326946969201595	0.106164306204965	0.0523547156640323
Bacteria|Proteobacteria|Deltaproteobacteria|Desulfovibrionales|Desulfovibrionaceae|Desulfovibrio	0.0165230732916322	0.0501579976927321	0.0829956549333594	0.0255754475703325	0.032398753894081	0.0238499046003816	0.0217207674671172	0.0458494208494208	0.0152068126520681	0.0468037935706368	0.0657049846190604	0.0180733779143322	0.0575997050895099	0.0733103154708414	3.34270250180027	6.32255218242479	9.47895592185997	2.48160535117057	14.0436377895415	6.07921275211451	0.100310963988364	0.12641949475795	0.090352601025502	0.12714716661265
Bacteria|Proteobacteria|Gammaproteobacteria|Enterobacterales|Enterobacteriaceae|Enterobacter	0.0306857075416027	0.0677132968851883	0.0561441195137431	0.0332480818414322	0.0373831775700935	0.0635997456010176	0	0.00241312741312741	0	0	0.00298659020995729	0.00225917223929152	0.0944635163467963	0.125336990966277	0.0975632418871518	0	0	0	0	0.00406636304489265	0.0025077740997091	0	0.00225881502563755	0
Bacteria|Proteobacteria|Gammaproteobacteria|Enterobacterales|Enterobacteriaceae|Pseudescherichia	0.177032928124631	0.285900586848573	0.29780793829029	0.283887468030691	0.206853582554517	0.39749841000636	0.036201279111862	0.361969111969112	0.0481549067315491	0.0665106540214312	0.125436788818206	0.1332911621182	0.0299518466465452	0.106418199877028	0.0743338985806871	0.0165439655885516	0.361513714304667	0.040133779264214	0.0980309777889813	0.126057254391672	0.0401243855953456	0.0501318686109113	0.0790585258973143	0.00249308169828725
Bacteria|Proteobacteria|Gammaproteobacteria|Enterobacterales|Enterobacteriaceae|Siccibacter	0.0306857075416027	0.0526658975773687	0.0952008983059122	0.0332480818414322	0.0373831775700935	0.0582997668009328	0.0820562326535538	0.0627413127413127	0.0684306569343066	0.0615839389087326	0.158289281127736	0.0609976504608711	0.0875515517360551	0.0851345599016223	0.0743338985806871	0.0634185347561144	0.0431163145500978	0.0379041248606466	0.0476150463546481	0.101659076122316	0.0326010632962183	0.0174371716907518	0.0271057803076506	0.112188676422926
Bacteria|Proteobacteria|Gammaproteobacteria|Enterobacterales|Enterobacteriaceae|Unassigned	0.0047208780833235	0.0100315995385464	0.00488209734902114	0.00255754475703325	0.00498442367601246	0.0105999576001696	0.15204537226982	0.277509652509653	0.164740470397405	0.192141889395246	0.206074724487053	0.180733779143322	0.0023039882035804	0.00472969777231235	0.00464586866129294	0.0937491383351256	0.119399024907963	0.0579710144927536	0.0812256673108702	0.0853936239427456	0.0702176747918548	0.0326946969201595	0.0587291906665763	0.167036473785246
Bacteria|Verrucomicrobia|Verrucomicrobiae|Verrucomicrobiales|Akkermansiaceae|Akkermansia	0.125103269208073	5.20890806039023	24.469071913294	0.135549872122762	0.166978193146417	0.079499682001272	0.108603837335586	0.132722007722008	0.641220600162206	0.14041138071191	0.734701191649494	11.9984637628773	18.5240651567864	19.5170978574469	8.94562010731957	2.38233104475143	0.421213226758648	0.0869565217391304	1.03632747948352	7.9090761223162	4.52402447587521	0.353102726737723	0.78380881389623	11.9618059883822
