Order	M30	M31	M32	M33	M34	M35	M54	M55	M56	M57	M58	M59	N12	N13	N15	N16	N17	N51	N52	N53	N86	N87	N88	N90
Bacteria|Actinobacteria|Actinobacteria|Bifidobacteriales	0.30065263621031	0.0833854492391078	0.0518160284247927	0.0893503984544796	0.127991223458963	0.12000192003072	0.165106021652475	0.179507083252474	0.135399792064605	0.170540824670015	0.126233936731551	0.300580431177446	0.133631315807663	0.113512746535496	0.3948988362099	1.69024181763035	0.24543132897748	0.100334448160535	0.725429235638462	1.56148340923878	0.0702176747918548	0.071928333224351	0.121976011384428	0.0897509411383411
Bacteria|Actinobacteria|Actinobacteria|Micrococcales	0.0391092860110973	0.023162624788641	0.0394788787998421	0.0289785076068582	0.0297122483029735	0.0240003840061441	0.0188692596174258	0.0339607995342519	0.0145071205783505	0.0163532297628782	0.0201974298770481	0.0259121061359867	0.046079764071608	0.0354727332923426	0.167251271806546	0.173711638679792	0.0895492686809724	0.0312151616499443	0.117637173346778	0.187052700065062	0.0300932891965092	0.0610301009176312	0.0609880056922139	0.019944653586298
Bacteria|Actinobacteria|Actinobacteria|Unassigned	0.488866075138716	0.0162138373520487	0.416995657323332	0.234242936488771	0.0891367449089205	0.0984015744251908	0.00471731490435644	0.00485154279060741	0.0217606808675258	0.0186894054432893	0.0328208235502032	0.0129560530679934	0.011519941017902	0.0567563732677482	0.28339798833887	0.0248159483828274	0.0331663958077676	0.00222965440356745	0.0504159314343333	0.0894599869876383	0.0025077740997091	0.00653893938403191	0.00225881502563755	0.0274238986811598
Bacteria|Actinobacteria|Coriobacteriia|Eggerthellales	0.0391092860110973	0.0393764621406898	0.120904066324516	0.0120743781695243	0.178273489817841	0.115201843229492	0.00943462980871288	0.0121288569765185	0.0386856548756014	0.00467235136082233	0.0277714660809412	0.015547263681592	0.0714236343109923	0.120607293193965	0.336825477943739	0.270218104613009	0.106132466584856	0.0579710144927536	0.196061955577963	0.252114508783344	0.0652021265924365	0.0435929292268794	0.090352601025502	0.184488045673257
Bacteria|Bacteroidetes|Bacteroidia|Bacteroidales	10.2197453007749	7.73400041692725	18.1183379392025	12.463173146583	8.16172605307065	14.4698315173043	4.73618416397387	5.33912284106346	2.80954568534055	3.99719658918351	7.89467040319119	6.75787728026534	8.49941248300809	7.24589698718252	5.38920764709982	3.40805691124162	11.8370866637922	2.97658862876254	5.3300843066409	9.64134677944047	5.33152773598154	2.21670045118682	5.20205100404328	7.09281743162723
Bacteria|Bacteroidetes|Flavobacteriia|Flavobacteriales	0.0611082593923395	0.0208463623097769	0.552704303197789	0.0724462690171456	0.0845656297853861	0.093601497623962	0.0825530108262377	0.0363865709295556	0.120892671486254	0.0186894054432893	0.0833143982428236	0.0414593698175788	0.472317581733982	0.312160052972615	0.290366791330809	0.281247415005377	0.583728566216709	0.0423634336677815	0.092429207629611	0.524560832791152	0.308456214264219	0.0675690403016631	0.140046531589528	0.241828924733864
Bacteria|Candidatus_Saccharibacteria|Unassigned|Unassigned	0.0122216518784679	0	0.00493485984998026	0.147307413668196	0.00228555756176719	0.00480007680122882	0.00235865745217822	0	0.0241785342972509	0.00233617568041117	0.14895604534323	0	0.251134714190263	0.156080026486308	0.220678761411415	0.763779744671464	0.198998374846605	0.272017837235229	0.484553118785536	0.418835393623943	0.100310963988364	0.0675690403016631	0.126493641435703	0.206925780957842
Bacteria|Deferribacteres|Deferribacteres|Deferribacterales	0.0366649556354037	0.898709841799273	0.0863600473746546	0.0313933832407631	0.0411400361118095	0.0504008064129026	0.943462980871288	0.754414903939453	0.236949636113059	0.616750379628548	0.0151480724077861	0.269485903814262	0.0184319056286432	0.0094593955446247	0.00696880299193942	0.0165439655885516	0.149248781134954	0.0557413600891862	0.00560177015937036	0	0	0.0305150504588156	0.275575433127781	0.221884271147566
Bacteria|Firmicutes|Bacilli|Bacillales	0.0268876341326294	0.0370601996618257	0.0172720094749309	0.0676165177493359	0.0182844604941375	0.0336005376086017	0.0165106021652475	0.00970308558121483	0.00483570685945018	0.0070085270412335	0.00757403620389305	0.0310945273631841	0.00921595281432159	0.014189093316937	0.00696880299193942	0.176468966277883	0.192365095685052	0.11371237458194	0.145646024143629	0.166720884840599	0.137927575484	0.102443383683167	0.180705202051004	0.164543392086959
Bacteria|Firmicutes|Bacilli|Lactobacillales	0.965510498398964	0.669399856391726	0.75256612712199	0.949046124124608	0.809087376865586	1.58882542120674	0.917517748897328	0.645255191150786	0.512584927101719	0.808316785422264	0.530182534272514	1.09089966832504	0.652028661613253	0.780400132431538	2.53664428906595	2.32994182038768	1.97008391098139	0.889632107023411	0.742234546116573	2.28122966818478	0.712207844317384	0.579785958717496	1.17458381333153	0.777841489865623
Bacteria|Firmicutes|Clostridia|Clostridiales	67.6566204688226	73.8586616635397	60.5902092380576	51.0528857763825	40.5892167394236	66.6946671146738	86.0202372809397	85.2464583737628	88.9407384124374	83.2823268309777	81.7339493549446	69.931592039801	64.0693039651637	62.9759258383389	69.8413435852168	68.3955110706703	65.7192132930914	86.6109253065775	68.7785340167493	61.0279765777489	82.1747416992677	89.6466793086161	82.9143231460776	69.5345416469298
Bacteria|Firmicutes|Erysipelotrichia|Erysipelotrichales	6.0130527242062	2.232877029625	0.964765100671141	2.60565080898334	6.62354581400133	10.6777708443335	1.10621034507159	1.28565883951096	1.12913755168162	0.401822217030721	2.97154687066071	5.43117744610282	1.15660207819736	1.08546563874568	0.919881994936003	2.79593018446522	0.696494311963119	0.129319955406912	0.834663753746184	1.28497072218608	1.03571070317986	0.765055907931734	1.83189898579205	1.08449053875496
Bacteria|Firmicutes|Negativicutes|Selenomonadales	0.0586639290166459	0.0115813123943205	0.0394788787998421	0.0289785076068582	0.0274266907412063	0.0216003456055297	0.00707597235653466	0.0121288569765185	0.0217606808675258	0.00934470272164467	0.0302961448155722	0.015547263681592	0.011519941017902	0.00236484888615617	0.0255522776371112	0.0248159483828274	0.00994991874233027	0.020066889632107	0.0196061955577963	0.069128171763175	0.0100310963988364	0.00653893938403191	0.0180705202051004	0.00249308169828725
Bacteria|Firmicutes|Negativicutes|Veillonellales	0.0122216518784679	0.0277951497463693	0.0296091590998816	0.0144892538034291	0.0982789751559893	0.0192003072049153	0.0283038894261386	0.0630700562778964	0.0628641891728523	0.084102324494802	0.154005402812492	0.121786898839138	0.191231020897173	0.0662157688123729	0.0998861762177983	0.0689331899522982	0.0762827103578654	0.0512820512820513	0.0644203568327592	0.069128171763175	0.0877720934898184	0.0283354039974716	0.0587291906665763	0.0149584901897235
Bacteria|Proteobacteria|Alphaproteobacteria|Rhodospirillales	0.127105179536066	0.0254788872675052	0	0.176285921275054	0.00457111512353439	0	0.00235865745217822	0.0460896565107704	0.0846248700403782	0.0186894054432893	0.00252467873463102	0.160655058043118	0.0023039882035804	0	0.00929173732258589	0.077205172746574	0.169148618619615	0.020066889632107	0	0.195185426154847	0	0	0.0045176300512751	0.0722993692503303
Bacteria|Proteobacteria|Betaproteobacteria|Burkholderiales	0.0586639290166459	0.0208463623097769	0.0246742992499013	0.00965950253561942	0.0251411331794391	0.00720011520184323	0	0.00970308558121483	0.00241785342972509	0.00934470272164467	0.0126233936731551	0.0103648424543947	0.453885676105338	0.683441328099134	0.0766568329113336	3.0054870819202	0.0795993499386422	0.020066889632107	0.310898243845055	0.374105400130124	0.132912027284582	0.132958434141982	0.368186849178921	0.249308169828725
Bacteria|Proteobacteria|Deltaproteobacteria|Bdellovibrionales	0	0	0	0	0	0	0	0	0	0	0	0	0.0023039882035804	0.0165539422030932	0.0511045552742224	0.215071552651171	0.0364830353885443	0.0222965440356745	0.0784247822311851	0.0487963565387118	0.0025077740997091	0.0174371716907518	0.0429174854871135	0.0174515718880108
Bacteria|Proteobacteria|Deltaproteobacteria|Desulfovibrionales	0.476644423260248	0.484098858082598	0.651401500197394	0.258391692827819	0.182844604941375	0.148802380838093	1.10385168761941	1.3729866097419	1.9560434246476	1.01623642097886	0.934131131813477	0.824004975124378	0.138239292214824	0.113512746535496	3.39148412274385	6.33082416521907	9.49553911976385	2.49721293199554	14.0604431000196	6.08734547820429	0.155481994181964	0.161293838139454	0.20329335230738	0.179501882276682
Bacteria|Proteobacteria|Gammaproteobacteria|Enterobacterales	0.493754735890103	0.162138373520487	0.18999210422424	0.280125573532963	0.194272392750211	0.252004032064513	0.127367502417624	0.174655540461867	0.379602988466839	0.203247284195772	0.280239339544043	0.287624378109453	0.248830725986683	0.345267937378801	0.281075054008223	0.179226293875975	0.527345693343504	0.149386845039019	0.235274346693555	0.321242680546519	0.152974220082255	0.100263737221823	0.169411126922816	0.294183640397896
Bacteria|Proteobacteria|Gammaproteobacteria|Pseudomonadales	0.0904402239006624	0.0625390869293308	0.103632056849585	0.111084279159623	0.105135647841291	0.0912014592233476	0.0377385192348515	0	0	0.00233617568041117	0	0	0.0023039882035804	0	0	0	0.00331663958077676	0.00222965440356745	0.00560177015937036	0	0.0050155481994182	0	0	0
Bacteria|Verrucomicrobia|Verrucomicrobiae|Verrucomicrobiales	8.93647185353572	10.0317327959604	11.8905448085274	27.208403767206	39.1835988389368	0.604809676954831	0.165106021652475	0.194061711624297	0.14748905921323	5.22836117276019	0.176727511424171	10.3233830845771	18.5240651567864	19.5170978574469	8.94562010731957	2.38233104475143	0.421213226758648	0.0869565217391304	1.03632747948352	7.9090761223162	4.52402447587521	0.353102726737723	0.78380881389623	11.9618059883822
