HDA	HDB	HDC	MDA	MDB	MDC	NCA	NCB	NCC
0.6827907	1.1268507	1.0843752	4.4599663	4.2079081	2.7357565	3.7014141	1.1434934	2.3723979
1.49380686	8.55226329	3.03418143	2.17199683	3.56894240	1.51300358	0.03044772	0.13877351	0.81634758
 0.06540107	 0.11597450	 0.40864489	 0.08247556	 0.04583729	 0.08503485	 0.04773165	12.54231936	 0.97656365
1.4892890	1.4741158	4.1894327	1.0365458	4.5746943	0.4942867	0.0557007	0.2826347	0.2780574
4.3815991	0.1096263	0.1401554	3.3625167	0.1479978	0.1225680	3.6689568	1.2122957	0.5777572
1.91364523	1.45356904	0.20864678	1.61005559	2.47763717	0.28685224	3.44689756	0.89738885	0.08819867
0.3683197	0.6355264	0.5664422	2.4581164	2.2967533	1.4378009	2.0929712	0.6042256	1.3145746
8.68806305	0.28609512	0.96884941	1.74207446	0.01676083	0.02983348	0.01008503	0.03013232	0.02999698
0.83020060	1.74720865	3.96737543	1.67849046	1.19339372	1.15202625	0.08776753	0.03125889	0.09434291
 0.028675434	 0.021372247	 0.025937356	 0.015253245	 0.011090112	10.305443069	 0.007639537	 0.010472431	 0.015320065
6.03115046	1.53260472	1.51897745	0.11475555	0.60535838	0.05305555	0.29702707	0.17598954	0.03969936
0.9782280	1.3846882	0.8525651	1.2218418	2.2526601	0.9858514	0.8877071	0.3760408	0.7936397
1.5191568	1.4890776	1.6266111	1.7925981	0.1772222	0.2717672	0.6242287	0.7819447	1.2069933
1.82839919	0.55636575	0.05821003	1.58644176	1.03901244	0.20695343	1.56595224	1.82154507	0.39170626
4.61322940	1.61410121	0.36762786	1.23568165	0.32699308	0.04203326	0.49031950	0.20496572	0.01330828
1.64646693	1.65121304	1.54665885	1.60230814	1.03702275	0.76455024	0.40809532	0.04774537	0.08737195
0.6775661	1.1898478	1.2348154	1.0245720	1.1943862	0.3291685	1.0874175	0.6915922	1.1338480
0.45564214	0.07184187	0.09056159	0.49820046	0.30453389	0.10792987	0.79625817	0.45724156	5.27536425
0.45800877	1.12338844	2.76897339	1.23225813	0.99417399	0.94473566	0.18988741	0.05394926	0.11377971
1.3220095	1.1529406	0.8690204	1.5944377	0.6750743	0.4011391	0.5810148	0.8880152	0.3057554
0.83867872	0.83747112	2.26442005	0.54400371	2.11870208	0.30428020	0.02437621	0.47052889	0.29143041
0.06866607	0.05952054	0.03958874	0.05904537	0.06156691	0.04056965	0.16301073	3.29407764	3.45331887
1.16570793	0.39761202	0.19803883	3.33884024	1.05926138	0.44257130	0.48018698	0.08650301	0.17187296
0.10482434	0.01585564	0.01081186	0.08239213	0.01921651	0.42511037	3.23114954	2.37685451	0.63428895
0.6511966	0.7305612	0.1888173	0.7912349	1.1395022	0.2295072	1.9179242	0.5460021	0.6617131
0.3395226	0.1986904	0.1030125	0.4976589	0.4673404	0.7406855	0.5304425	0.5557231	3.4405693
0.841814420	1.924755170	1.553592538	1.145925139	0.701187009	0.485079465	0.009212657	0.026736730	0.048975208
0.01315492	0.03432013	0.01940666	0.02883359	0.01478318	0.02285130	0.92985446	4.21798551	0.98020182
0.44092457	0.99663011	2.32501299	0.92572246	0.66577874	0.74576011	0.06168286	0.02569397	0.08366804
0.06607115	0.46104075	0.76455652	0.20789414	0.02931885	0.02294805	3.32464489	0.08718326	0.40061460
0.18239790	1.00535446	1.69490061	0.08667144	0.81788644	0.38144889	0.20598395	0.53266626	0.45254980
0.40485100	0.77957669	1.96778956	0.67206466	0.68107047	0.44891906	0.06994408	0.04476767	0.14829479
3.241850802	0.165611837	0.607434503	0.810181654	0.006989088	0.017947144	0.005579900	0.026184685	0.226809354
0.7573734	1.0248892	0.6581174	1.0141394	0.8701719	0.1900967	0.1317438	0.2223721	0.1555489
0.2446258	0.7786292	1.1655118	0.5789158	0.2960312	0.6097340	0.2146953	0.6450544	0.4744604
0.6436341	0.2624071	0.2281127	0.5280057	0.1238087	0.2838327	0.7311213	1.4782068	0.6781080
0.244754809	1.713009670	0.044282140	1.357184176	1.052417933	0.168102885	0.278495588	0.097526037	0.002566857
0.49742638	0.60797708	1.21381894	0.76555950	1.15594413	0.53336089	0.04915268	0.04235478	0.03825577
0.61855857	1.56641593	0.55860567	0.40639549	0.88334140	0.69816764	0.02064802	0.03373773	0.10196258
0.12105694	0.16460116	0.25246968	0.15051569	0.41080150	0.08007645	0.99517360	2.29945329	0.15741992
0.64671953	1.27162576	0.02994092	0.84273226	1.21628854	0.03058933	0.44172562	0.28114666	0.04135966
0.71350354	0.61018577	0.09176868	0.62828760	0.91425053	0.12344547	1.29283214	0.33809460	0.02239938
0.1338994	0.3321931	0.3065279	0.8121120	0.8312685	0.5420955	0.6666185	0.4192389	0.6487809
0.018992205	0.031659813	0.006575229	1.197064648	3.214900239	0.333008839	0.013619824	0.021669452	0.009137139
0.57549591	1.11520188	0.78246174	0.48336985	0.63906253	0.87906910	0.02591435	0.01968932	0.15895991
0.06950918	0.04925009	0.11026467	0.05317479	0.05167639	0.08727746	0.07413346	0.24435791	3.67617142
0.05379947	0.02539535	0.02428243	0.03476103	0.03205203	0.02922306	0.22382210	1.65702106	2.17438025
0.24631390	1.32788872	0.81265033	0.30834129	0.89198627	0.32989779	0.07485432	0.10914981	0.18179405
0.002177969	0.002872159	0.004943416	0.005139689	0.003991804	4.133792482	0.001722955	0.003015352	0.004507929
0.01953113	0.02012500	0.05319498	0.03012629	0.20098647	1.93820192	1.40669643	0.11859483	0.34845236
0.016760078	0.013247063	0.006308834	0.179555860	0.009241992	0.009517104	2.354167147	1.211206859	0.126468681
0.63423746	0.32398959	0.70733833	0.40648560	1.35579004	0.52202742	0.05155933	0.08771901	0.06822956
0.14286930	0.34814933	0.37961329	0.08483351	0.38430321	1.66026441	0.34579778	0.21423337	0.48893004
0.25307779	0.82847071	1.15582552	0.52573315	0.68946546	0.33962635	0.02901631	0.07805302	0.02032072
0.16384446	0.18083783	0.06906867	0.05200309	0.03833202	0.06213941	0.77435691	1.50057176	0.78388360
0.004386247	0.009514001	0.073069600	0.007250896	0.005423729	1.414218065	0.206579067	0.490549138	1.394861645
0.651848131	0.007641964	0.004478346	0.015101621	0.007555919	0.003793461	2.663873841	0.160123841	0.030111166
0.36603695	0.65801262	0.43039483	0.38423628	0.36984857	1.27128755	0.01929750	0.01157681	0.17837627
0.6078260	0.4205468	0.5927021	0.6309168	0.3644872	0.1915218	0.2747660	0.3067058	0.1068278
0.30790522	0.67956581	0.72469081	0.58788588	0.53556957	0.48810351	0.07706346	0.02670464	0.07977254
0.1367437	0.3465730	0.1510722	0.7185454	0.5047368	0.4249173	0.3213883	0.3010767	0.5539085
0.009951264	0.012991034	0.077291111	0.007332249	0.003961706	0.312709680	0.265849614	0.730220774	1.992613206
0.03950769	0.02888973	0.04833663	0.04032927	0.01952288	0.05334958	0.93950622	1.08469906	1.08577720
0.27509520	0.62752825	0.76083125	0.23984700	0.82610495	0.38915226	0.08601799	0.11027572	0.09379233
0.85437638	0.32133268	0.03001580	0.23642243	0.09446888	0.01761839	0.78919077	0.76082496	0.19222907
0.1548635	0.2647448	0.2317325	0.1574781	0.1386737	0.1283855	0.2970944	1.6137143	0.1666902
0.020798731	0.023283101	0.045156796	0.023923402	0.080919518	2.926786485	0.003116375	0.015400984	0.022781744
0.22452000	0.25557279	0.08110854	0.37065620	0.30012884	0.11671381	0.56205511	0.95770746	0.11139956
0.3420829	0.4622429	0.3338965	0.2279560	0.4547668	0.2934711	0.4874509	0.1317130	0.2259844
0.2632094	0.4801405	0.4587405	0.3774903	0.6371986	0.1099129	0.2125169	0.1878046	0.2194588
0.16435819	0.28963505	1.17492661	0.06660077	0.20409758	0.01138243	0.02118531	0.02436003	0.97821461
0.15763897	0.16856578	0.06783462	0.33859865	0.14407566	0.05388087	0.93052357	0.75367957	0.12289168
0.05487361	0.03137733	0.08291591	0.05210571	0.01788280	0.07257588	0.08625203	1.26752473	1.06386822
0.30332766	0.18419592	0.05216601	0.61182656	1.00736676	0.15694014	0.20910790	0.14432298	0.09222660
0.026868184	0.010088048	0.024577764	0.017644158	0.008528017	0.021728397	1.467450847	0.079615869	0.990536819
0.1761168	0.5332258	0.5977255	0.2765278	0.2324116	0.1195659	0.3905887	0.1684891	0.1421195
0.296766773	0.011858055	0.003387222	1.445219793	0.538119703	0.238098710	0.032793511	0.069337313	0.002955950
0.91003635	0.18423793	0.03196161	0.16365797	0.19534524	0.01904713	1.01182557	0.07201732	0.01871961
0.61152181	0.38317301	0.05727644	0.43879565	0.57926407	0.20109801	0.12264069	0.05984997	0.15461733
0.205812159	0.548355117	0.603382857	0.196342779	0.938196679	0.047102372	0.004853557	0.008111202	0.011577165
0.02383910	0.02185731	0.01938228	1.17434714	0.02129843	0.01046618	0.04215443	0.84954301	0.30773638
0.006487977	0.034942854	0.037346412	0.005396324	0.037850551	0.167233205	0.023767439	0.325075861	1.887981881
0.06822143	0.12961991	0.08749078	0.08158838	0.07047406	0.06377557	0.34416154	0.75591504	0.85249789
0.10546857	0.06174098	0.34005831	0.05436317	0.08344466	1.59666173	0.07854307	0.04748129	0.14086789
0.009860818	0.016369478	0.016002944	0.010452678	0.037747347	0.167364202	0.670342636	0.535371174	0.895930476
0.2783745	0.1924622	0.1918386	0.2382658	0.2159303	0.2094224	0.5088238	0.2390462	0.3122393
0.2766231	0.3385843	0.2423971	0.4944522	0.3613952	0.2194429	0.1965031	0.1450586	0.1340624
0.10018691	0.16002257	0.17863004	0.03793008	0.05475116	0.01195957	0.43114679	0.72355479	0.59442811
0.49183510	0.08270827	0.06479873	0.23730108	0.43075267	0.13573064	0.53784657	0.26878706	0.11050420
0.2337317	0.4014450	0.1507403	0.2339373	0.4473190	0.1811080	0.2227008	0.1334256	0.3429232
0.33873078	0.30040015	0.63459213	0.34352526	0.18152603	0.18026818	0.14733220	0.04624242	0.08044437
0.09431065	0.27798503	0.46265030	0.07676142	0.33629951	0.22814033	0.10058359	0.12777693	0.50135235
0.31931985	0.45721757	0.50194997	0.32122163	0.27162235	0.33099603	0.03455416	0.01020713	0.01332587
0.05456224	0.06056780	0.07182498	0.06281571	0.06162328	0.04783175	0.27621237	0.64555236	0.87793861
0.11980615	0.49683198	0.94710684	0.17819153	0.15550676	0.07976759	0.04293045	0.08008828	0.07096220
0.113439582	0.742985553	0.868332682	0.155310911	0.026958316	0.221645853	0.003508262	0.003741242	0.015825972
0.04661184	0.11854203	0.81376482	0.05192010	0.03911161	0.38515589	0.15204499	0.16049960	0.34662331
0.0007222563	0.0007082529	0.0014473770	0.0029212089	0.0000000000	2.0872052253	0.0010343373	0.0013453180	0.0011327570
0.023469884	0.017534889	0.008280278	0.024760929	0.014673964	0.115044355	0.092200803	1.502956304	0.236392742
0.04072623	0.01115252	0.04246361	0.08609899	0.04263717	0.21599847	0.09328926	0.15405856	1.42034294
0.1976506	0.3421636	0.1182800	0.2091294	0.4226282	0.1671891	0.2198590	0.1215637	0.2924135
0.24998255	0.29581131	0.52093406	0.17116630	0.29940912	0.21103293	0.07459681	0.06234798	0.17432970
0.11606156	0.23167796	0.52297984	0.26288894	0.36615080	0.31070380	0.07329594	0.07199140	0.10067046
0.18580846	0.22721866	0.81207905	0.13480513	0.22306773	0.21735852	0.10645440	0.08654997	0.06647849
0.434031988	0.927650764	0.142882653	0.379230427	0.043103928	0.007786473	0.041867032	0.042765060	0.023952314
0.2111175	0.1196096	0.1127131	0.2382248	0.3273859	0.1058918	0.1572542	0.5121652	0.2014372
0.193724712	0.518571814	0.556044080	0.166205024	0.536324733	0.038255928	0.005189823	0.010765091	0.010891752
0.28559528	0.28138030	0.14674235	0.21695381	0.28424069	0.12637858	0.35955343	0.09894837	0.22500093
0.14234774	0.19978425	0.53985173	0.28225156	0.48034806	0.26692892	0.02674112	0.01824188	0.02835438
0.02386787	0.04164904	0.04204327	0.03872658	0.42239756	1.37370541	0.02744827	0.01734143	0.02320196
0.35396162	0.40055586	0.16102289	0.41434479	0.27680266	0.06768799	0.12881254	0.10729832	0.04272899
0.07755731	0.08848033	0.10839498	0.29935546	0.28284919	0.10455388	0.53404487	0.21664389	0.20312370
0.29194069	0.38574978	0.24183211	0.40562635	0.41838756	0.09863686	0.03213600	0.02169455	0.02035492
0.246042062	0.407501938	0.558109350	0.372833283	0.043906789	0.254728640	0.010139103	0.009426218	0.030903619
0.15209844	0.64456310	0.54526686	0.22601392	0.16698356	0.08530468	0.03356602	0.01863047	0.04091901
0.09734405	0.12233664	0.80074153	0.14014702	0.14573900	0.27197714	0.06641452	0.13492864	0.14061465
0.35812655	0.37796777	0.13718664	0.43826044	0.27949519	0.08391923	0.10739984	0.08111793	0.03396663
0.712427094	0.589808318	0.165188454	0.231754434	0.037609398	0.006538395	0.060165635	0.056629997	0.032453153
0.06976481	0.36862579	0.06033785	0.32881474	0.16718264	0.40307896	0.18795151	0.14161425	0.15471354
0.17321700	0.24099940	0.06736629	0.15758442	0.21605653	0.04356781	0.59660055	0.16962706	0.18060040
0.579319929	0.245414385	0.021068407	0.101881814	0.073981787	0.006546195	0.284955055	0.396569898	0.087558817
0.36623819	0.39190324	0.16012515	0.35782928	0.22109522	0.08522455	0.09616019	0.09338458	0.04644980
0.005179166	0.038560004	1.737333603	0.002892548	0.004769456	0.028379766	0.008942455	0.007810770	0.007552742
0.15208612	0.09468391	0.16399661	0.13808447	0.89365625	0.32179680	0.01788252	0.02623035	0.01580722
