Family	H60	H61	H62	H63	H64	H66	H67	H68	H79	H94	H95	H96	L36	L37	L38	L39	L70	L73	L76	L77	L91	L92	L93	M30	M31	M32	M33	M34	M35	M54	M55	M56	M57	M58	M59	N12	N13	N15	N16	N17	N51	N52	N53	N86	N87	N88	N90	All
Lachnospiraceae	77.6	57.9	42.6	69.9	61.5	44.5	63.3	62.2	63.6	75.7	44.5	59	43.9	58	52	47.9	45	43.7	69.2	47	55.8	55.1	46.6	56.8	67.2	49.3	45.3	31.2	58.2	78.1	74.1	76.7	72	68.6	60.7	39.4	31.4	54.4	42.3	55.3	81	59.6	47.8	75	85.1	77.7	51.1	40.9
Ruminococcaceae	10.9	5.29	7.12	13.4	13	12.4	16	16.7	8.43	6.86	14.6	9.31	8.15	11.8	8.24	10.7	10	5.87	9.09	9.97	10.1	7.65	8.26	10.5	6.34	7.69	5.98	6.44	7.87	8.95	12	12.3	11.6	13	8.26	2.09	2.05	3.79	3.89	7.1	7.1	4.7	4.47	3.09	6.58	3.91	3.9	17.0
Unassigned	0.96	1.54	1.05	0.77	1.56	12	1.61	1.88	1.14	0.95	0.77	1.5	1.56	2.35	5.62	3.61	3.71	0.47	0.66	2.81	2.53	0.9	0.93	1.48	2.12	1.5	1.19	0.85	0.81	1.16	0.72	1.09	1.14	0.8	0.79	2.09	6.04	5.69	12.5	3.21	2.38	6.56	7.21	2.78	1.25	1.66	2.96	7.3
Muribaculaceae	2.36	5.41	5.25	3.52	3.84	6.51	6.44	3.44	2.31	3.75	7.27	4.25	5.94	4.21	4.16	3.36	3.14	8.34	5.01	10.6	4.21	8.6	10.1	6.79	3.25	8.87	4.73	4.59	8.99	3.07	3.37	1.83	2.18	5.23	3.97	7	5.88	3.41	2.55	9.57	1.83	3.79	6.94	4.89	1.98	4.37	5.99	4.6
Bacteroidaceae	0.81	2.73	3.22	3.59	1.41	2.19	0.81	1	0.85	1.49	2.94	0.95	2.91	0.76	0.47	0.29	0.79	2.9	0.97	2.94	1.23	0.72	0.74	1.11	0.63	4.14	0.7	0.54	1.95	1	1.5	0.65	1.1	1.65	1.8	0.25	0.27	0.5	0.14	0.4	0.6	0.33	0.31	0.34	0.2	0.24	0.67	2.3
Erysipelotrichaceae	0.77	12.9	5.59	0.29	9.43	8.03	2.64	3.7	10	3.18	13.8	5.16	10.8	6.45	8.46	13.7	1.18	17.6	4.7	4.98	3.48	14.8	9.5	6.26	2.17	0.97	2.56	6.72	10.6	1.06	1.26	1.26	0.46	2.96	5.33	1.41	1.46	1.11	2.81	0.89	0.19	1.13	1.46	1.27	0.8	2.38	1.54	1.9
Enterobacteriaceae	0.29	0.52	0.5	0.42	0.37	0.65	0.29	0.7	0.35	0.41	0.54	0.49	0.54	0.49	0.65	1.23	0.8	1.12	0.79	1.24	0.86	0.74	0.24	0.53	0.24	0.29	0.26	0.38	0.33	0.19	0.26	0.48	0.29	0.36	0.46	0.42	0.62	0.41	0.2	0.53	0.25	0.28	0.34	0.24	0.19	0.31	0.21	1.7
Eggerthellaceae	0.07	0.1	0.07	0.04	0.07	0.03	0.11	0.15	0.03	0.03	0.06	0.09	0.05	0.25	0.18	0.45	0.04	0.05	0.13	0.06	0.04	0.06	0.13	0.09	0.06	0.2	0.09	0.18	0.21	0.04	0.04	0.05	0.05	0.1	0.1	0.12	0.34	0.63	0.68	0.18	0.11	0.43	0.65	0.17	0.14	0.2	0.4	1.6
Veillonellaceae	0.07	0.01	0.03	0.07	0	0.13	0	0.02	0.1	0.01	0.07	0.08	0.02	0.1	0.3	0.41	0.46	0.5	0.43	0.69	0.29	0.4	0.1	0.07	0.1	0.08	0.17	0.14	0.02	0.11	0.07	0.17	0.25	0.19	0.23	0.23	0.14	0.23	0.06	0.17	0.1	0.03	0.13	0.08	0.01	0.14	0.04	1.3
Eubacteriaceae	0.48	0.13	1.27	0.99	0.73	3.33	2.1	2.18	0.24	0.42	4.64	1.56	2.88	9.53	6.61	11.3	12.1	1.36	1.75	7.44	1.13	1.38	9.33	0.12	0.32	0.11	0.16	2.81	0.27	0.53	0.79	0.44	0.59	0.41	0.92	0.12	0.16	2.48	0.37	0.1	0.06	0.12	0.27	0.58	0.25	0.05	1.53	1.1
Vallitaleaceae	0	0.01	0	0.01	0.04	0.1	0.05	0.02	0	0	0.03	0	0.06	0.01	0.01	0.01	0	0	0	0.02	0.05	0	0	0	0	0	0	0.01	0.01	0	0	0.01	0.03	0.01	0.02	0.29	0.72	1.83	2.01	0.4	0.33	0.51	0.91	0.18	0.1	0.32	1.09	1.1
Peptostreptococcaceae	0.47	0.57	0.56	0.49	1.24	3.3	0.47	0.68	1.69	0.92	0.85	0.47	1.83	0.75	1.57	1.63	0.36	6.84	1.57	1.29	0.53	1.71	3.81	0.48	0.09	0.54	0.41	0.32	1.13	0.45	0.29	0.14	0.11	1.51	0.33	4.03	5.16	0.73	0.83	0.34	0.1	0.29	0.41	0.51	0.25	0.76	5.89	1.0
Lactobacillaceae	0.44	1.51	0.28	0.09	0.61	0.32	0.27	0.66	1.29	1.17	0.41	0.32	0.41	0.84	0.43	0.23	0.17	0.22	0.09	0.81	0.4	0.17	0.52	0.38	0.22	0.23	0.13	0.24	1.15	0.32	0.1	0.17	0.36	0.11	0.57	0.16	0.15	1.84	1.84	1.5	0.48	0.35	1.73	0.41	0.29	0.63	0.51	1.0
Clostridiaceae_2	0	0	0.02	0.03	0.06	0.06	0.02	0.01	0	0	0.01	0.08	0.02	0	0.04	0.01	0	0	0	0.11	0.08	0	0.02	0.02	0	0	0.01	0.05	0.06	0.02	0.15	0.04	0.06	0.07	0.1	18.5	21.6	4.98	11.9	4.73	0.27	0.24	3.48	2.83	0.17	2.18	8.4	0.9
Christensenellaceae	0.01	0.01	0.01	0.03	0	0.02	0.03	0.01	0.01	0.01	0	0.03	0.03	0.02	0.01	0.04	0.02	0	0	0	0	0	0.04	0.02	0	0	0	0.01	0	0.01	0.01	0	0.02	0.01	0	0.19	0.12	0.28	0.25	0.11	0.04	0.14	0.75	0.05	0.04	0.15	0.17	0.9
Rikenellaceae	0.43	0.41	0.43	0.7	0.19	0.72	1.15	0.2	0.84	0.36	0.49	0.35	1.32	0.15	0.16	0.38	0.38	1.87	0.62	0.8	0.45	0.92	0.58	0.39	0.4	0.56	0.48	0.35	0.84	0.24	0.46	0.32	0.41	0.47	0.28	0.98	0.38	0.16	0.11	0.51	0.28	0.26	0.19	0.33	0.13	0.35	0.45	0.9
Bifidobacteriaceae	0.3	0.56	0.22	0.21	0.55	0.47	0.14	0.46	0.27	0.22	1.68	0.56	0.14	0.17	0.09	0.24	0.15	0.43	0.23	0.47	0.06	0.29	0.58	0.31	0.14	0.18	0.17	0.31	0.16	0.16	0.19	0.14	0.25	0.25	0.41	0.2	0.13	0.45	1.64	0.31	0.16	0.78	1.49	0.07	0.11	0.11	0.16	0.8
Streptococcaceae	0.27	0.5	0.53	0.27	0.49	0.69	0.24	0.13	0.22	0.15	0.18	0.21	0.37	0.21	0.23	0.19	0.16	0.29	0.26	0.29	0.22	0.26	0.75	0.39	0.3	0.47	0.5	0.3	0.49	0.5	0.24	0.17	0.11	0.25	0.3	0.21	0.48	0.55	0.66	0.43	0.31	0.31	0.38	0.25	0.12	0.36	0.3	0.8
Clostridiaceae_1	0.19	0.02	0.08	0.09	0.14	0.09	0.35	0.18	0.45	0.34	0.1	0.03	2.35	0.1	0.53	0.7	0.46	3.6	1.45	1.95	0.68	2.1	3.22	0.56	0.51	4.65	0.79	0.76	1.08	0.42	0.03	0.04	0.05	0.07	0.05	0.09	0.41	0.17	0.52	0.44	0.38	1.14	0.52	0.31	0.26	0.36	0.08	0.7
Sutterellaceae	0	0.05	0.09	0.05	0.01	0	0.01	0	0	0.06	0.07	0.05	0	0	0.01	0.04	0	0.03	0.07	0.09	0.01	0.02	0.02	0.12	0.01	0.04	0.02	0.02	0	0	0	0	0.03	0.01	0.02	0.52	0.69	0.11	2.84	0.06	0.02	0.32	0.38	0.1	0.1	0.47	0.21	0.6
Comamonadaceae	0.04	0.03	0.19	0.02	0	0	0	0.01	0.07	0.06	0.16	0	0	0.01	0	0	0.03	0.08	0.14	0	0	0	0.02	0.01	0.1	0	0.11	0	0	0	0	0.01	0.02	0.05	0.18	0.01	0	0	0	0.01	0.03	0.02	0.16	0	0	0	0	0.5
Odoribacteraceae	0.03	0.05	0.01	0.07	0.04	0.26	0.06	0.05	0.08	0.03	0.07	0.12	0.1	0.03	0.02	0.04	0.04	0.15	0.11	0.06	0.08	0.13	0.06	0.03	0.03	0.06	0.09	0.01	0.11	0.03	0.08	0.04	0.05	0.07	0.04	0	0	0	0	0.02	0	0	0	0	0	0	0.01	0.5
Acetobacteraceae	0.01	0.04	0.18	0.02	0	0.02	0.01	0.02	0	0.03	0.26	0.05	0	0	0	0	0	0.01	0.17	0.03	0	0	0.01	0	0	0.03	0.32	0.03	0	0.02	0	0	0	0.01	0.19	0.03	0	0	0	0.01	0	0.02	0.24	0.03	0	0	0.01	0.5
Enterococcaceae	0.14	0.25	0.55	0.28	0.29	0.49	0.56	0.42	0.49	0.33	0.78	0.56	0.64	0.43	0.1	0.09	0.03	0.06	0.25	0.22	0.08	0.1	0.44	0.38	0.27	0.35	0.47	0.44	0.43	0.22	0.35	0.18	0.19	0.24	0.4	0.52	0.37	0.4	0.29	0.17	0.16	0.11	0.49	0.22	0.16	0.34	0.13	0.5
Clostridiales_Incertae_Sedis_XIII	0.18	0.1	0.1	0.22	0.21	0.21	0.16	0.19	0.09	0.16	0.17	0.12	0.16	0.4	0.33	0.28	0.13	0.13	0.1	0.25	0.12	0.26	0.28	0.24	0.05	0.15	0.17	0.07	0.17	0.16	0.15	0.09	0.07	0.15	0.15	0.09	0.16	0.42	0.1	0.14	0.09	0.18	0.32	0.06	0.06	0.03	0.28	0.5
Porphyromonadaceae	0.03	0.08	0.04	0.09	0.03	0.07	0.03	0	0.05	0.05	0.08	0.04	0.07	0.01	0.02	0.03	0.04	0.12	0.05	0.12	0.04	0.04	0	0.01	0.13	0.18	0.08	0.03	0.12	0.04	0.03	0.01	0.07	0.03	0.12	0.03	0.01	0	0.01	0.04	0.01	0.04	0	0	0	0	0.02	0.4
Moraxellaceae	0.02	0.06	0.02	0.01	0	0.02	0	0	0.01	0.06	0.02	0	0.02	0	0.06	0.07	0.06	0.18	0.09	0.07	0.04	0.05	0.13	0.14	0.06	0.18	0.12	0.13	0.09	0.07	0	0	0	0.02	0.01	0.03	0.01	0	0.05	0.09	0.03	0.12	0.11	0.09	0.06	0.03	0	0.4
Barnesiellaceae	0.18	0.31	0.53	0.43	0.5	1	0.4	0.36	0.33	0.44	0.55	0.37	0.75	0.1	0.26	0.14	0.47	1	0.38	0.6	0.18	0.64	0.65	0.22	0.22	0.53	0.37	0.27	0.47	0.1	0.28	0.15	0.18	0.59	0.46	0.14	0.21	0.29	0.19	0.17	0.03	0.09	0.14	0.1	0.05	0.06	0.17	0.4
Desulfovibrionaceae	0.95	0.35	0.23	0.82	0.97	0.23	0.34	0.67	0.64	0.55	0.34	0.32	0.29	0.5	0.29	0.71	0.36	0.24	0.55	0.18	0.55	0.1	0.2	0.54	0.48	0.72	0.35	0.22	0.09	1.03	1.59	1.88	0.91	0.99	0.75	0.14	0.11	3.26	6.35	9.77	2.4	14.2	6.1	0.18	0.19	0.19	0.19	0.4
Peptococcaceae_1	0.06	0.11	0.09	0.01	0.11	0	0.02	0.01	0.04	0.04	0.24	0.19	0.07	0.22	0.12	0.01	0.14	0.01	0	0.02	0.55	0	0	0.03	0	0.09	0.09	0.19	0.01	0	0.01	0	0.6	0.03	0.24	0.02	0.06	0.02	0.01	0.14	0.12	0	0.04	0.01	0.08	0.12	0.01	0.3
Staphylococcaceae	0.01	0.03	0.02	0.01	0.04	0.08	0.2	0.12	0.19	0.15	0.24	0.14	0.33	0.32	0.03	0.04	0.02	0.03	0.03	0.04	0.04	0.03	0.04	0.02	0.08	0.03	0.07	0.05	0.04	0.01	0.01	0	0.01	0.01	0.03	0.03	0.02	0	0.18	0.14	0.14	0.2	0.19	0.13	0.13	0.29	0.19	0.3
Erythrobacteraceae	0.01	0.01	0	0	0	0.01	0	0	0	0.02	0	0.01	0	0.04	0.02	0	0.01	0.05	0	0	0	0	0.02	0.02	0	0.04	0.01	0	0	0	0.01	0	0	0.02	0	0	0	0.04	0.06	0	0	0.03	0.02	0	0	0.02	0.01	0.3
Rhodospirillaceae	0.01	0.01	0.1	0.09	0.02	0.05	0.03	0	0.03	0.01	0.01	0.02	0.04	0.01	0	0.03	0.02	0.02	0.03	0.17	0.01	0.04	0.02	0.01	0.02	0.02	0.01	0.04	0.01	0.01	0.03	0	0.01	0.01	0.01	0.02	0.07	0.01	0.04	0	0	0.01	0.04	0.03	0	0.01	0.02	0.2
Selenomonadaceae	0.01	0.06	0	0.03	0.02	0	0	0	0.08	0.02	0.01	0.02	0.04	0	0	0	0	0.07	0.03	0.03	0.01	0.04	0.01	0	0	0.01	0.02	0.02	0.04	0	0	0.01	0	0	0	0	0.01	0	0.01	0	0	0.01	0.01	0	0	0	0	0.2
Bradyrhizobiaceae	0	0.03	0.02	0.03	0.04	0.02	0.02	0	0.01	0.01	0.01	0	0.01	0.02	0.01	0	0	0	0	0	0.02	0.01	0	0	0	0	0.01	0	0	0	0	0.01	0	0	0	0.03	0.05	0.01	0.02	0.02	0	0.02	0	0.01	0	0	0	0.2
Streptomycetaceae	0.01	0	0	0.02	0	0	0.01	0.02	0.04	0	0	0.02	0	0	0	0.01	0.01	0.02	0.01	0.07	0	0	0.03	0.05	0.02	0	0	0.01	0	0.01	0	0.04	0	0.01	0	0.05	0	0	0.01	0.09	0	0	0.01	0	0	0	0	0.2
Chitinophagaceae	0	0.04	0.01	0	0	0.01	0.01	0.03	0	0.01	0.02	0.01	0	0	0	0.01	0	0.05	0	0	0	0.02	0	0.01	0.01	0	0.01	0	0	0	0	0.01	0	0	0.02	0	0	0.02	0	0.01	0.01	0.02	0.01	0.01	0	0	0	0.2
Clostridiaceae_4	0	0	0.04	0.01	0	0.01	0	0.06	0.01	0	0.05	0.01	0.01	0.03	0	0.08	0	0	0.03	0	0.03	0.03	0.04	0.12	0.01	0	0.05	0	0	0.01	0.02	0.04	0.01	0	0.04	0.05	0.06	0.03	0	0.18	0	0	0.11	0.01	0	0	0.05	0.2
Prevotellaceae	0.4	2.16	2.9	1.21	0.86	0.89	1.22	1.43	4.77	1.49	2.65	1.33	6.65	0.65	0.85	0.49	1.88	1.83	0.41	3.41	0.99	1.91	1.61	2.26	3.48	4.73	6.18	2.51	3.05	0.49	0.36	0.32	0.48	0.9	1.38	0.55	0.67	1.48	0.74	0.85	0.39	1.48	2.44	0.41	0.33	0.59	0.63	0.2
Peptococcaceae_2	0.21	0.22	0.2	0.22	0.17	0.09	0.23	0.23	0.18	0.18	0	0	0.29	0.21	0.18	0.05	0.19	0.06	0.11	0.12	0.02	0.08	0.16	0.42	0.27	0.36	0.1	0.02	0.13	0.12	0.3	0.37	0.02	0.32	0.01	0.08	0.05	0.01	0.01	0.15	0.21	0.14	0.01	0.06	0.21	0.04	0.11	0.1
Reyranellaceae	0.01	0.02	0.01	0	0	0.07	0.08	0.13	0.01	0	0.01	0.01	0	0.03	0.03	0.15	0.05	0.01	0.02	0.01	0	0.07	0.07	0.11	0.06	0.01	0.01	0.01	0	0.04	0.08	0.09	0.04	0.01	0.01	0	0	0.07	0.06	0.11	0.02	0	0.01	0	0	0.01	0.08	0.1
Paenibacillaceae_1	0	0	0.01	0.02	0.01	0	0	0.01	0	0	0	0	0.01	0	0	0	0.01	0	0	0.01	0	0.01	0	0	0	0	0	0	0	0	0	0	0	0	0	0.02	0.01	0.02	0	0	0.01	0	0	0.03	0	0	0	0.1
Oxalobacteraceae	0	0.01	0.04	0	0	0.02	0.01	0.01	0	0	0.01	0	0	0	0.04	0.02	0	0.01	0.01	0.01	0	0	0.04	0.03	0	0.01	0.02	0.02	0	0.01	0.02	0.01	0	0.03	0.03	0.01	0	0.01	0.08	0	0	0.01	0.01	0	0	0.01	0.04	0.1
Mycobacteriaceae	0.01	0.04	0.02	0.01	0.09	0.05	0.03	0.01	0.01	0	0.01	0	0.05	0.02	0.01	0	0.01	0.01	0	0	0.03	0.02	0.02	0.01	0	0.02	0	0	0.08	0.01	0.04	0.01	0	0	0	0	0.03	0.02	0.01	0.04	0	0	0	0	0.04	0.02	0.02	0.1
Mycoplasmataceae	0	0.02	0	0.01	0.02	0	0	0	0	0	0	0	0	0	0.09	0.04	0.06	0.16	0.04	0.11	0.05	0.04	0	0	0	0	0	0	0	0	0	0	0	0	0	0	0	0	0	0	0	0	0	0	0	0	0	0.1
Pasteurellaceae	0.02	0.01	0	0	0.03	0.01	0	0	0.01	0	0.01	0	0.03	0.01	0.01	0.01	0.03	0	0	0	0.03	0.02	0	0.01	0.01	0.01	0	0.01	0.02	0	0	0	0.01	0	0	0	0.02	0	0	0	0.03	0.01	0	0	0.01	0.02	0	0.1
Rhodocyclaceae	0.04	0.02	0	0.02	0	0.01	0	0	0.01	0	0	0.01	0.02	0	0.01	0	0.02	0.01	0	0.05	0.01	0	0	0	0.02	0	0.01	0.02	0.01	0	0	0	0	0	0	0.02	0.02	0	0	0	0.01	0	0	0	0	0	0.01	0.1
Caldilineaceae	0.02	0.01	0	0	0.04	0.02	0.01	0.01	0	0	0	0	0.01	0	0	0	0	0	0	0	0.01	0	0	0	0	0	0	0	0.01	0	0.01	0	0	0	0	0	0.01	0	0	0.01	0	0	0	0	0.01	0	0	0.1
Candidatus_Brocadiaceae	0.01	0	0.01	0	0.01	0	0	0	0	0.01	0	0	0.02	0.01	0	0.02	0	0	0	0	0.01	0	0.02	0	0	0	0	0.01	0	0.02	0	0	0	0	0	0.02	0	0	0	0	0	0	0	0.01	0	0.01	0	0.1
Sphingomonadaceae	0.02	0.02	0.02	0	0	0	0	0	0	0.01	0.03	0	0	0	0.02	0.01	0.01	0.02	0	0	0	0	0	0	0	0.05	0	0	0	0.01	0	0	0	0.05	0	0.01	0	0	0	0	0	0.01	0.01	0	0	0	0.01	0.1
Atopobiaceae	0	0.01	0.02	0	0.08	0.01	0	0.05	0	0	0.08	0.01	0.07	0.09	0.14	0.49	0.01	0.01	0	0	0.03	0	0.01	0	0.01	0	0.03	0.01	0.01	0	0.01	0	0.01	0	0.03	0.01	0	0.03	0.18	0.06	0	0.03	0.06	0	0	0.02	0	0.1
Vibrionaceae	0	0	0.01	0	0.04	0	0	0	0	0	0	0	0.02	0	0	0	0	0	0	0	0.03	0	0	0	0	0	0	0	0.02	0	0	0	0	0	0	0	0.04	0	0	0	0	0	0	0	0	0	0	0.1
Burkholderiaceae	0	0.01	0	0.07	0	0.03	0	0	0	0.01	0	0.04	0	0.01	0	0	0	0.01	0	0.04	0	0.01	0	0	0	0.01	0	0.03	0	0	0	0	0	0	0	0.03	0	0.01	0	0.02	0	0.03	0	0.01	0	0	0	0.1
Erwiniaceae	0	0	0	0.01	0	0	0	0	0	0	0	0.07	0	0	0	0	0	0	0	0.1	0	0	0	0	0	0	0	0.02	0	0	0.05	0.06	0.02	0.04	0.06	0.1	0.04	0.04	0	0.01	0.02	0	0.01	0.08	0	0	0	0.1
Fusobacteriaceae	0	0	0.04	0.02	0	0	0	0.01	0	0	0.03	0.02	0	0	0	0	0	0	0.02	0.01	0	0	0	0	0.01	0.01	0.02	0.05	0	0	0	0	0	0	0.03	0.03	0	0	0	0	0	0	0.02	0.02	0	0	0	0.1
Haliangiaceae	0.01	0	0	0.01	0	0	0	0	0.01	0	0	0.02	0	0	0	0	0	0	0	0.01	0	0	0	0	0	0	0	0.02	0	0	0	0	0.01	0	0	0	0	0	0	0	0	0	0	0.01	0	0	0	0.1
Devosiaceae	0	0	0.01	0	0.02	0.01	0.01	0.01	0	0	0	0	0	0.01	0.01	0	0	0	0	0	0	0	0.01	0	0	0	0	0	0	0	0	0.02	0	0	0	0	0	0	0.01	0.01	0.01	0	0	0	0	0.01	0	0.1
Sphingobacteriaceae	0.01	0	0	0	0.01	0	0.01	0	0	0	0	0.01	0.01	0.01	0	0	0	0	0	0	0	0	0.04	0	0	0	0	0	0	0	0	0	0	0	0	0.01	0	0	0.01	0	0	0	0	0	0	0	0	0.1
Weeksellaceae	0.19	0.03	0.16	0.79	0.09	0.03	0.23	0.05	0.04	0.11	0.11	0.01	0.07	0	0.04	0.01	0.08	0.06	0.13	0.08	0.08	0.09	0.08	0.03	0.01	0.47	0.09	0.06	0.08	0.07	0.02	0.14	0.03	0.11	0.07	0.47	0.35	0.34	0.3	0.45	0.04	0.09	0.54	0.31	0.03	0.16	0.29	0.1
Xanthomonadaceae	0	0.01	0	0.02	0	0	0	0	0	0	0	0.05	0	0	0	0	0	0.01	0	0.04	0	0	0	0.01	0	0.01	0	0.01	0	0	0.01	0	0	0	0	0.01	0	0	0	0.01	0	0.02	0	0.03	0	0	0	0.1
Xanthobacteraceae	0.01	0	0	0	0	0	0	0	0	0	0	0	0	0	0	0	0	0	0	0	0	0	0	0	0.01	0	0	0	0	0	0.01	0	0	0	0	0	0	0.02	0	0	0.01	0	0	0	0	0	0	0.1
Phreatobacteraceae	0	0.01	0.01	0	0	0.01	0	0	0	0.01	0.04	0.04	0.01	0	0	0.04	0	0.02	0	0.02	0	0	0.01	0	0	0.01	0	0	0.01	0	0	0	0	0	0.01	0	0.01	0	0	0	0	0	0	0	0	0	0	0.1
Sporomusaceae	0.01	0	0	0	0	0	0	0	0	0	0	0.01	0	0	0	0	0	0	0.01	0	0	0	0	0	0	0	0.01	0	0	0	0	0	0	0	0	0	0	0.01	0.01	0	0	0	0	0.01	0.01	0	0	0.1
Phyllobacteriaceae	0.02	0.01	0.02	0.01	0.06	0.08	0	0.01	0	0	0.03	0	0	0.03	0	0.04	0	0	0.01	0	0.01	0.01	0.02	0.01	0	0	0	0.01	0.01	0.01	0.02	0.02	0	0	0.02	0	0	0.01	0.01	0.01	0	0	0.02	0	0.02	0	0	0.1
Pseudomonadaceae	0	0.01	0.01	0.02	0.04	0.02	0	0	0	0	0.03	0	0.03	0.01	0.01	0	0	0.01	0.04	0.01	0.02	0.03	0	0	0.01	0.01	0.04	0	0.02	0.03	0	0	0	0	0.02	0	0.01	0.01	0.01	0	0	0	0.02	0.03	0.03	0.02	0.01	0.1
Spiroplasmataceae	0	0	0	0	0	0	0	0	0	0	0	0	0	0	0	0	0	0	0	0	0	0	0	0	0	0	0	0	0	0	0	0	0	0	0	0.01	0.07	0	0	0.01	0	0.23	0	0.01	0	0	0.01	0.1
Corynebacteriaceae	0	0	0	0	0	0	0	0	0	0	0	0	0	0	0.01	0	0	0	0	0	0	0	0	0	0	0	0	0	0	0	0	0	0	0	0	0	0	0	0.06	0	0.01	0.04	0.03	0.02	0	0.01	0	0.1
Coriobacteriaceae	0.01	0	0	0.03	0	0.03	0	0.01	0	0	0.01	0.02	0	0.01	0.01	0.01	0	0	0	0.02	0	0	0.02	0	0.01	0	0	0.03	0	0	0.01	0	0.01	0	0	0.02	0	0	0.01	0	0	0.01	0	0	0	0	0.01	0.1
Clostridiales_Incertae_Sedis_XVII	0	0	0.02	0	0	0.03	0	0.01	0	0	0	0	0	0	0	0.02	0	0	0	0	0	0.01	0.01	0.01	0	0	0	0	0	0	0	0	0	0	0	0	0.02	0.02	0	0.02	0	0	0	0	0	0	0	0.1
Deinococcaceae	0	0	0	0.03	0	0	0	0	0	0	0	0.05	0	0	0	0	0	0	0	0.03	0	0	0	0	0	0	0	0.03	0	0	0	0	0	0	0	0.01	0	0	0	0	0	0	0	0	0	0	0	0.1
Defluviitaleaceae	0	0	0	0	0	0	0	0	0	0	0	0	0	0	0	0	0	0	0	0	0	0	0	0	0	0	0	0	0	0	0	0	0	0	0	0.01	0.01	0.29	0.24	0.13	0.06	0.1	0.71	0	0.02	0.08	0.04	0.1
Deferribacteraceae	0.56	0.06	0.06	0.07	0.46	0.14	0.05	1.68	0.16	0.03	0.08	0	0.22	0.03	0.02	0.03	0.07	0.03	0.01	0.03	0.5	0	0	0	0.89	0.09	0.03	0.03	0.05	0.91	0.6	0.26	0.58	0	0.31	0.02	0.01	0.02	0.01	0.19	0.07	0	0	0	0.03	0.27	0.24	0.1
Anaerolineaceae	0	0.02	0.02	0	0.01	0	0	0	0	0	0	0	0.01	0	0	0	0	0	0	0	0	0	0.01	0	0	0	0	0	0	0.01	0	0	0	0	0	0	0	0	0	0	0	0	0	0	0	0	0	0.1
Akkermansiaceae	0.13	5.35	25.2	0.12	0.16	0.09	0.11	0.07	0.66	0.12	0.73	11.6	6.56	0.47	7.4	0.45	17.2	0.16	0.17	0.31	14.2	0.25	0.33	8.77	9.55	11.8	27.4	39.3	0.63	0.17	0.22	0.13	5.52	0.11	10.6	18.9	19.2	8.85	2.51	0.47	0.06	1.16	8.08	4.53	0.39	0.71	11.7	0.1
Acidaminococcaceae	0.01	0.07	0	0.01	0	0.01	0	0	0.01	0.04	0	0.03	0	0	0.02	0.01	0.02	0.08	0	0.01	0	0.01	0.02	0.01	0.03	0.07	0	0.02	0.02	0	0.01	0	0.03	0.03	0	0.03	0	0	0	0.01	0	0.03	0.01	0.01	0.01	0	0.02	0.1
Chromatiaceae	0	0	0	0	0	0	0	0.01	0	0	0	0.01	0	0	0	0.02	0.01	0	0	0	0	0	0	0.01	0	0	0	0	0	0	0	0.01	0	0	0	0	0	0	0	0	0	0	0	0	0	0	0	0.1
Bdellovibrionaceae	0	0	0	0	0	0	0	0	0	0	0	0	0	0	0	0	0	0	0	0	0	0	0	0	0	0	0	0	0	0	0	0	0	0	0	0	0.02	0.04	0.21	0.05	0.01	0.06	0.07	0	0	0.06	0.02	0.1
Bacillales_Incertae_Sedis_XI	0	0	0	0	0.02	0.01	0	0	0	0	0	0	0.02	0	0	0	0	0	0	0	0.01	0	0	0.01	0	0	0	0	0.02	0.01	0	0	0	0	0	0	0	0.01	0	0	0	0	0	0	0	0.03	0	0.1
Desulfobacteraceae	0	0	0	0	0	0	0	0	0	0	0	0	0	0	0	0	0	0	0	0	0	0	0	0	0	0	0	0	0	0	0	0	0	0	0	0	0.05	0.18	0.03	0	0	0.02	0.03	0	0	0	0	0.1
Methylophilaceae	0	0	0	0	0	0.03	0	0	0	0.01	0	0	0	0.05	0	0	0	0.03	0	0	0	0.07	0	0	0.02	0	0	0	0	0.02	0	0	0	0	0	0	0	0.05	0	0	0	0.01	0	0	0	0.07	0	0.1
Kofleriaceae	0	0	0	0	0	0	0	0	0	0	0	0.01	0	0	0	0	0	0	0	0.01	0	0	0	0	0	0	0	0	0	0	0	0	0	0	0	0.01	0	0	0	0	0	0	0	0.02	0	0	0	0.1
Hyphomicrobiaceae	0	0.01	0	0.01	0.02	0.02	0.01	0	0	0	0	0	0.01	0	0	0	0	0	0	0	0	0	0	0	0	0	0	0	0	0	0	0	0.02	0	0	0.01	0	0.01	0.01	0	0	0	0	0	0	0.01	0	0.1
Paraconexibacteraceae	0	0	0	0	0	0	0	0	0	0	0	0	0	0	0	0	0.01	0	0	0	0	0	0.02	0.01	0	0	0	0	0	0	0	0	0.01	0	0	0.02	0	0	0	0.01	0	0	0	0	0	0	0	0.1
Nocardiaceae	0	0	0	0	0	0	0	0	0	0	0	0	0	0	0	0	0	0	0	0	0	0	0	0	0	0	0	0	0	0	0	0	0	0.01	0	0	0.03	0.15	0.02	0.01	0	0.03	0.06	0.01	0.01	0	0	0.1
Micrococcaceae	0.03	0.07	0.02	0.07	0.05	0.05	0.02	0	0.03	0	0.04	0.02	0	0.02	0.02	0.03	0.05	0.02	0.02	0.04	0.02	0.04	0.06	0.06	0.02	0.04	0.03	0	0.06	0	0	0.01	0	0.02	0.01	0.03	0.04	0.03	0.05	0.07	0.02	0.09	0.03	0.01	0.05	0.03	0.01	0.1
Gemmatimonadaceae	0.02	0.01	0.03	0.01	0.03	0.02	0	0	0	0	0	0	0	0	0	0.01	0	0	0	0.01	0	0	0.01	0	0	0	0	0	0	0	0.02	0	0	0	0	0.01	0	0	0	0	0	0	0	0.01	0.02	0.02	0	0.1
Frankiaceae	0.01	0.02	0	0	0.01	0	0	0	0	0	0	0	0.01	0	0.01	0	0	0	0	0	0	0	0	0	0	0	0	0.01	0.01	0	0	0	0	0	0	0	0.01	0	0	0	0	0	0	0	0	0	0	0.1
Desulfomicrobiaceae	0.06	0.07	0.06	0.13	0.11	0.19	0.03	0.04	0.05	0.02	0.09	0.09	0.08	0.02	0.03	0.12	0.02	0.01	0.01	0.05	0.01	0.02	0.04	0.05	0.02	0.08	0.02	0.01	0.02	0.04	0.01	0.1	0.09	0.02	0.09	0	0	0	0	0	0	0.01	0	0	0	0.02	0	0.1
Holophagaceae	0	0	0	0	0	0	0	0	0	0	0	0	0	0	0	0	0	0	0	0	0	0	0	0	0	0	0	0	0	0	0	0	0	0	0	0	0	0	0	0	0	0	0	0	0.01	0	0	0.1
Helicobacteraceae	0	0	0	0	0	0	0.01	0	0	0	0	0	0	0	0	0	0	0	0	0	0	0	0	0	0	0	0	0	0	0.01	0.02	0	0	0	0	0	0	0	0.01	0	0	0	0	0	0	0	0	0.1
Gordoniaceae	0	0	0.01	0	0	0.02	0	0	0	0	0	0	0.02	0	0	0	0	0	0	0	0	0	0.01	0	0	0	0	0	0	0.01	0	0.01	0	0	0	0	0	0	0	0.01	0	0.01	0	0	0	0	0	0.1
