ID	log2FC	log2CPM	PValue	FDR	level	MeanA	MeanB	N12	N13	N15	N16	N17	N51	N52	N53	N86	N87	N88	N90	H60	H61	H62	H63	H64	H66	H67	H68	H79	H94	H95	H96
ASV_1	0.799	17.901	0.37096714473872	0.42486835380332	NotSig	6.37	3.662	18.524	19.517	8.946	2.382	0.421	0.087	1.036	7.909	4.524	0.353	0.784	11.962	0.125	5.209	24.469	0.136	0.167	0.079	0.109	0.133	0.641	0.14	0.735	11.998
ASV_2	-4.293	17.151	0.00270225163820505	0.0106500505741023	Depleted	0.269	5.274	0.2	0.326	0.172	0.119	0.133	0.192	0.888	0.155	0.048	0.371	0.501	0.125	2.304	4.895	12.776	1.504	14.555	0.17	4.663	5.586	0.243	5.333	3.969	7.29
ASV_3	-3.636	16.944	0.00291197358560577	0.0108390127908659	Depleted	0.402	4.994	0.076	0.097	0.618	2.435	0.093	0.042	0.487	0.817	0.043	0.039	0.041	0.032	0.569	12.607	5.256	0.21	8.264	2.547	0.512	2.715	9.598	2.838	9.889	4.925
ASV_11	-3.093	16.15	0.0067961952829015	0.0185651403211962	Depleted	0.285	2.428	0.272	0.213	0.281	0.097	0.892	0.742	0.162	0.077	0.028	0.366	0.097	0.187	3.165	4.627	0.105	1.829	0.06	0.352	3.357	0.396	4.291	7.272	2.592	1.087
ASV_8	3.308	16.355	6.64676198878012e-05	0.00148444351082756	Enriched	4.647	0.469	5.714	5.283	5.733	5.744	2.073	4.399	0.846	3.761	6.864	0.506	8.385	6.462	0.017	0.013	0.061	0.059	0.015	1.579	0.113	3.516	0.061	0.015	0.111	0.072
ASV_10	-3.963	15.472	0.012974484812417	0.0275965232518076	Depleted	0.102	1.585	0.219	0.206	0.214	0.058	0.103	0.062	0.048	0.11	0.04	0.024	0.075	0.062	4.544	0.115	0.071	3.174	0.077	3.731	2.146	1.076	3.556	0.049	0.433	0.045
ASV_1385	-7.403	16.952	0.0176000996404753	0.0346825492915248	Depleted	0.027	4.594	0.071	0.005	0.007	0.008	0.003	0.069	0.064	0.037	0.033	0.004	0.009	0.015	12.579	7.346	0.168	10.363	0.1	0.167	0.092	0.082	11.245	12.679	0.164	0.138
ASV_6	8.637	17.65	0.0207483720818932	0.0391588994221647	Enriched	5.682	0.014	18.114	20.565	2.439	11.584	0.398	0.127	0.081	2.326	2.708	0.098	1.827	7.913	0	0	0.002	0.031	0.04	0.016	0.029	0	0.003	0.005	0.003	0.043
ASV_4	-4.191	13.824	0.0110481038714692	0.025524929634084	Depleted	0.028	0.505	0.035	0.021	0.049	0.041	0.046	0.027	0.006	0.028	0.02	0.007	0.007	0.045	0.352	0.008	1.011	0.88	0.03	0.021	0.229	0.685	0.046	0.027	1.317	1.45
ASV_7	-2.525	16.262	0.0231337129472276	0.0413322337990467	Depleted	0.357	2.055	0.548	0.128	0.116	0.287	0.09	0.361	0.395	0.089	0.687	0.558	0.513	0.511	4.412	0.622	0.083	7.857	0.045	2.003	1.726	1.725	0.735	2.68	0.355	2.417
ASV_9	-1.598	15.397	0.0211182380293907	0.0393033874435882	Depleted	0.475	1.437	0.17	0.092	0.734	0.353	0.501	0.281	0.748	1.972	0.088	0.155	0.463	0.142	0.104	2.132	2.402	0.294	0.897	0.753	0.7	1.301	4.316	1.249	2.347	0.752
ASV_14	3.436	16.832	0.0129687248778458	0.0275965232518076	Enriched	3.112	0.288	1.032	0.806	1.477	3.502	1.177	5.353	1.723	0.679	6.605	11.67	2.356	0.957	0.755	0.143	0.032	0.164	0.067	0.318	0.036	1.24	0.056	0.012	0.349	0.278
ASV_15	-1.231	14.407	0.0496212379144364	0.0755596122788009	Depleted	0.388	0.911	0.177	0.121	0.346	0.116	0.172	1.902	0.302	0.098	0.133	0.181	0.951	0.157	0.564	0.161	0.271	0.468	0.294	1.264	1.757	2.172	0.53	1.685	1.302	0.463
ASV_13	-2.7	15.677	0.0607466904293151	0.0839181084281261	NotSig	0.188	1.22	0.113	0.215	0.109	0.083	0.066	0.013	0.053	0.187	0.231	0.262	0.741	0.18	0.061	0.186	0.151	0.069	1.146	5.239	2.428	0.668	0.367	0.229	3.796	0.296
ASV_21	-0.463	14.692	0.432970195419533	0.481927496813817	NotSig	0.701	0.967	0.306	0.317	0.595	0.667	0.929	1.739	0.823	0.378	0.484	1.197	0.56	0.419	0.238	0.083	2.004	0.256	2.29	0.252	2.573	2.647	0.408	0.451	0.161	0.235
ASV_19	0.061	15.214	0.896073963269663	0.916594741054464	NotSig	1.443	1.383	0.051	0.031	3.608	0.24	2.471	3.802	0.499	1.895	2.227	0.379	2.024	0.087	2.273	0.339	1.465	0.775	1.079	0.999	1.204	1.704	2.263	1.798	0.451	2.243
ASV_12	-4.739	15.993	0.0668947232362723	0.0897977854424187	NotSig	0.051	1.353	0.018	0.151	0.005	0	0.017	0.002	0.014	0.016	0.258	0.022	0.002	0.102	0.024	2.132	5.243	0.57	0.032	0.037	0.022	0.048	0.973	0.539	0.099	6.52
ASV_17	-2.34	14.74	0.00594942821921058	0.0179989554197242	Depleted	0.234	1.184	0.053	0.102	0.128	0.061	1.234	0.834	0.134	0.033	0.008	0.111	0.038	0.07	1.671	2.199	0.044	0.893	0.025	0.175	1.861	0.287	2.038	2.737	1.613	0.662
ASV_20	-3.618	14.644	0.0110346139358208	0.025524929634084	Depleted	0.073	0.892	0.053	0.071	0.093	0.041	0.083	0.143	0.07	0.033	0.02	0.074	0.174	0.017	0.626	1.883	0.037	0.258	2.56	0.053	0.948	0.186	1.751	2.111	0.194	0.097
ASV_29	-3.039	14.486	0.00920062828928269	0.0237093113608438	Depleted	0.116	0.95	0.081	0.073	0.084	0.036	0.123	0.256	0.098	0.016	0.05	0.089	0.44	0.04	0.864	2.109	0.032	0.412	2.295	0.098	1.033	0.162	1.959	2.099	0.248	0.09
ASV_22	-4.242	14.083	0.0109791478380861	0.025524929634084	Depleted	0.035	0.658	0.074	0.061	0.074	0.03	0.036	0.013	0.008	0.037	0.013	0.013	0.027	0.03	1.735	0.043	0.032	1.166	0.017	1.669	1.028	0.538	1.473	0.017	0.155	0.025
ASV_23	-0.813	13.731	0.0115385727346793	0.0261585580320223	Depleted	0.44	0.773	0.154	0.14	0.43	0.394	0.521	0.426	0.641	0.394	0.547	0.621	0.517	0.496	0.64	1.299	0.376	0.223	0.648	0.323	0.606	0.849	0.996	1.025	0.932	1.36
ASV_16	0.196	16.749	0.894093408037319	0.916594741054464	NotSig	1.207	1.054	0.318	0.192	0.657	8.253	0.687	0.033	0.846	3.139	0.09	0.024	0.14	0.107	0.017	0.033	0.029	0.033	0.312	11.011	0.097	1.014	0.003	0.01	0.033	0.054
ASV_28	-3.158	14.104	0.00667421708638661	0.0185651403211962	Depleted	0.085	0.757	0.058	0.059	0.116	0.041	0.09	0.136	0.098	0.016	0.088	0.139	0.131	0.045	0.699	1.608	0.037	0.376	1.685	0.146	0.883	0.2	1.488	1.761	0.137	0.061
ASV_25	-3.005	15.575	0.0367377042384065	0.0579159102111349	Depleted	0.128	1.028	0.032	0.019	0.016	0.074	0.036	0.194	0.899	0.028	0.013	0.148	0.059	0.017	0.897	0.04	0.193	0.951	0.399	0.443	0.886	0.603	4.881	0.929	0.314	1.801
ASV_30	6.376	15.798	0.000411442923940071	0.00324313834164527	Enriched	2.45	0.03	3.585	5.699	2.688	0.364	1.841	1.521	0.137	0.472	4.228	3.287	2.424	3.159	0.042	0.008	0.01	0.036	0.022	0.019	0.051	0.043	0.025	0.005	0.03	0.063
ASV_26	-2.861	14.391	1.03069291035128e-05	0.000460376166623574	Depleted	0.149	1.08	0.083	0.019	0.098	0.121	0.139	0.187	0.375	0.142	0.281	0.163	0.077	0.097	1.211	0.923	0.781	0.918	0.8	0.771	1.414	1.207	0.831	0.522	1.434	2.148
ASV_24	-1.316	13.793	0.00517696791539179	0.016733909206222	Depleted	0.291	0.724	0.353	0.608	0.223	0.121	0.405	0.082	0.196	0.415	0.238	0.048	0.145	0.658	0.198	1.058	0.63	0.335	0.64	1.079	1.419	0.678	0.403	0.485	1.404	0.361
ASV_27	-0.135	15.979	0.904673890530916	0.918381070690475	NotSig	0.939	1.032	0.081	0.007	0.063	0.309	1.698	2.259	0.09	0.118	0.075	0.083	6.46	0.03	5.734	0.068	0.059	3.65	0.067	1.852	0.007	0.724	0.182	0.005	0.012	0.02
ASV_119	-3.155	14.153	0.00112107609107475	0.00583822762420382	Depleted	0.078	0.691	0.055	0.099	0.074	0.03	0.03	0.096	0.182	0.02	0.05	0.109	0.151	0.032	0.458	0.923	0.771	0.299	1.822	0.106	0.76	0.584	0.071	1.195	0.475	0.822
ASV_157	-1.433	14.099	0.000590317337902801	0.00395512616394877	Depleted	0.307	0.828	0.147	0.116	0.325	0.199	0.488	0.441	0.504	0.366	0.223	0.329	0.203	0.337	0.746	0.808	0.254	1.754	1.121	0.525	0.804	0.927	0.408	0.889	1.012	0.685
ASV_34	7.439	15.617	0.000214215522353747	0.00205034857110015	Enriched	2.417	0.014	0.47	0.558	5.025	2.779	2.577	1.699	2.692	3.599	4.542	2.413	0.104	2.548	0	0.013	0.002	0.015	0.022	0.042	0.012	0.005	0.01	0.007	0.006	0.032
ASV_32	-4.002	14.131	0.000127608627413794	0.00170065166065122	Depleted	0.055	0.88	0.046	0.012	0.06	0.019	0.09	0.178	0.011	0.016	0.043	0.1	0.063	0.02	0.406	0.303	0.586	1.437	1.401	1.794	0.748	0.62	0.542	0.458	1.425	0.84
ASV_31	-1.114	14.744	0.358090744796602	0.413656550023661	NotSig	0.27	0.585	0.044	0.059	0.2	0.041	0.693	1.773	0.162	0.211	0.008	0.007	0.016	0.027	0.012	0.003	0.022	0	0.007	0.048	2.078	0.048	0.025	0.037	2.745	1.99
ASV_37	6.101	16.509	0.0236818521695609	0.0417548446147521	Enriched	2.358	0.034	0.058	0.071	2.197	4.208	6.56	1.645	9.327	3.871	0.075	0.098	0.07	0.117	0.017	0.043	0.081	0.026	0.032	0.024	0.022	0.039	0.015	0.034	0.063	0.018
ASV_38	-4.709	14.078	0.000983020000495798	0.00548852833610154	Depleted	0.03	0.779	0.025	0.035	0.046	0.017	0.066	0.018	0.045	0.033	0.018	0.004	0.02	0.03	0.314	1.475	1.457	1.729	0.404	0.737	0.249	0.451	0.134	0.631	1.475	0.296
ASV_39	3.681	16.292	0.0306365665839048	0.0515540900018964	Enriched	1.825	0.142	1.177	0.284	3.103	0.383	8.023	0.125	0.048	4.262	0.813	1.868	1.452	0.366	0.009	0.003	0.032	0.018	0.017	1.285	0.058	0.249	0.003	0	0.03	0.005
ASV_40	-4.03	14.281	0.336597449154729	0.395649633216962	NotSig	0.011	0.177	0.021	0.014	0.009	0.014	0	0.007	0.003	0	0.008	0.015	0.005	0.035	0.007	1.991	0.022	0	0.022	0.019	0.019	0.014	0	0.01	0.003	0.011
ASV_1214	-2.367	14.053	0.00113279043454701	0.00583822762420382	Depleted	0.128	0.66	0.115	0.08	0.102	0.033	0.153	0.111	0.218	0.061	0.158	0.244	0.199	0.06	0.954	1.001	0.561	0.683	0.892	0.212	0.396	0.316	0.525	1.7	0.251	0.429
ASV_57	4.558	15.572	0.00604442532751931	0.0179989554197242	Enriched	1.563	0.066	2.484	0.258	0.3	0.171	2.298	1.175	0.16	0.203	1.763	3.601	4.87	1.471	0.137	0.055	0.068	0.107	0.022	0.037	0.036	0.022	0.094	0.121	0.063	0.034
ASV_48	2.552	14.704	0.00524495661687556	0.016733909206222	Enriched	0.809	0.138	1.018	0.88	0.262	0.345	2.67	0.165	0.798	1.049	0.79	0.157	0.843	0.728	0.035	0.176	0.195	0.077	0.097	0.093	0.14	0.138	0.106	0.217	0.137	0.244
ASV_46	0.262	13.232	0.594016347474445	0.636785524492605	NotSig	0.314	0.262	0.152	0.038	0.123	0.196	0.322	0.787	0.415	0.407	0.364	0.506	0.305	0.157	0.295	0.018	0.015	0.092	0.057	0.204	0.507	0.297	0.137	0.333	0.227	0.962
ASV_42	-3.46	13.926	0.00125007097705709	0.00598248253305894	Depleted	0.063	0.698	0.025	0.017	0.039	0.05	0.073	0.216	0.042	0.028	0.023	0.126	0.099	0.022	1.376	0.281	0.293	0.233	0.7	0.212	1.557	1.467	0.806	0.426	0.791	0.239
ASV_35	-0.06	13.258	0.875665829902481	0.909606365945212	NotSig	0.372	0.388	0.339	0.669	0.722	0.251	0.332	0.136	0.661	0.435	0.248	0.157	0.108	0.404	0.222	0.188	0.688	0.98	0.09	0.215	0.524	0.147	0.284	0.234	0.415	0.666
ASV_45	6.796	16.379	0.0551907473052144	0.078676171690412	NotSig	1.553	0.014	3.313	1.771	0.065	0.083	0.189	0.047	0.07	0.085	0.043	2.568	8.523	1.88	0.005	0.005	0	0.015	0.027	0.074	0.005	0.002	0.003	0.022	0	0.009
ASV_33	-5.398	14.156	0.00149800730753827	0.0066910993070043	Depleted	0.014	0.572	0.021	0.038	0.023	0.019	0.003	0.004	0.006	0.008	0.01	0.004	0.016	0.01	0.283	0.334	0.249	0.343	0.695	1.826	0.304	0.372	1.059	0.584	0.57	0.246
ASV_52	0.314	13.866	0.457261103504564	0.50223760548862	NotSig	0.674	0.542	0.085	0.092	0.678	1.481	0.425	1.023	1.493	1.244	0.476	0.562	0.253	0.274	0.592	0.356	0.183	0.558	0.725	0.347	0.878	1.269	0.276	0.318	0.326	0.678
ASV_36	8.791	15.904	0.030918769284039	0.0515540900018964	Enriched	1.553	0.004	3.832	5.144	0.664	0.709	0.199	0.02	0.162	0.26	0.479	0.238	0.797	6.13	0	0	0	0.003	0.01	0.005	0.014	0	0	0	0.003	0.007
ASV_56	4.008	15.312	0.0181886529583139	0.0353228912523778	Enriched	1.109	0.069	0.101	0.026	0.825	0.449	0.123	1.964	3.106	1	4.068	1.085	0.355	0.207	0.024	0.01	0.017	0.184	0.012	0.098	0.007	0.417	0.01	0.005	0.024	0.018
ASV_47	-3.709	13.172	0.000138949514205137	0.00170065166065122	Depleted	0.038	0.5	0.071	0.04	0.046	0.008	0.013	0.013	0.014	0.008	0.053	0.033	0.106	0.052	0.923	0.278	0.178	0.803	0.91	0.196	0.405	0.611	0.674	0.542	0.2	0.28
ASV_120	-3.691	14.368	0.00138259541064266	0.00638854431124541	Depleted	0.052	0.67	0.037	0.017	0.033	0.019	0.073	0.134	0.028	0.028	0.013	0.205	0.011	0.025	0.444	0.838	0.327	0.801	0.449	0.111	0.611	0.695	0.461	0.798	2.115	0.386
ASV_60	-4.059	13.2	0.000464437005876936	0.00345747548819497	Depleted	0.025	0.411	0.03	0.009	0.026	0.008	0.043	0.042	0.014	0.012	0.028	0.039	0.009	0.035	0.545	0.509	0.088	0.21	0.371	0.132	0.362	0.053	0.365	0.941	0.6	0.752
ASV_54	-3.556	11.93	0.00303335300484066	0.0109856568283418	Depleted	0.012	0.144	0.002	0.021	0.007	0.006	0.01	0.002	0.008	0.012	0	0.022	0.038	0.017	0.125	0.028	0.02	0.046	0.147	0.101	0.319	0.174	0.39	0.239	0.122	0.014
ASV_50	-6.027	15.439	0.192329045503839	0.23429174634104	NotSig	0.008	0.521	0	0.054	0.007	0	0	0	0	0.008	0	0.022	0.005	0	0.033	0.028	1.152	0.013	4.444	0.029	0.048	0.022	0.018	0.399	0.048	0.016
ASV_68	0.988	14.968	0.344098099278653	0.400949089594257	NotSig	0.755	0.381	0.73	0.31	0.102	0.179	0.073	0.343	0.272	0.028	3.205	2.555	1.111	0.152	0.12	0.013	0.002	0.143	0.017	1.436	0.034	2.7	0.02	0.027	0.024	0.032
ASV_44	-1.911	13.525	0.000712929308108513	0.00434238760393367	Depleted	0.14	0.525	0.092	0.054	0.2	0.033	0.212	0.312	0.104	0.187	0.148	0.031	0.108	0.194	0.236	0.74	1.179	0.458	0.591	0.821	0.27	0.268	0.261	0.374	0.705	0.398
ASV_218	-1.585	13.421	0.049379892301384	0.0755596122788009	Depleted	0.113	0.338	0.069	0.05	0.067	0.019	0.156	0.054	0.028	0.028	0.05	0.148	0.662	0.02	0.269	0.607	0.022	0.171	1.097	0.056	0.34	0.278	0.264	0.744	0.137	0.07
ASV_41	-4.502	13.335	0.00371497538126891	0.0127642743869239	Depleted	0.013	0.289	0.005	0.014	0.012	0.022	0.017	0.016	0.014	0.004	0.008	0.004	0.016	0.022	0.151	0.07	0.188	0.143	0.429	1.033	0.176	0.198	0.393	0.33	0.266	0.086
ASV_43	-1.082	12.74	0.0352959616405679	0.0563054626170963	Depleted	0.143	0.302	0.136	0.012	0.184	0.146	0.255	0.143	0.157	0.159	0.181	0.107	0.097	0.135	0.156	0.063	0.225	0.159	0.162	0.424	0.5	0.43	0.119	0.047	0.684	0.653
ASV_1390	-1.946	12.908	0.000166715669688287	0.00171845382601773	Depleted	0.104	0.4	0.094	0.052	0.074	0.028	0.129	0.125	0.123	0.053	0.173	0.216	0.122	0.057	0.578	0.489	0.146	0.45	0.578	0.278	0.43	0.389	0.276	0.769	0.128	0.294
ASV_65	-1.446	13.432	0.265411531979574	0.31754594004699	NotSig	0.064	0.175	0.041	0.033	0.065	0.033	0.06	0.067	0.031	0.012	0.15	0.17	0.056	0.05	0.172	0.025	0	0.051	0.002	0.04	0.012	0.111	1.105	0.495	0.012	0.07
ASV_77	-2.785	13.451	3.079257536457e-06	0.000206310254942619	Depleted	0.089	0.61	0.23	0.05	0.007	0.019	0.02	0.025	0.042	0.02	0.015	0.591	0.007	0.037	0.673	0.514	0.488	0.875	0.708	0.395	0.712	1.12	0.317	0.65	0.466	0.409
ASV_62	-2.478	14.167	0.00546120213892112	0.0170186299212891	Depleted	0.115	0.642	0.028	0.035	0.074	0.055	0.159	0.129	0.375	0.179	0.1	0.094	0.086	0.067	0.387	1.061	0.051	0.136	0.027	0.416	0.307	0.794	0.915	0.751	1.018	1.839
ASV_55	-0.868	13.337	0.0311632932101016	0.0515540900018964	Depleted	0.248	0.453	0.046	0.052	0.232	0.187	0.478	0.319	0.804	0.191	0.093	0.216	0.237	0.122	0.448	0.492	0.217	0.335	0.321	0.223	0.543	0.536	0.449	0.256	0.579	1.035
ASV_51	-1.243	12.843	0.00871073759674807	0.0228870360385145	Depleted	0.144	0.341	0.041	0.04	0.251	0.163	0.196	0.219	0.252	0.342	0.045	0.072	0.066	0.045	0.13	0.243	0.332	0.338	0.262	0.382	0.627	0.236	0.094	0.153	0.735	0.565
ASV_49	-0.96	13.721	0.404790137917455	0.45581410488184	NotSig	0.168	0.328	0.032	0.026	0.142	0.028	0.461	1.064	0.095	0.122	0.005	0.009	0.016	0.022	0.007	0	0.012	0.003	0.002	0.034	1.214	0.022	0.028	0.025	1.35	1.236
ASV_61	0.167	12.783	0.631343818214424	0.671429140005816	NotSig	0.345	0.308	0.643	0.705	0.279	0.218	0.58	0.036	0.19	0.423	0.263	0.111	0.165	0.531	0.512	0.296	0.662	0.33	0.187	0.278	0.335	0.27	0.137	0.197	0.287	0.201
ASV_85	3.792	14.377	0.0515999230935359	0.0759823043355364	NotSig	0.448	0.032	0.009	0.012	0.007	1.045	0.053	2.127	0.014	0.033	0.562	0.401	0.077	1.04	0.026	0.003	0.01	0.01	0.01	0.204	0.056	0.014	0.025	0.007	0.012	0.011
ASV_965	-2.616	14.754	0.0588836583919875	0.0821917731721493	NotSig	0.101	0.619	0.118	0.05	0.049	0.019	0.027	0.132	0.171	0.024	0.206	0.148	0.136	0.135	1.91	0.228	0.049	2.762	0.052	0.339	0.294	0.205	0.261	0.879	0.075	0.377
ASV_53	-3.89	13.272	0.000139605733337041	0.00170065166065122	Depleted	0.037	0.547	0.016	0.012	0.009	0.011	0.023	0.169	0.048	0.012	0.035	0.015	0.075	0.017	0.791	0.236	0.085	0.509	0.989	0.824	0.929	0.777	0.471	0.148	0.526	0.282
ASV_67	1.223	13.945	0.0587718551087133	0.0821917731721493	NotSig	0.568	0.243	0.039	0.052	0.427	0.334	0.929	1.467	1.577	0.769	0.203	0.538	0.314	0.167	0.444	0.133	0.251	0.527	0.1	0.164	0.34	0.256	0.413	0.121	0.09	0.081
ASV_64	-2.352	13.443	0.000707168792169851	0.00434238760393367	Depleted	0.088	0.452	0.062	0.043	0.058	0.05	0.09	0.096	0.249	0.134	0.038	0.085	0.093	0.065	0.33	0.534	0.188	0.307	0.274	0.223	0.697	0.598	0.378	0.18	0.597	1.114
ASV_71	-0.463	12.748	0.394263056956389	0.447722454509798	NotSig	0.169	0.232	0.023	0.05	0.121	0.094	0.232	0.239	0.594	0.11	0.118	0.207	0.129	0.107	0.142	0.038	0.176	0.156	0.187	0.034	0.688	0.565	0.117	0.273	0.081	0.332
ASV_63	0.037	13.922	0.947989770733042	0.955117513370133	NotSig	0.467	0.455	0.104	0.028	0.915	1.175	1.25	0.198	0.193	0.565	0.253	0.148	0.481	0.289	0.406	1.552	0.076	0.038	0.446	0.212	0.034	0.386	1.049	0.82	0.284	0.154
ASV_82	-1.26	14.418	0.127955087246145	0.163295063723652	NotSig	0.224	0.537	0.168	0.118	0.123	0.097	0.153	0.192	0.468	0.122	0.326	0.294	0.219	0.411	1.185	0.91	0.112	0.059	0.117	0.342	0.06	0.391	2.19	0.158	0.869	0.052
ASV_100	2.809	14.776	0.00193387261028799	0.00809809155558096	Enriched	0.948	0.135	0.488	0.168	0.971	0.846	1.005	0.812	2.806	1.399	0.692	0.665	1.319	0.207	0.146	0.11	0.024	0.092	0.042	0.085	0.118	0.169	0.284	0.126	0.182	0.244
ASV_76	1.654	13.66	0.00634216675275107	0.0184038062377247	Enriched	0.557	0.177	0.265	0.206	0.177	0.43	0.491	0.994	0.95	0.146	0.958	1.295	0.479	0.289	0.347	0.098	0.117	0.105	0.092	0.103	0.292	0.145	0.243	0.18	0.161	0.239
ASV_148	1.853	14.008	0.0102459118303295	0.025524929634084	Enriched	0.687	0.19	0.108	0.106	0.302	0.347	0.597	1.588	0.613	0.317	1.648	1.375	0.4	0.845	0.248	0.261	0.076	0.253	0.12	0.106	0.232	0.169	0.22	0.192	0.155	0.251
ASV_59	-3.896	14.318	0.0128308142713469	0.0275965232518076	Depleted	0.035	0.518	0.016	0.009	0.012	0.039	0.05	0.123	0.006	0.016	0.01	0.113	0.007	0.017	0.994	0.033	0.19	0.043	0.137	0.753	2.042	0.524	0.388	0.227	0.633	0.255
ASV_90	5.484	14.691	0.00188580039297377	0.00809809155558096	Enriched	1.032	0.023	0.104	0.201	0.295	0.604	0.491	2.241	1.092	0.459	2.646	2.029	0.811	1.411	0.021	0.02	0.015	0.038	0.01	0.016	0.039	0.022	0.015	0.052	0.009	0.02
ASV_73	0.639	13.069	0.22050165998554	0.266191193135697	NotSig	0.351	0.225	0.859	0.596	0.128	0.044	0.103	0.107	0.081	0.045	0.697	0.183	0.741	0.628	0.276	0.313	0.31	0.217	0.097	0.453	0.212	0.154	0.129	0.172	0.308	0.061
ASV_74	7.398	16.221	0.10978204613943	0.142823244492074	NotSig	1.118	0.007	0.041	0.035	7.64	0.438	0.113	0.06	1.535	2.765	0.206	0.512	0.027	0.045	0	0.008	0.002	0.003	0	0.056	0.002	0	0	0	0.009	0
ASV_91	-0.45	13.093	0.551312343328625	0.600616699236063	NotSig	0.134	0.183	0.092	0.052	0.088	0.074	0.166	0.459	0.16	0.024	0.07	0.185	0.108	0.125	0.054	0.038	0.015	0.102	0.047	0.04	0.874	0.495	0.16	0.113	0.051	0.203
ASV_88	-0.931	12.169	0.0204851073865877	0.0391588994221647	Depleted	0.139	0.265	0.037	0.04	0.081	0.03	0.441	0.372	0.081	0.008	0.123	0.207	0.136	0.11	0.319	0.331	0.149	0.215	0.224	0.156	0.316	0.077	0.286	0.461	0.269	0.375
ASV_1277	-2.725	14.005	0.038423170336189	0.0598686607563876	Depleted	0.062	0.409	0.078	0.061	0.03	0.041	0.023	0.076	0.073	0	0.133	0.076	0.097	0.052	1.235	0.155	0.022	1.645	0.027	0.405	0.302	0.241	0.155	0.498	0.048	0.172
ASV_83	3.662	14.749	0.0247344724487481	0.0430444065991201	Enriched	0.629	0.05	0.309	0.147	0.546	0.314	0.358	0.787	1.479	0.224	0.306	0.251	2.753	0.072	0.017	0.008	0.01	0.013	0.005	0.048	0.408	0.041	0.033	0.01	0.003	0.002
ASV_70	-2.614	12.6	0.00123012097745373	0.00598248253305894	Depleted	0.042	0.256	0.037	0.017	0.039	0.025	0.06	0.114	0.003	0.008	0.035	0.061	0.079	0.025	0.621	0.158	0.063	0.519	0.364	0.159	0.265	0.212	0.17	0.057	0.311	0.176
ASV_72	8.753	15.525	0.0229506568389739	0.0413322337990467	Enriched	1.169	0.003	0	0.002	1.145	2.115	2.919	0.836	4.717	2.208	0.025	0.028	0.02	0.01	0	0.008	0.002	0	0	0	0	0.007	0	0.012	0.003	0
ASV_80	-4.164	13.617	0.00280920764663825	0.0107552521328436	Depleted	0.021	0.382	0.014	0.012	0.021	0.017	0.023	0.027	0.064	0.012	0.008	0.037	0.007	0.015	0.399	0.554	0.217	0.358	0.294	0.13	0.282	0.08	0.16	0.177	0.681	1.256
ASV_66	-2.209	12.124	1.27521331234593e-08	1.70878583854354e-06	Depleted	0.068	0.314	0.088	0.066	0.058	0.022	0.199	0.076	0.042	0.037	0.07	0.031	0.063	0.062	0.267	0.258	0.3	0.371	0.336	0.366	0.446	0.302	0.195	0.202	0.334	0.384
ASV_135	-1.113	12.756	0.0166517370742026	0.0333034741484051	Depleted	0.147	0.317	0.115	0.073	0.067	0.116	0.146	0.201	0.104	0.069	0.083	0.388	0.258	0.14	0.692	0.206	0.496	0.138	0.297	0.056	0.348	0.116	0.132	0.308	0.49	0.529
ASV_89	3.75	14.996	0.0538997371843474	0.0776619869107801	NotSig	0.783	0.058	0.544	0.078	0.056	0.16	0.561	3.269	3.165	0.691	0.075	0.619	0.117	0.067	0.009	0.248	0.002	0.005	0.002	0.005	0.022	0.005	0.228	0.094	0.012	0.066
ASV_94	3.215	13.743	0.000521786811477628	0.00367997014410538	Enriched	0.603	0.065	0.235	0.262	0.646	0.367	0.172	0.575	0.913	0.333	0.351	1.371	1.08	0.935	0.137	0.005	0.085	0.238	0.022	0.034	0.053	0.041	0.079	0.012	0.021	0.052
ASV_108	0.045	14.543	0.973580837534156	0.973580837534156	NotSig	0.236	0.229	0.041	0.033	0.023	0.036	0.172	0.894	0.078	0.037	0.038	0.769	0.632	0.08	0.014	0.045	0	0.003	0.005	0.016	0.145	2.387	0.041	0.057	0.024	0.011
ASV_81	-1.476	12.774	0.0139089421242357	0.0286738191484245	Depleted	0.117	0.326	0.018	0.021	0.044	0.028	0.514	0.502	0.053	0.037	0.045	0.085	0.052	0.005	0.347	0.108	0.146	0.598	0.7	0.31	0.244	0.466	0.185	0.108	0.493	0.201
ASV_107	5.325	12.317	0.000302526568648289	0.00270257067992472	Enriched	0.239	0.006	0.037	0.066	0.049	0.51	0.385	0.254	0.311	0.403	0.236	0.272	0.278	0.065	0.012	0.005	0.002	0	0.027	0.003	0	0	0.003	0.01	0.003	0.007
ASV_69	-8.111	15.023	0.0349502311372794	0.0563054626170963	Depleted	0.003	0.894	0	0.005	0.002	0.006	0	0	0	0.012	0	0	0.009	0.005	0.009	0.008	0.012	0.013	0.703	3.22	1.779	1.607	0.018	0.015	3.33	0.014
ASV_84	0.143	12.559	0.857647286783079	0.897849503351036	NotSig	0.116	0.105	0.021	0.017	0.081	0.138	0.298	0.227	0.011	0.362	0	0.013	0.217	0.005	0.012	0.118	0.005	0.038	0.072	0.162	0.603	0.089	0.005	0.025	0.06	0.07
ASV_101	3.304	14.053	0.000387847287637945	0.00324313834164527	Enriched	0.677	0.069	0.431	0.312	0.634	0.403	1.022	0.58	1.7	0.244	0.223	0.883	0.8	0.89	0.045	0.005	0.034	0.102	0.097	0.053	0.109	0.111	0.073	0.103	0.042	0.047
ASV_867	-2.158	13.091	0.00233397001363974	0.00947733278265833	Depleted	0.084	0.375	0.018	0.007	0.051	0.119	0.106	0.047	0.269	0.134	0.058	0.039	0.068	0.092	0.458	0.873	0.332	0.235	0.239	0.477	0.364	0.133	0.264	0.185	0.851	0.088
ASV_75	-2.547	11.918	1.63597170555254e-05	0.000548050521360102	Depleted	0.037	0.218	0.018	0.007	0.007	0.008	0.083	0.094	0.017	0.016	0.03	0.131	0.029	0.007	0.29	0.13	0.225	0.215	0.137	0.387	0.222	0.164	0.134	0.106	0.37	0.237
ASV_79	-3.752	13.349	0.00320525951054257	0.0113027572213869	Depleted	0.024	0.328	0.012	0.005	0.021	0.011	0.043	0.033	0.064	0.033	0.008	0.048	0.002	0.012	0.297	0.461	0.173	0.246	0.229	0.127	0.258	0.06	0.188	0.163	0.687	1.044
ASV_86	-4.832	12.906	5.9994866401222e-05	0.00148444351082756	Depleted	0.013	0.364	0.005	0.002	0.007	0.003	0.073	0.013	0.003	0.004	0.01	0.011	0	0.022	0.486	0.564	0.117	0.384	0.396	0.276	0.355	0.767	0.476	0.18	0.272	0.093
ASV_92	3.25	13.343	0.0529501397361852	0.077123029615748	NotSig	0.229	0.024	0.009	0.014	0.007	0.609	0.007	1.039	0.014	0.024	0.313	0.244	0.041	0.424	0.017	0	0.007	0.013	0.007	0.18	0.031	0.005	0.01	0.007	0.006	0.005
ASV_134	-5.793	14.44	0.144414412817275	0.179180845532545	NotSig	0.005	0.294	0.002	0.014	0.002	0.006	0.01	0.002	0.003	0	0	0.015	0.009	0	0.026	0.04	0.662	0.066	2.223	0.042	0.024	0.036	0.023	0.315	0.027	0.043
ASV_113	0.735	12.559	0.0841178688042757	0.111601924948247	NotSig	0.293	0.176	0.394	0.437	0.086	0.488	0.235	0.058	0.129	0.333	0.454	0.17	0.124	0.603	0.019	0.038	0.134	0.253	0.12	0.082	0.348	0.405	0.15	0.062	0.182	0.319
ASV_114	-0.709	12.083	0.0622538014302525	0.0851225448127942	NotSig	0.141	0.231	0.053	0.04	0.17	0.091	0.149	0.285	0.16	0.138	0.098	0.305	0.084	0.122	0.09	0.434	0.124	0.092	0.381	0.048	0.164	0.229	0.383	0.222	0.236	0.368
ASV_78	-2.044	13.946	0.146915710480764	0.180611974352498	NotSig	0.066	0.272	0.018	0.009	0.007	0.017	0.149	0.056	0.006	0	0	0.031	0.276	0.222	0.571	0.113	0.027	0.051	0.479	0.082	0.053	1.578	0.165	0.062	0.072	0.007
ASV_131	2.361	13.757	0.0513881406609538	0.0759823043355364	NotSig	0.363	0.071	1.083	0.116	0.023	0.102	0.05	0.076	0.014	0.659	0.303	0.44	1.385	0.102	0.007	0.015	0.044	0.005	0.057	0.366	0.041	0.265	0.008	0.002	0.021	0.016
ASV_109	2.452	13.519	0.010784198173579	0.025524929634084	Enriched	0.32	0.058	0.38	0.359	0.135	0.102	1.174	0.062	0.28	0.301	0.316	0.054	0.37	0.302	0.024	0.058	0.068	0.041	0.045	0.042	0.056	0.024	0.053	0.086	0.078	0.127
ASV_127	6.731	14.107	0.0133038187551854	0.0278548705186695	Enriched	0.604	0.006	1.765	1.298	0.06	0.157	0.03	0.054	0.05	0.008	1.246	1.576	0.029	0.972	0	0	0	0	0.007	0.037	0.005	0	0	0	0.003	0.016
ASV_104	-3.314	12.734	0.000116721884651059	0.00170065166065122	Depleted	0.028	0.281	0.012	0.002	0.042	0.069	0.066	0.018	0.031	0.053	0.005	0.002	0.029	0.01	0.104	0.293	0.171	0.246	0.416	0.681	0.261	0.212	0.203	0.239	0.367	0.178
ASV_552	0.935	14	0.284070770685359	0.336862683821577	NotSig	0.31	0.162	0.023	0.019	0.297	0.356	0.401	0.401	1.639	0.285	0.048	0.083	0.126	0.047	0.057	0.128	0.171	0.123	0.167	0.151	0.154	0.487	0.144	0.177	0.125	0.063
ASV_164	0.189	12.165	0.590183959843142	0.636785524492605	NotSig	0.21	0.184	0.203	0.255	0.353	0.163	0.269	0.109	0.459	0.089	0.15	0.161	0.147	0.157	0.087	0.456	0.066	0.194	0.232	0.27	0.104	0.145	0.109	0.335	0.042	0.167
ASV_112	-6.661	13.993	0.00692729116462546	0.0185651403211962	Depleted	0.005	0.546	0.009	0.007	0.007	0.003	0.017	0	0	0	0.008	0.002	0	0.012	0.274	0.808	0.01	0.015	0.237	0.331	0.888	0.516	0.025	0.264	1.631	1.557
ASV_133	-5.137	14.506	0.123190428039367	0.158726128435339	NotSig	0.009	0.329	0.012	0.009	0.009	0.008	0.01	0.004	0.006	0	0.01	0.011	0.02	0.012	0.64	0.013	0.01	2.327	0.01	0.019	0.48	0.005	0.22	0.2	0.003	0.025
ASV_98	-4.651	12.802	0.0117127871785174	0.0261585580320223	Depleted	0.01	0.259	0.009	0.005	0.002	0.008	0	0	0	0.008	0.05	0.009	0.025	0.007	0.25	0.003	0.01	0.673	0.032	0.003	0.714	0.347	0.01	0.096	0.681	0.294
ASV_275	2.948	13.801	0.00411403162044963	0.0137820059285062	Enriched	0.49	0.063	0.088	0.142	0.293	0.728	0.219	0.816	0.543	0.858	0.514	1.428	0.102	0.15	0.083	0.028	0.032	0.113	0.072	0.199	0.113	0.029	0.033	0.02	0.012	0.029
ASV_110	-2.071	12.663	0.0106312714948621	0.025524929634084	Depleted	0.056	0.236	0.032	0.002	0.016	0.052	0.056	0.051	0.176	0.041	0.115	0.041	0.045	0.045	0.014	0.238	0.186	0.368	0.017	0.334	0.106	0.456	0.015	0.091	0.361	0.648
ASV_87	-2.545	13.44	0.0513446988806447	0.0759823043355364	NotSig	0.041	0.241	0.005	0.002	0.005	0.063	0.033	0.009	0.174	0.012	0.15	0.017	0.016	0.01	0.05	0.035	0.173	0.051	0.037	0.185	0.311	0.492	0.058	0.025	1.111	0.368
ASV_124	3.322	13.463	0.000126116946535224	0.00170065166065122	Enriched	0.564	0.056	0.479	0.203	0.311	0.334	0.69	0.582	0.35	0.309	0.78	1.129	1.125	0.481	0.017	0.005	0.022	0.038	0.025	0.095	0.101	0.287	0.02	0.002	0.03	0.034
ASV_99	-5.246	13.626	0.0160835258715158	0.0326544313148956	Depleted	0.01	0.364	0.012	0.012	0.012	0.006	0.017	0.013	0.003	0.008	0.013	0.007	0.005	0.01	0.014	0.033	0.027	0.307	0.027	0.122	0.893	1.264	0.038	0.153	0.774	0.712
ASV_118	6.441	14.766	0.0222879426647916	0.0409121139326312	Enriched	0.764	0.009	0.12	0.35	1.345	2.705	0.391	0.346	0.49	2.785	0.171	0.028	0.305	0.135	0.012	0.003	0.005	0.01	0.01	0.016	0.007	0.01	0.008	0.002	0.003	0.02
ASV_97	-0.726	11.966	0.135878043614679	0.170165026582869	NotSig	0.101	0.167	0.129	0.033	0.028	0.041	0.335	0.096	0.05	0.069	0.148	0.098	0.106	0.08	0.078	0.075	0.071	0.189	0.085	0.4	0.142	0.116	0.073	0.394	0.266	0.117
ASV_105	7.778	15.327	0.0670132727182229	0.0897977854424187	NotSig	0.741	0.003	0.355	0.523	2.504	0.008	4.109	0.138	0.017	0.439	0.283	0.011	0.215	0.289	0	0	0.002	0.005	0.002	0.019	0	0.01	0	0	0	0.002
ASV_96	-2.983	12.497	0.000899233350109064	0.00523901169193977	Depleted	0.028	0.225	0.104	0.035	0.007	0	0.02	0.029	0.003	0.004	0.035	0.026	0.063	0.015	0.073	0.15	0.161	0.176	0.127	0.257	0.471	0.092	0.578	0.217	0.242	0.154
ASV_137	-1.155	12.512	0.0326362964810089	0.0533324844933561	Depleted	0.088	0.196	0.014	0.021	0.107	0.058	0.083	0.163	0.109	0.053	0.12	0.144	0.095	0.09	0.236	0.073	0.132	0.038	0.279	0.146	0.292	0.584	0.086	0.123	0.099	0.264
ASV_143	0.706	12.715	0.105239827571242	0.138256244064181	NotSig	0.232	0.142	0.113	0.092	0.137	0.13	0.219	0.234	0.672	0.216	0.188	0.44	0.156	0.192	0.227	0.183	0.051	0.069	0.077	0.064	0.121	0.275	0.205	0.185	0.093	0.16
ASV_115	0.417	12.722	0.435173336675163	0.481927496813817	NotSig	0.209	0.157	0.048	0.033	0.139	0.108	0.206	0.212	0.305	0.094	0.286	0.676	0.258	0.147	0.255	0.01	0.049	0.12	0.05	0.17	0.307	0.528	0.035	0.02	0.14	0.197
ASV_129	-1.096	11.767	0.00645506636696313	0.0184038062377247	Depleted	0.09	0.192	0.124	0.196	0.072	0.03	0.126	0.025	0.045	0.167	0.083	0.009	0.041	0.16	0.087	0.349	0.239	0.087	0.169	0.284	0.331	0.14	0.137	0.121	0.266	0.093
ASV_1446	-1.686	11.907	0.00016114310032137	0.00171845382601773	Depleted	0.07	0.224	0.046	0.028	0.072	0.039	0.05	0.091	0.151	0.028	0.09	0.089	0.095	0.055	0.352	0.334	0.09	0.271	0.167	0.082	0.198	0.152	0.233	0.177	0.248	0.384
ASV_122	-2.054	12.457	0.0259397431890947	0.0445631485556242	Depleted	0.051	0.214	0.012	0	0.002	0.003	0.007	0.007	0.008	0.004	0.008	0.002	0.562	0.002	0.068	0.008	0.034	0.008	0.197	0.249	0.217	0.504	0.18	0.286	0.502	0.31
ASV_103	0.444	14.033	0.656831403943707	0.693034709672887	NotSig	0.368	0.271	0	0.005	0.323	1.676	0.143	0.025	0.7	1.525	0.008	0.007	0.002	0.007	0.007	0.003	0.01	0.005	0.498	0.379	0.082	0.362	0.005	0.005	1.496	0.398
ASV_102	0.805	12.816	0.130253039926774	0.164659503303658	NotSig	0.28	0.16	0.472	0.312	0.29	0.281	0.584	0.042	0.092	0.525	0.308	0.068	0.14	0.242	0.229	0.068	0.188	0.721	0.102	0.029	0.273	0.041	0.025	0.118	0.084	0.043
