ID	log2FC	log2CPM	PValue	FDR	level	MeanA	MeanB	L36	L37	L38	L39	L70	L73	L76	L77	L91	L92	L93	H60	H61	H62	H63	H64	H66	H67	H68	H79	H94	H95	H96
ASV_1	0.244	17.901	0.816205871220044	0.906972472121503	NotSig	4.337	3.662	6.456	0.436	7.462	0.466	17.455	0.198	0.152	0.284	14.224	0.266	0.314	0.125	5.209	24.469	0.136	0.167	0.079	0.109	0.133	0.641	0.14	0.735	11.998
ASV_2	0.381	17.478	0.437386374312956	0.636307922153328	NotSig	6.866	5.274	8.177	6.908	13.346	5.041	7.712	2.622	5.021	0.281	18.258	4.008	4.149	2.304	4.895	12.776	1.504	14.555	0.17	4.663	5.586	0.243	5.333	3.969	7.29
ASV_3	0.16	17.313	0.741971876736578	0.848965988598239	NotSig	5.581	4.994	5.726	3.95	4.405	6.461	0.264	16.285	2.768	3.833	2.46	8.849	6.385	0.569	12.607	5.256	0.21	8.264	2.547	0.512	2.715	9.598	2.838	9.889	4.925
ASV_11	-3.499	16.15	0.00559568664645733	0.113778961811299	Depleted	0.215	2.428	0.124	0.107	0.042	0.11	0.07	0.385	0.193	0.388	0.005	0.16	0.778	3.165	4.627	0.105	1.829	0.06	0.352	3.357	0.396	4.291	7.272	2.592	1.087
ASV_8	1.678	16.191	0.208069915797214	0.485934614079293	NotSig	1.502	0.469	0.042	0.087	0.107	0.08	0.108	0.628	7.479	1.845	0.062	4.345	1.736	0.017	0.013	0.061	0.059	0.015	1.579	0.113	3.516	0.061	0.015	0.111	0.072
ASV_10	-0.537	15.472	0.449987345007946	0.646482229227849	NotSig	1.092	1.585	0.066	0.084	0.083	2.68	0.073	4.117	1.559	1.55	0.049	0.918	0.832	4.544	0.115	0.071	3.174	0.077	3.731	2.146	1.076	3.556	0.049	0.433	0.045
ASV_1385	-1.147	16.952	0.215627314595778	0.485934614079293	NotSig	2.074	4.594	0.095	0.1	0.083	0.059	0.136	0.176	11.669	4.902	0.062	3.801	1.736	12.579	7.346	0.168	10.363	0.1	0.167	0.092	0.082	11.245	12.679	0.164	0.138
ASV_6	1.03	9.993	0.189436947649848	0.469502615319678	NotSig	0.029	0.014	0.05	0.007	0.042	0	0.005	0.003	0.005	0.102	0.053	0.01	0.044	0	0	0.002	0.031	0.04	0.016	0.029	0	0.003	0.005	0.003	0.043
ASV_4	3.346	16.838	0.00299273172754126	0.100642801360232	Enriched	5.132	0.505	2.52	4.27	6.138	11.713	10.318	1.325	1.638	6.868	1.145	1.297	9.221	0.352	0.008	1.011	0.88	0.03	0.021	0.229	0.685	0.046	0.027	1.317	1.45
ASV_7	-0.714	16.262	0.343502736521295	0.553017394709784	NotSig	1.253	2.055	0.285	0.043	0.413	6.063	0.048	0.893	1.482	1.864	0.025	1.263	1.404	4.412	0.622	0.083	7.857	0.045	2.003	1.726	1.725	0.735	2.68	0.355	2.417
ASV_9	-0.106	15.973	0.87496496342037	0.928761556687688	NotSig	1.336	1.437	6.432	0.301	0.526	0.29	1.124	1.197	0.173	2.112	0.629	1.16	0.746	0.104	2.132	2.402	0.294	0.897	0.753	0.7	1.301	4.316	1.249	2.347	0.752
ASV_14	1.141	14.789	0.237437374342595	0.485934614079293	NotSig	0.634	0.288	0.079	0.032	0.044	0.04	0.736	1.035	2.831	1.132	0.086	0.945	0.015	0.755	0.143	0.032	0.164	0.067	0.318	0.036	1.24	0.056	0.012	0.349	0.278
ASV_15	0.398	15.436	0.582498833013158	0.73414109119427	NotSig	1.2	0.911	0.203	3.651	1.92	1.811	0.332	0.053	0.027	0.055	4.434	0.67	0.049	0.564	0.161	0.271	0.468	0.294	1.264	1.757	2.172	0.53	1.685	1.302	0.463
ASV_13	1.232	15.954	0.044308833211039	0.229054137785879	NotSig	2.865	1.22	4.851	2.045	3.733	6.346	0.651	1.194	2.142	1.347	0.96	5.38	2.865	0.061	0.186	0.151	0.069	1.146	5.239	2.428	0.668	0.367	0.229	3.796	0.296
ASV_21	0.737	15.698	0.248596111696622	0.485934614079293	NotSig	1.611	0.967	0.598	5.315	1.257	1.176	1.594	0.558	1.005	0.38	3.459	1.165	1.21	0.238	0.083	2.004	0.256	2.29	0.252	2.573	2.647	0.408	0.451	0.161	0.235
ASV_19	-1.035	14.542	0.0263314950496775	0.206429818100269	NotSig	0.675	1.383	0.685	1.511	0.028	0.091	2.385	0.24	0.74	0.311	0.023	0.987	0.422	2.273	0.339	1.465	0.775	1.079	0.999	1.204	1.704	2.263	1.798	0.451	2.243
ASV_12	-1.044	15.993	0.353568498257075	0.553017394709784	NotSig	0.656	1.353	0.04	0.018	0.014	0.026	0.015	3.783	1.735	0.895	0.13	0.473	0.091	0.024	2.132	5.243	0.57	0.032	0.037	0.022	0.048	0.973	0.539	0.099	6.52
ASV_17	-3.24	14.74	0.00259731937283919	0.100642801360232	Depleted	0.125	1.184	0.037	0.062	0.014	0.068	0.028	0.232	0.094	0.229	0.009	0.094	0.513	1.671	2.199	0.044	0.893	0.025	0.175	1.861	0.287	2.038	2.737	1.613	0.662
ASV_20	-0.473	14.644	0.401356816045518	0.606009053930114	NotSig	0.643	0.892	1.136	0.429	1.15	0.787	0.862	0.815	0.561	0.364	0.016	0.559	0.393	0.626	1.883	0.037	0.258	2.56	0.053	0.948	0.186	1.751	2.111	0.194	0.097
ASV_29	-0.69	14.486	0.213543649048542	0.485934614079293	NotSig	0.589	0.95	0.925	0.459	0.981	0.607	0.772	0.764	0.532	0.41	0.06	0.564	0.405	0.864	2.109	0.032	0.412	2.295	0.098	1.033	0.162	1.959	2.099	0.248	0.09
ASV_22	-0.331	14.351	0.641851047064532	0.776843529185247	NotSig	0.523	0.658	0.024	0.032	0.03	1.31	0.04	2.089	0.658	0.771	0.023	0.428	0.351	1.735	0.043	0.032	1.166	0.017	1.669	1.028	0.538	1.473	0.017	0.155	0.025
ASV_23	0.304	14.598	0.486400593036733	0.660734088827385	NotSig	0.955	0.773	0.385	2.481	1.319	1.567	0.556	0.332	0.619	0.319	1.981	0.241	0.7	0.64	1.299	0.376	0.223	0.648	0.323	0.606	0.849	0.996	1.025	0.932	1.36
ASV_16	-0.165	16.749	0.909752477666869	0.937413870568902	NotSig	0.94	1.054	0.087	0.226	4.025	1.567	1.825	0.039	0.031	1.906	0.555	0.057	0.02	0.017	0.033	0.029	0.033	0.312	11.011	0.097	1.014	0.003	0.01	0.033	0.054
ASV_28	-0.541	14.104	0.288360643971398	0.505459749490095	NotSig	0.52	0.757	0.706	0.379	0.795	0.647	0.55	0.901	0.479	0.336	0.03	0.519	0.376	0.699	1.608	0.037	0.376	1.685	0.146	0.883	0.2	1.488	1.761	0.137	0.061
ASV_25	0.444	15.575	0.505974719326989	0.670966475629268	NotSig	1.398	1.028	0.1	4.37	1.148	1.335	3.26	0.48	1.619	1.314	0.618	0.059	1.08	0.897	0.04	0.193	0.951	0.399	0.443	0.886	0.603	4.881	0.929	0.314	1.801
ASV_30	2.031	12.71	0.142622524911107	0.406092539116364	NotSig	0.121	0.03	0.034	0.112	0.016	0.009	0.106	0.006	0.67	0.063	0.032	0.123	0.155	0.042	0.008	0.01	0.036	0.022	0.019	0.051	0.043	0.025	0.005	0.03	0.063
ASV_26	-0.038	14.391	0.894010477749519	0.935444084529686	NotSig	1.052	1.08	0.322	2.013	1.027	1.745	0.649	0.391	1.277	1.151	1.037	0.569	1.394	1.211	0.923	0.781	0.918	0.8	0.771	1.414	1.207	0.831	0.522	1.434	2.148
ASV_24	0.468	14.285	0.207644669350835	0.485934614079293	NotSig	1.002	0.724	0.878	0.479	0.691	0.246	0.638	1.771	0.952	1.997	0.484	1.317	1.566	0.198	1.058	0.63	0.335	0.64	1.079	1.419	0.678	0.403	0.485	1.404	0.361
ASV_27	-1.113	15.807	0.350274932257201	0.553017394709784	NotSig	0.477	1.032	0.008	0.025	0.021	1.581	0.038	0.315	0.564	2.115	0.016	0.044	0.518	5.734	0.068	0.059	3.65	0.067	1.852	0.007	0.724	0.182	0.005	0.012	0.02
ASV_119	0.088	14.153	0.82952209920068	0.908299973822439	NotSig	0.734	0.691	0.92	0.73	1.363	0.415	0.9	0.483	0.393	0.094	1.701	0.492	0.582	0.458	0.923	0.771	0.299	1.822	0.106	0.76	0.584	0.071	1.195	0.475	0.822
ASV_157	-0.325	14.099	0.240576688405377	0.485934614079293	NotSig	0.661	0.828	0.691	0.687	0.461	0.389	0.41	0.672	0.424	0.958	0.479	0.844	1.254	0.746	0.808	0.254	1.754	1.121	0.525	0.804	0.927	0.408	0.889	1.012	0.685
ASV_34	0.587	8.728	0.190435237369503	0.469502615319678	NotSig	0.021	0.014	0.037	0.037	0.028	0.007	0.008	0.014	0.01	0.017	0.032	0.032	0.01	0	0.013	0.002	0.015	0.022	0.042	0.012	0.005	0.01	0.007	0.006	0.032
ASV_32	-0.655	14.131	0.0641120422787819	0.288231909952049	NotSig	0.559	0.88	0.554	0.977	0.83	0.333	0.719	0.162	0.467	0.463	0.775	0.33	0.538	0.406	0.303	0.586	1.437	1.401	1.794	0.748	0.62	0.542	0.458	1.425	0.84
ASV_31	-1.418	14.744	0.269780405044745	0.492712715800283	NotSig	0.219	0.585	0.055	0.025	0.009	0.019	0.023	1.085	0.186	0.006	0.005	0.182	0.813	0.012	0.003	0.022	0	0.007	0.048	2.078	0.048	0.025	0.037	2.745	1.99
ASV_37	-0.163	9.654	0.641745244014438	0.776843529185247	NotSig	0.031	0.034	0.055	0.014	0.009	0.023	0.028	0.045	0.055	0.044	0.037	0.01	0.017	0.017	0.043	0.081	0.026	0.032	0.024	0.022	0.039	0.015	0.034	0.063	0.018
ASV_38	-0.376	14.078	0.47903219543826	0.660734088827385	NotSig	0.601	0.779	1.329	0.399	0.139	0.084	0.216	1.534	0.463	1.65	0.518	0.111	0.164	0.314	1.475	1.457	1.729	0.404	0.737	0.249	0.451	0.134	0.631	1.475	0.296
ASV_39	-0.214	13.65	0.887757742198494	0.935444084529686	NotSig	0.123	0.142	0.021	0.041	0.051	0.061	0.008	0.045	0.017	0.994	0.009	0.049	0.054	0.009	0.003	0.032	0.018	0.017	1.285	0.058	0.249	0.003	0	0.03	0.005
ASV_40	2.287	15.965	0.287025813016296	0.505459749490095	NotSig	0.862	0.177	0.021	0.335	6.395	0.047	0.048	0.039	0.036	0.058	2.376	0.054	0.074	0.007	1.991	0.022	0	0.022	0.019	0.019	0.014	0	0.01	0.003	0.011
ASV_1214	-0.424	14.053	0.264493024035641	0.492408517640133	NotSig	0.492	0.66	0.345	0.408	0.721	0.199	0.52	0.184	0.836	0.256	1.002	0.448	0.491	0.954	1.001	0.561	0.683	0.892	0.212	0.396	0.316	0.525	1.7	0.251	0.429
ASV_57	-0.487	10.449	0.285253490554579	0.505459749490095	NotSig	0.047	0.066	0.045	0.041	0.007	0.033	0.02	0.011	0.14	0.039	0.021	0.121	0.044	0.137	0.055	0.068	0.107	0.022	0.037	0.036	0.022	0.094	0.121	0.063	0.034
ASV_48	1.788	13.592	0.00390920084207428	0.100642801360232	Enriched	0.476	0.138	0.258	0.31	0.311	0.251	0.264	0.516	0.282	0.722	0.435	0.657	1.235	0.035	0.176	0.195	0.077	0.097	0.093	0.14	0.138	0.106	0.217	0.137	0.244
ASV_46	0.566	13.383	0.321097578858793	0.542519633100731	NotSig	0.388	0.262	0.05	0.436	0.262	1.068	0.101	0.064	0.402	0.452	0.137	0.485	0.808	0.295	0.018	0.015	0.092	0.057	0.204	0.507	0.297	0.137	0.333	0.227	0.962
ASV_42	-0.574	13.926	0.183158813983507	0.469502615319678	NotSig	0.469	0.698	0.237	1.077	0.329	0.426	0.641	0.346	0.47	0.229	0.597	0.478	0.331	1.376	0.281	0.293	0.233	0.7	0.212	1.557	1.467	0.806	0.426	0.791	0.239
ASV_35	0.55	14.012	0.254224901115841	0.485934614079293	NotSig	0.568	0.388	0.422	0.308	0.248	0.117	0.747	0.644	0.214	1.652	0.356	0.867	0.67	0.222	0.188	0.688	0.98	0.09	0.215	0.524	0.147	0.284	0.234	0.415	0.666
ASV_45	0.346	9.535	0.673226235551902	0.792795373912472	NotSig	0.018	0.014	0.026	0.057	0.002	0.002	0	0.011	0	0.008	0.012	0.059	0.017	0.005	0.005	0	0.015	0.027	0.074	0.005	0.002	0.003	0.022	0	0.009
ASV_33	0.599	14.663	0.254916518861268	0.485934614079293	NotSig	0.867	0.572	0.791	0.313	0.659	0.827	0.166	2.594	0.66	0.573	0.229	1.172	1.551	0.283	0.334	0.249	0.343	0.695	1.826	0.304	0.372	1.059	0.584	0.57	0.246
ASV_52	-1.305	13.632	0.00461966957063359	0.100642801360232	Depleted	0.219	0.542	0.166	0.329	0.074	0.169	0.226	0.148	0.164	0.358	0.285	0.091	0.405	0.592	0.356	0.183	0.558	0.725	0.347	0.878	1.269	0.276	0.318	0.326	0.678
ASV_36	1.16	7.94	0.1501100266291	0.416214164744323	NotSig	0.008	0.004	0.013	0.007	0.019	0	0	0	0	0.011	0.005	0.007	0.025	0	0	0	0.003	0.01	0.005	0.014	0	0	0	0.003	0.007
ASV_56	2.038	12.55	0.011166425223134	0.159944037366638	Enriched	0.283	0.069	0.111	0.03	0.392	0.052	0.46	0.6	0.472	0.54	0.019	0.194	0.245	0.024	0.01	0.017	0.184	0.012	0.098	0.007	0.417	0.01	0.005	0.024	0.018
ASV_47	-0.788	13.172	0.0394338017296704	0.211005430307885	NotSig	0.29	0.5	0.264	0.397	0.255	0.558	0.329	0.165	0.429	0.085	0.465	0.074	0.164	0.923	0.278	0.178	0.803	0.91	0.196	0.405	0.611	0.674	0.542	0.2	0.28
ASV_120	-0.803	14.368	0.129947541561696	0.402066841522308	NotSig	0.384	0.67	0.335	0.762	0.264	0.068	0.266	0.173	0.272	1.305	0.4	0.185	0.191	0.444	0.838	0.327	0.801	0.449	0.111	0.611	0.695	0.461	0.798	2.115	0.386
ASV_60	-1.14	13.2	0.0491009551431988	0.245504775715994	NotSig	0.186	0.411	0.071	0.144	0.053	0.091	0.312	0.159	0.029	0.162	0.079	0.071	0.879	0.545	0.509	0.088	0.21	0.371	0.132	0.362	0.053	0.365	0.941	0.6	0.752
ASV_54	2.84	14.633	0.00785080435365795	0.14085266634504	Enriched	1.029	0.144	2.162	0.1	0.137	0.387	0.085	2.541	1.067	1.203	0.379	1.357	1.898	0.125	0.028	0.02	0.046	0.147	0.101	0.319	0.174	0.39	0.239	0.122	0.014
ASV_50	0.892	15.565	0.468557010689677	0.658570913642173	NotSig	0.967	0.521	4.848	1.303	0.496	0.026	0.84	0.036	0.002	0.028	3.022	0.03	0.002	0.033	0.028	1.152	0.013	4.444	0.029	0.048	0.022	0.018	0.399	0.048	0.016
ASV_68	-2.219	14.721	0.246383137391862	0.485934614079293	NotSig	0.082	0.381	0.021	0.014	0.007	0.03	0.008	0.006	0.024	0.496	0.014	0.234	0.047	0.12	0.013	0.002	0.143	0.017	1.436	0.034	2.7	0.02	0.027	0.024	0.032
ASV_44	-0.452	13.525	0.24262403046428	0.485934614079293	NotSig	0.384	0.525	0.854	0.185	0.199	0.096	0.171	0.837	0.214	0.658	0.259	0.364	0.383	0.236	0.74	1.179	0.458	0.591	0.821	0.27	0.268	0.261	0.374	0.705	0.398
ASV_218	-0.532	13.421	0.328985412449898	0.544777736237776	NotSig	0.234	0.338	0.535	0.148	0.376	0.173	0.362	0.226	0.284	0.091	0.023	0.244	0.108	0.269	0.607	0.022	0.171	1.097	0.056	0.34	0.278	0.264	0.744	0.137	0.07
ASV_41	1.948	15.429	0.0435451635589949	0.228987498025749	NotSig	1.113	0.289	0.957	0.447	0.967	1.035	0.219	4.41	0.718	0.65	0.349	0.707	1.787	0.151	0.07	0.188	0.143	0.429	1.033	0.176	0.198	0.393	0.33	0.266	0.086
ASV_43	1.101	13.75	0.0153701688878394	0.188105566974216	Enriched	0.647	0.302	0.293	0.374	0.575	1.377	0.287	0.65	1.038	0.672	0.201	0.68	0.972	0.156	0.063	0.225	0.159	0.162	0.424	0.5	0.43	0.119	0.047	0.684	0.653
ASV_1390	-0.653	12.908	0.0251258351591992	0.206429818100269	NotSig	0.255	0.4	0.227	0.171	0.39	0.22	0.287	0.279	0.205	0.151	0.317	0.271	0.285	0.578	0.489	0.146	0.45	0.578	0.278	0.43	0.389	0.276	0.769	0.128	0.294
ASV_65	1.662	13.999	0.0661617393556232	0.29245406526761	NotSig	0.553	0.175	0.424	0.242	1.016	0.054	0.515	1.052	0.007	0.069	0.012	1.637	1.053	0.172	0.025	0	0.051	0.002	0.04	0.012	0.111	1.105	0.495	0.012	0.07
ASV_77	-0.978	13.451	0.00457345429688108	0.100642801360232	Depleted	0.31	0.61	0.519	0.052	0.014	0.012	0.649	0.248	0.219	0.317	0.379	0.409	0.592	0.673	0.514	0.488	0.875	0.708	0.395	0.712	1.12	0.317	0.65	0.466	0.409
ASV_62	-1.516	14.167	0.021927339438509	0.206429818100269	NotSig	0.224	0.642	0.169	0.062	0.355	0.539	0.058	0.404	0.164	0.061	0.053	0.414	0.191	0.387	1.061	0.051	0.136	0.027	0.416	0.307	0.794	0.915	0.751	1.018	1.839
ASV_55	-0.547	13.337	0.0990446675219113	0.377607794927287	NotSig	0.31	0.453	0.116	0.63	0.32	0.602	0.279	0.112	0.265	0.245	0.169	0.305	0.366	0.448	0.492	0.217	0.335	0.321	0.223	0.543	0.536	0.449	0.256	0.579	1.035
ASV_51	0.545	13.491	0.190879751802099	0.469502615319678	NotSig	0.498	0.341	0.261	0.283	0.29	0.752	0.103	0.402	0.443	1.151	0.255	0.943	0.597	0.13	0.243	0.332	0.338	0.262	0.382	0.627	0.236	0.094	0.153	0.735	0.565
ASV_49	-1.07	13.721	0.36174069234596	0.562912812068968	NotSig	0.156	0.328	0.024	0.014	0.007	0.016	0.008	0.695	0.113	0.011	0.005	0.13	0.695	0.007	0	0.012	0.003	0.002	0.034	1.214	0.022	0.028	0.025	1.35	1.236
ASV_61	0.232	12.738	0.43029341761968	0.634007209536244	NotSig	0.361	0.308	0.554	0.292	0.26	0.164	0.191	0.307	0.318	0.683	0.208	0.5	0.498	0.512	0.296	0.662	0.33	0.187	0.278	0.335	0.27	0.137	0.197	0.287	0.201
ASV_85	4.271	14.416	0.027186618255551	0.206429818100269	NotSig	0.625	0.032	2.185	0.096	0.023	0.047	1.209	0.073	1.691	0.438	0.023	0.835	0.255	0.026	0.003	0.01	0.01	0.01	0.204	0.056	0.014	0.025	0.007	0.012	0.011
ASV_965	-1.626	14.754	0.123203821890374	0.402066841522308	NotSig	0.201	0.619	0.066	0.023	0.093	0.668	0.033	0.109	0.301	0.388	0.014	0.212	0.302	1.91	0.228	0.049	2.762	0.052	0.339	0.294	0.205	0.261	0.879	0.075	0.377
ASV_53	-0.776	13.272	0.0381884604289494	0.211005430307885	NotSig	0.32	0.547	0.322	0.308	0.332	0.105	0.339	0.223	0.482	0.085	0.599	0.367	0.354	0.791	0.236	0.085	0.509	0.989	0.824	0.929	0.777	0.471	0.148	0.526	0.282
ASV_67	-0.649	12.363	0.10620042438799	0.387009366398227	NotSig	0.155	0.243	0.1	0.192	0.086	0.101	0.126	0.059	0.169	0.229	0.109	0.17	0.368	0.444	0.133	0.251	0.527	0.1	0.164	0.34	0.256	0.413	0.121	0.09	0.081
ASV_64	-0.579	13.443	0.134461697820575	0.402066841522308	NotSig	0.302	0.452	0.134	0.568	0.336	0.691	0.224	0.12	0.294	0.231	0.192	0.187	0.349	0.33	0.534	0.188	0.307	0.274	0.223	0.697	0.598	0.378	0.18	0.597	1.114
ASV_71	1.599	13.897	0.0154184890962472	0.188105566974216	Enriched	0.703	0.232	0.256	1.312	1.526	1.099	1.342	0.162	0.557	0.069	0.616	0.293	0.508	0.142	0.038	0.176	0.156	0.187	0.034	0.688	0.565	0.117	0.273	0.081	0.332
ASV_63	-1.029	13.922	0.14013770008902	0.406092539116364	NotSig	0.223	0.455	0.203	0.6	0.16	0.098	0.023	0.139	0.014	0.653	0.315	0.044	0.201	0.406	1.552	0.076	0.038	0.446	0.212	0.034	0.386	1.049	0.82	0.284	0.154
ASV_82	-1.419	14.418	0.107129836042707	0.387009366398227	NotSig	0.201	0.537	0.037	0.331	0.026	0.576	0.259	0.209	0.2	0.162	0.104	0.219	0.086	1.185	0.91	0.112	0.059	0.117	0.342	0.06	0.391	2.19	0.158	0.869	0.052
ASV_100	-0.835	11.471	0.033189072253068	0.206429818100269	NotSig	0.076	0.135	0.04	0.1	0.056	0.199	0.053	0.053	0.089	0.066	0.056	0.049	0.074	0.146	0.11	0.024	0.092	0.042	0.085	0.118	0.169	0.284	0.126	0.182	0.244
ASV_76	0.311	12.185	0.352544553381094	0.553017394709784	NotSig	0.22	0.177	0.082	0.466	0.248	0.272	0.332	0.081	0.27	0.121	0.224	0.064	0.255	0.347	0.098	0.117	0.105	0.092	0.103	0.292	0.145	0.243	0.18	0.161	0.239
ASV_148	-0.717	11.349	0.00395693602450962	0.100642801360232	Depleted	0.116	0.19	0.063	0.228	0.118	0.126	0.121	0.073	0.111	0.11	0.074	0.126	0.123	0.248	0.261	0.076	0.253	0.12	0.106	0.232	0.169	0.22	0.192	0.155	0.251
ASV_59	-1.067	14.318	0.137488713997367	0.406092539116364	NotSig	0.247	0.518	0.211	0.082	0.308	0.012	0.45	0.293	0.041	0.151	0.176	0.534	0.462	0.994	0.033	0.19	0.043	0.137	0.753	2.042	0.524	0.388	0.227	0.633	0.255
ASV_90	-0.441	9.015	0.199409781376796	0.482698280316847	NotSig	0.017	0.023	0.029	0.016	0.009	0.009	0.025	0.003	0.017	0.03	0.016	0.012	0.02	0.021	0.02	0.015	0.038	0.01	0.016	0.039	0.022	0.015	0.052	0.009	0.02
ASV_73	0.365	12.351	0.231069088434353	0.485934614079293	NotSig	0.29	0.225	0.261	0.523	0.227	0.124	0.209	0.279	0.087	0.364	0.509	0.281	0.331	0.276	0.313	0.31	0.217	0.097	0.453	0.212	0.154	0.129	0.172	0.308	0.061
ASV_74	-0.449	9.12	0.72650694102991	0.845742813031002	NotSig	0.005	0.007	0.005	0.023	0.002	0	0	0.006	0.005	0.003	0	0.01	0	0	0.008	0.002	0.003	0	0.056	0.002	0	0	0	0.009	0
ASV_91	-0.115	13.093	0.864624954079159	0.922065073406096	NotSig	0.169	0.183	0.05	0.201	0.23	0.068	0.048	0.056	0.429	0.229	0.167	0.182	0.196	0.054	0.038	0.015	0.102	0.047	0.04	0.874	0.495	0.16	0.113	0.051	0.203
ASV_88	-0.446	12.169	0.130000479581923	0.402066841522308	NotSig	0.194	0.265	0.113	0.21	0.104	0.119	0.256	0.126	0.092	0.099	0.375	0.298	0.346	0.319	0.331	0.149	0.215	0.224	0.156	0.316	0.077	0.286	0.461	0.269	0.375
ASV_1277	-1.496	14.005	0.110189912290141	0.387009366398227	NotSig	0.145	0.409	0.042	0.025	0.06	0.501	0.025	0.167	0.157	0.289	0.009	0.14	0.177	1.235	0.155	0.022	1.645	0.027	0.405	0.302	0.241	0.155	0.498	0.048	0.172
ASV_83	1.454	11.994	0.0860427387943351	0.34990713776363	NotSig	0.136	0.05	0.005	0.05	0.012	0.141	0.138	0.114	0.19	0.218	0.007	0.367	0.255	0.017	0.008	0.01	0.013	0.005	0.048	0.408	0.041	0.033	0.01	0.003	0.002
ASV_70	-0.626	12.6	0.143741313388395	0.406092539116364	NotSig	0.166	0.256	0.082	0.141	0.032	0.077	0.103	0.137	0.152	0.207	0.194	0.379	0.322	0.621	0.158	0.063	0.519	0.364	0.159	0.265	0.212	0.17	0.057	0.311	0.176
ASV_72	0.046	7.124	0.959602820552976	0.975596200895525	NotSig	0.003	0.003	0	0.002	0	0.005	0.003	0.014	0.002	0	0	0.002	0.002	0	0.008	0.002	0	0	0	0	0.007	0	0.012	0.003	0
ASV_80	-0.388	13.617	0.42838282333929	0.634007209536244	NotSig	0.292	0.382	0.15	0.571	0.329	0.724	0.304	0.064	0.279	0.22	0.139	0.15	0.282	0.399	0.554	0.217	0.358	0.294	0.13	0.282	0.08	0.16	0.177	0.681	1.256
ASV_66	0.137	12.903	0.597522372193353	0.747869996146279	NotSig	0.345	0.314	0.264	0.52	0.383	0.766	0.314	0.232	0.439	0.231	0.13	0.273	0.241	0.267	0.258	0.3	0.371	0.336	0.366	0.446	0.302	0.195	0.202	0.334	0.384
ASV_135	-0.772	12.756	0.0737191342021172	0.308004601803366	NotSig	0.186	0.317	0.011	0.032	0.063	0.272	0.324	0.232	0.299	0.253	0.002	0.261	0.295	0.692	0.206	0.496	0.138	0.297	0.056	0.348	0.116	0.132	0.308	0.49	0.529
ASV_89	-1.347	11.278	0.239596093553989	0.485934614079293	NotSig	0.023	0.058	0.005	0.009	0.155	0.021	0.028	0.008	0.002	0.008	0.007	0	0.007	0.009	0.248	0.002	0.005	0.002	0.005	0.022	0.005	0.228	0.094	0.012	0.066
ASV_94	1.782	12.752	0.0358714110141451	0.206429818100269	NotSig	0.223	0.065	0.079	0.139	0.183	0.288	0.05	0.173	0.547	0.22	0.039	0.049	0.69	0.137	0.005	0.085	0.238	0.022	0.034	0.053	0.041	0.079	0.012	0.021	0.052
ASV_108	-0.287	14.543	0.860531979198008	0.920920188264535	NotSig	0.188	0.229	0.013	0.025	0.021	0.042	0.023	0.603	0.007	0.014	0.009	1.29	0.017	0.014	0.045	0	0.003	0.005	0.016	0.145	2.387	0.041	0.057	0.024	0.011
ASV_81	-0.753	12.774	0.0920040590274039	0.361766027601231	NotSig	0.193	0.326	0.179	0.507	0.183	0.126	0.422	0.028	0.347	0.061	0.088	0.062	0.123	0.347	0.108	0.146	0.598	0.7	0.31	0.244	0.466	0.185	0.108	0.493	0.201
ASV_107	5.739	12.921	0.000458902862276909	0.100642801360232	Enriched	0.318	0.006	0.029	0.005	0.362	0.298	0.367	0.374	0.289	0.408	0.261	0.332	0.776	0.012	0.005	0.002	0	0.027	0.003	0	0	0.003	0.01	0.003	0.007
ASV_69	-6.773	15.023	0.0357872811404847	0.206429818100269	NotSig	0.008	0.894	0.029	0.03	0.014	0.002	0	0.003	0.005	0	0	0.002	0.005	0.009	0.008	0.012	0.013	0.703	3.22	1.779	1.607	0.018	0.015	3.33	0.014
ASV_84	0.991	12.694	0.223757381543864	0.485934614079293	NotSig	0.208	0.105	0.011	0.014	0.146	0.023	0.023	0.497	0.663	0.297	0.023	0.293	0.304	0.012	0.118	0.005	0.038	0.072	0.162	0.603	0.089	0.005	0.025	0.06	0.07
ASV_101	0.104	10.798	0.771389720534518	0.868169242668	NotSig	0.074	0.069	0.124	0.178	0.074	0.047	0.113	0.053	0.041	0.025	0.067	0.027	0.061	0.045	0.005	0.034	0.102	0.097	0.053	0.109	0.111	0.073	0.103	0.042	0.047
ASV_867	-1.087	13.091	0.0387641872440875	0.211005430307885	NotSig	0.176	0.375	0.272	0.6	0.063	0.084	0.329	0.056	0.157	0.143	0.06	0.089	0.088	0.458	0.873	0.332	0.235	0.239	0.477	0.364	0.133	0.264	0.185	0.851	0.088
ASV_75	0.164	12.153	0.55459376131949	0.707745176579265	NotSig	0.244	0.218	0.119	0.292	0.292	0.201	0.284	0.187	0.455	0.226	0.396	0.162	0.074	0.29	0.13	0.225	0.215	0.137	0.387	0.222	0.164	0.134	0.106	0.37	0.237
ASV_79	-0.348	13.349	0.487426786839874	0.660734088827385	NotSig	0.258	0.328	0.111	0.555	0.311	0.665	0.266	0.047	0.246	0.138	0.155	0.165	0.174	0.297	0.461	0.173	0.246	0.229	0.127	0.258	0.06	0.188	0.163	0.687	1.044
ASV_86	-0.894	12.906	0.0193026502212396	0.206429818100269	NotSig	0.196	0.364	0.422	0.201	0.123	0.052	0.259	0.123	0.125	0.149	0.317	0.273	0.11	0.486	0.564	0.117	0.384	0.396	0.276	0.355	0.767	0.476	0.18	0.272	0.093
ASV_92	4.162	13.964	0.0339022444188652	0.206429818100269	NotSig	0.43	0.024	1.598	0.055	0.012	0.021	0.928	0.036	1.118	0.295	0.023	0.517	0.133	0.017	0	0.007	0.013	0.007	0.18	0.031	0.005	0.01	0.007	0.006	0.005
ASV_134	0.78	14.51	0.485335882758026	0.660734088827385	NotSig	0.505	0.294	2.333	0.705	0.292	0.009	0.55	0.025	0.022	0.03	1.56	0.02	0.007	0.026	0.04	0.662	0.066	2.223	0.042	0.024	0.036	0.023	0.315	0.027	0.043
ASV_113	0	12.283	0.999887301033334	0.999887301033334	NotSig	0.176	0.176	0.206	0.03	0.125	0.152	0.01	0.073	0.253	0.498	0.148	0.084	0.356	0.019	0.038	0.134	0.253	0.12	0.082	0.348	0.405	0.15	0.062	0.182	0.319
ASV_114	-0.063	12.839	0.892917568274719	0.935444084529686	NotSig	0.221	0.231	0.15	0.733	0.38	0.183	0.309	0.05	0.169	0.044	0.255	0.079	0.081	0.09	0.434	0.124	0.092	0.381	0.048	0.164	0.229	0.383	0.222	0.236	0.368
ASV_78	-1.647	13.946	0.20340688200266	0.485934614079293	NotSig	0.087	0.272	0.174	0.046	0.005	0.016	0.045	0.022	0.017	0.019	0.551	0.034	0.025	0.571	0.113	0.027	0.051	0.479	0.082	0.053	1.578	0.165	0.062	0.072	0.007
ASV_131	1.978	14.162	0.24099127632422	0.485934614079293	NotSig	0.278	0.071	0.024	0.073	0.028	0.012	0.073	0.611	1.834	0.039	0.088	0.214	0.066	0.007	0.015	0.044	0.005	0.057	0.366	0.041	0.265	0.008	0.002	0.021	0.016
ASV_109	1.95	12.339	0.00109002429407109	0.100642801360232	Enriched	0.226	0.058	0.098	0.167	0.134	0.152	0.131	0.298	0.164	0.311	0.199	0.31	0.518	0.024	0.058	0.068	0.041	0.045	0.042	0.056	0.024	0.053	0.086	0.078	0.127
ASV_127	4.123	13.299	0.329189857818407	0.544777736237776	NotSig	0.099	0.006	0.003	0	0.009	0.002	0.008	0	0.027	1.008	0.025	0.007	0	0	0	0	0	0.007	0.037	0.005	0	0	0	0.003	0.016
ASV_104	0.049	13.016	0.906909114757567	0.937413870568902	NotSig	0.291	0.281	0.385	0.078	0.121	0.073	0.153	0.828	0.282	0.457	0.093	0.355	0.373	0.104	0.293	0.171	0.246	0.416	0.681	0.261	0.212	0.203	0.239	0.367	0.178
ASV_552	-0.2	12.251	0.654735582879578	0.777313071132301	NotSig	0.141	0.162	0.105	0.447	0.19	0.021	0.153	0.128	0.055	0.157	0.118	0.091	0.088	0.057	0.128	0.171	0.123	0.167	0.151	0.154	0.487	0.144	0.177	0.125	0.063
ASV_164	-0.121	12.156	0.738281357281708	0.848965988598239	NotSig	0.169	0.184	0.221	0.189	0.139	0.155	0.096	0.365	0.019	0.16	0.162	0.214	0.14	0.087	0.456	0.066	0.194	0.232	0.27	0.104	0.145	0.109	0.335	0.042	0.167
ASV_112	-2.289	13.993	0.0257381083359643	0.206429818100269	NotSig	0.112	0.546	0.092	0.267	0.141	0.661	0.01	0.014	0.002	0.008	0.019	0.01	0.005	0.274	0.808	0.01	0.015	0.237	0.331	0.888	0.516	0.025	0.264	1.631	1.557
ASV_133	-0.924	14.506	0.453597367392655	0.646482229227849	NotSig	0.173	0.329	0.008	0.614	0.049	0.136	0.03	0.268	0.012	0.416	0.007	0.357	0.012	0.64	0.013	0.01	2.327	0.01	0.019	0.48	0.005	0.22	0.2	0.003	0.025
ASV_98	-0.177	13.251	0.820712865572778	0.906972472121503	NotSig	0.23	0.259	0.169	0.025	0.049	0.012	0.023	0.017	0.072	0.642	0.002	0.975	0.54	0.25	0.003	0.01	0.673	0.032	0.003	0.714	0.347	0.01	0.096	0.681	0.294
ASV_275	0.898	11.73	0.193129007924325	0.471234779335352	NotSig	0.118	0.063	0.016	0.007	0.028	0.152	0.04	0.056	0.34	0.317	0.009	0.187	0.15	0.083	0.028	0.032	0.113	0.072	0.199	0.113	0.029	0.033	0.02	0.012	0.029
ASV_110	0.541	12.663	0.217718568771342	0.485934614079293	NotSig	0.344	0.236	0.024	0.424	0.408	0.387	0.138	0.142	0.583	0.57	0.361	0.143	0.601	0.014	0.238	0.186	0.368	0.017	0.334	0.106	0.456	0.015	0.091	0.361	0.648
ASV_87	0.568	14.572	0.620063622209578	0.765665606372151	NotSig	0.358	0.241	0.011	0.112	0.093	2.436	0.043	0.245	0.137	0.281	0.035	0.13	0.415	0.05	0.035	0.173	0.051	0.037	0.185	0.311	0.492	0.058	0.025	1.111	0.368
ASV_124	-0.147	11.488	0.833065873014736	0.908299973822439	NotSig	0.051	0.056	0.013	0.021	0.007	0.054	0.028	0.059	0.063	0.146	0.053	0.052	0.066	0.017	0.005	0.022	0.038	0.025	0.095	0.101	0.287	0.02	0.002	0.03	0.034
ASV_99	-2.597	13.626	0.0356057286353688	0.206429818100269	NotSig	0.06	0.364	0.024	0.078	0.016	0.37	0.035	0.003	0.002	0.006	0.009	0.111	0.007	0.014	0.033	0.027	0.307	0.027	0.122	0.893	1.264	0.038	0.153	0.774	0.712
ASV_118	0.175	7.668	0.673172459953121	0.792795373912472	NotSig	0.01	0.009	0.008	0.005	0.002	0.009	0.015	0	0.002	0.019	0.014	0.015	0.02	0.012	0.003	0.005	0.01	0.01	0.016	0.007	0.01	0.008	0.002	0.003	0.02
ASV_97	0.323	12.113	0.450148575330663	0.646482229227849	NotSig	0.209	0.167	0.443	0.078	0.097	0.117	0.158	0.427	0.108	0.132	0.113	0.323	0.304	0.078	0.075	0.071	0.189	0.085	0.4	0.142	0.116	0.073	0.394	0.266	0.117
ASV_105	-0.355	7.535	0.705235041987188	0.827294953100355	NotSig	0.003	0.003	0	0.009	0	0.007	0	0	0	0.006	0	0.005	0.002	0	0	0.002	0.005	0.002	0.019	0	0.01	0	0	0	0.002
ASV_96	0.099	12.9	0.834839684176369	0.908299973822439	NotSig	0.241	0.225	0.258	0.025	0.079	0.145	0.111	0.764	0.289	0.394	0.1	0.261	0.223	0.073	0.15	0.161	0.176	0.127	0.257	0.471	0.092	0.578	0.217	0.242	0.154
ASV_137	0.047	12.512	0.902174440659918	0.936681733929585	NotSig	0.203	0.196	0.179	0.367	0.285	0.248	0.299	0.092	0.183	0.069	0.268	0.145	0.091	0.236	0.073	0.132	0.038	0.279	0.146	0.292	0.584	0.086	0.123	0.099	0.264
ASV_143	-0.351	11.426	0.259766948242958	0.489067402556186	NotSig	0.112	0.142	0.045	0.185	0.144	0.136	0.07	0.033	0.123	0.077	0.197	0.106	0.113	0.227	0.183	0.051	0.069	0.077	0.064	0.121	0.275	0.205	0.185	0.093	0.16
ASV_115	-0.604	12.368	0.267875283150948	0.492408517640133	NotSig	0.103	0.157	0.04	0.237	0.07	0.126	0.09	0.05	0.092	0.113	0.097	0.123	0.096	0.255	0.01	0.049	0.12	0.05	0.17	0.307	0.528	0.035	0.02	0.14	0.197
ASV_129	0.688	12.66	0.0698894710016231	0.300229417683029	NotSig	0.309	0.192	0.258	0.18	0.192	0.084	0.241	0.647	0.267	0.554	0.15	0.384	0.439	0.087	0.349	0.239	0.087	0.169	0.284	0.331	0.14	0.137	0.121	0.266	0.093
ASV_1446	-0.977	11.907	0.00344462721356677	0.100642801360232	Depleted	0.114	0.224	0.079	0.215	0.125	0.197	0.096	0.053	0.125	0.066	0.062	0.101	0.133	0.352	0.334	0.09	0.271	0.167	0.082	0.198	0.152	0.233	0.177	0.248	0.384
ASV_122	0.101	12.3	0.823709425500512	0.906972472121503	NotSig	0.229	0.214	0.19	0.021	0.012	0.279	0.297	0.354	0.345	0.204	0.002	0.431	0.385	0.068	0.008	0.034	0.008	0.197	0.249	0.217	0.504	0.18	0.286	0.502	0.31
ASV_142	-0.596	6.986	0.316732762652265	0.539684316251067	NotSig	0.003	0.005	0.003	0.002	0.002	0.002	0.01	0.003	0	0.003	0.002	0.002	0.007	0	0	0	0.008	0.012	0.005	0.002	0.007	0.013	0.002	0	0.011
ASV_117	-0.839	12.869	0.145128153323553	0.406092539116364	NotSig	0.111	0.198	0.079	0.144	0.09	0.045	0.138	0.073	0.113	0.198	0.09	0.059	0.189	0.25	0.01	0.195	0.197	0.204	0.143	0.154	0.748	0.056	0.074	0.122	0.224
ASV_151	-1.722	13.308	0.101038061593273	0.380451960320348	NotSig	0.076	0.251	0.016	0.007	0	0.333	0.013	0.003	0.231	0.011	0.007	0.199	0.017	0.316	0.013	0	0.1	0.012	0.008	0.664	0.113	0.259	0.025	0.487	1.014
ASV_573	-0.412	11.321	0.0355898196053439	0.206429818100269	NotSig	0.126	0.168	0.195	0.146	0.146	0.033	0.151	0.067	0.108	0.16	0.113	0.098	0.167	0.135	0.181	0.103	0.187	0.192	0.143	0.191	0.256	0.119	0.158	0.185	0.163
ASV_103	-6.013	13.869	0.055506582598849	0.268722344327761	NotSig	0.004	0.271	0.011	0.014	0.002	0	0	0.003	0.007	0	0.005	0.002	0.002	0.007	0.003	0.01	0.005	0.498	0.379	0.082	0.362	0.005	0.005	1.496	0.398
ASV_111	-0.583	12.283	0.164729473923478	0.444312082698537	NotSig	0.166	0.248	0.079	0.064	0.167	0.021	0.339	0.053	0.116	0.107	0.264	0.387	0.226	0.418	0.053	0.066	0.43	0.498	0.291	0.246	0.326	0.223	0.143	0.23	0.054
ASV_102	-1.305	12.816	0.121710694067711	0.402066841522308	NotSig	0.065	0.16	0.084	0.002	0.037	0.007	0.065	0.106	0.082	0.061	0.074	0.103	0.091	0.229	0.068	0.188	0.721	0.102	0.029	0.273	0.041	0.025	0.118	0.084	0.043
ASV_132	0.214	11.931	0.494326394685021	0.665103949532928	NotSig	0.202	0.174	0.198	0.16	0.167	0.068	0.108	0.391	0.13	0.281	0.079	0.288	0.356	0.111	0.261	0.137	0.143	0.197	0.294	0.181	0.13	0.084	0.133	0.311	0.111
ASV_106	5.994	15.582	0.237073457771429	0.485934614079293	NotSig	0.568	0.009	0.182	4.904	0.019	0.009	1.091	0.014	0.005	0.008	0	0.015	0	0.002	0	0	0.003	0	0.021	0.017	0.007	0.023	0.01	0.015	0.009
ASV_219	-1.571	15.084	0.436405106488747	0.636307922153328	NotSig	0.117	0.348	0.024	0.34	0.174	0.059	0.314	0.028	0.092	0.061	0.109	0.012	0.079	0.071	0.023	0.037	0.056	0.09	3.474	0.072	0.036	0.109	0.057	0.018	0.138
ASV_121	-0.403	11.307	0.22759062881874	0.485934614079293	NotSig	0.123	0.163	0.206	0.205	0.197	0.061	0.156	0.061	0.135	0.102	0.012	0.081	0.137	0.22	0.198	0.176	0.24	0.229	0.09	0.234	0.253	0.162	0.135	0.012	0.002
ASV_139	0.571	6.961	0.519006995501881	0.67648347704305	NotSig	0.003	0.002	0.008	0	0	0.002	0.005	0.003	0	0.003	0.002	0	0.007	0.002	0	0	0.005	0.012	0	0	0	0	0.002	0	0
ASV_152	0.498	7.89	0.576325991832631	0.729375217879471	NotSig	0.007	0.005	0.024	0.005	0.005	0	0	0	0.012	0	0.023	0.002	0.002	0	0	0.02	0.005	0	0	0.002	0.002	0	0	0.018	0.009
ASV_147	0.015	11.659	0.972070438174597	0.984988317751669	NotSig	0.106	0.105	0.045	0.132	0.056	0.059	0.128	0.047	0.084	0.171	0.025	0.199	0.216	0.323	0.03	0.051	0.136	0.122	0.064	0.08	0.053	0.142	0.025	0.102	0.129
ASV_154	0.401	6.783	0.600748029691273	0.747869996146279	NotSig	0.003	0.002	0	0.002	0.002	0	0	0	0	0.011	0.002	0.005	0.007	0.005	0	0	0	0.002	0.005	0.002	0	0.003	0	0.003	0.005
ASV_167	1.429	12.693	0.0283700783582611	0.206429818100269	NotSig	0.235	0.087	0.037	0.194	0.192	0.068	0.234	0.346	0.104	0.41	0.067	0.662	0.27	0.127	0.018	0.1	0.105	0.249	0.013	0.171	0.056	0	0.02	0.131	0.056
ASV_570	-0.796	12.131	0.123240536865636	0.402066841522308	NotSig	0.09	0.157	0.148	0.073	0.121	0.091	0.131	0.089	0.075	0.069	0.016	0.101	0.079	0.163	0.346	0.01	0.171	0.449	0.034	0.193	0.056	0.18	0.195	0.051	0.032
ASV_130	0.547	12.041	0.18386739557567	0.469502615319678	NotSig	0.199	0.136	0.119	0.126	0.109	0.26	0.038	0.167	0.176	0.421	0.106	0.355	0.314	0.068	0.118	0.095	0.105	0.08	0.138	0.297	0.084	0.028	0.067	0.308	0.249
ASV_123	-0.47	12.837	0.499689956051839	0.668444897350048	NotSig	0.128	0.177	0.045	0.281	0.206	0.005	0.196	0.19	0.181	0.091	0.051	0.094	0.066	0.021	0	0.254	0.192	0.506	0.003	0.123	0	0.167	0.732	0.003	0.122
ASV_1343	-0.968	11.94	0.0341482581990863	0.206429818100269	NotSig	0.104	0.204	0.053	0.055	0.09	0.096	0.015	0.12	0.101	0.135	0.002	0.202	0.277	0.132	0.248	0.005	0.11	0.01	0.199	0.232	0.171	0.393	0.362	0.257	0.328
ASV_170	-0.581	11.968	0.177220367449309	0.466913853962728	NotSig	0.135	0.202	0.134	0.094	0.021	0.401	0.075	0.103	0.14	0.245	0.123	0.113	0.034	0.177	0.286	0.298	0.284	0.207	0.397	0.036	0.362	0.048	0.067	0.125	0.133
ASV_125	1.302	12.645	0.108466422387057	0.387009366398227	NotSig	0.216	0.088	0.641	0.062	0.042	0.063	0.108	0.605	0.075	0.063	0.134	0.441	0.142	0.09	0.005	0.015	0.143	0.04	0.074	0.352	0.051	0.147	0.027	0.09	0.018
ASV_126	0.785	12.743	0.301105650719826	0.519205913431402	NotSig	0.235	0.136	0.032	0.009	0.028	0.005	0.008	0.424	0.258	0.686	0.012	0.569	0.552	0.106	0.351	0.007	0.143	0.045	0.13	0.179	0.442	0.215	0.002	0.009	0.005
ASV_1357	-1.491	13.381	0.25280770945614	0.485934614079293	NotSig	0.069	0.194	0.008	0.016	0.009	0.131	0.013	0.042	0.142	0.306	0.002	0.022	0.066	1.067	0.025	0.012	0.747	0.03	0.228	0.007	0.159	0.033	0.007	0	0.007
ASV_128	0.707	12.21	0.267999389928728	0.492408517640133	NotSig	0.175	0.107	0.011	0.005	0.032	0.241	0.093	0.209	0.395	0.151	0.002	0.313	0.474	0.142	0.055	0.007	0.056	0.02	0.156	0.133	0.162	0.056	0.094	0.003	0.404
ASV_136	-0.586	11.961	0.190427761948777	0.469502615319678	NotSig	0.117	0.176	0.264	0.171	0.158	0.042	0.226	0.145	0.031	0.091	0.081	0.03	0.052	0.035	0.158	0.098	0.015	0.399	0.183	0.244	0.285	0.337	0.047	0.215	0.097
ASV_160	-0.927	12.298	0.0326180361054275	0.206429818100269	NotSig	0.11	0.209	0.129	0.23	0.09	0.052	0.058	0.075	0.036	0.077	0.049	0.138	0.272	0.234	0.303	0.322	0.176	0.269	0.503	0.164	0.101	0.117	0.081	0.137	0.095
ASV_202	-0.643	10.968	0.112727954885257	0.387009366398227	NotSig	0.073	0.114	0.029	0.171	0.023	0.016	0.143	0.006	0.031	0.146	0.13	0.079	0.027	0.153	0.155	0.095	0.174	0.132	0.064	0.128	0.2	0.094	0.108	0.057	0.005
ASV_150	0.242	11.756	0.456127194674678	0.647064159887335	NotSig	0.174	0.147	0.203	0.114	0.172	0.075	0.058	0.346	0.099	0.234	0.093	0.214	0.304	0.066	0.231	0.105	0.113	0.222	0.281	0.104	0.125	0.076	0.116	0.212	0.113
ASV_145	-0.428	11.643	0.345184458964599	0.553017394709784	NotSig	0.114	0.153	0	0.014	0.035	0.124	0.211	0.165	0.176	0.138	0.002	0.199	0.189	0.208	0.105	0.32	0.046	0.147	0.019	0.27	0.041	0.041	0.099	0.257	0.287
ASV_453	-0.956	12.123	0.0290049210892718	0.206429818100269	NotSig	0.095	0.184	0.053	0.18	0.056	0.03	0.101	0.086	0.092	0.072	0.141	0.138	0.096	0.446	0.103	0.051	0.095	0.13	0.074	0.304	0.28	0.264	0.217	0.111	0.136
ASV_1445	-0.416	12.656	0.481246560998655	0.660734088827385	NotSig	0.14	0.187	0.069	0.153	0.107	0.054	0.078	0.031	0.414	0.008	0.345	0.148	0.137	0.309	0.344	0.222	0.138	0.237	0.024	0.116	0.125	0.013	0.645	0.033	0.041
ASV_174	-0.829	12.24	0.133580286036598	0.402066841522308	NotSig	0.092	0.163	0.018	0.265	0.042	0.035	0.106	0.061	0.065	0.063	0.1	0.167	0.088	0.484	0.04	0.032	0.192	0.092	0.101	0.208	0.335	0.028	0.064	0.239	0.145
ASV_156	6.793	15.548	0.323733026965026	0.542519633100731	NotSig	0.454	0.004	0.003	0.023	0.007	0.005	0.025	0.025	0.036	0.025	0.023	4.791	0.034	0	0.003	0.005	0.005	0	0.024	0.002	0	0	0.007	0.003	0
ASV_195	0.733	6.72	0.274582197986911	0.495547753763361	NotSig	0.004	0.002	0.011	0.002	0.002	0	0.003	0	0.002	0	0.009	0.005	0.005	0	0.003	0	0.003	0.002	0.008	0.002	0	0.003	0	0.003	0.002
ASV_173	-0.01	12.187	0.978789782075049	0.985250440702607	NotSig	0.147	0.148	0.192	0.308	0.162	0.061	0.096	0.148	0.014	0.143	0.204	0.155	0.137	0.085	0.163	0.466	0.082	0.179	0.119	0.154	0.068	0.091	0.101	0.087	0.185
ASV_141	-0.433	10.798	0.111170996218684	0.387009366398227	NotSig	0.073	0.099	0.047	0.178	0.065	0.077	0.053	0.031	0.063	0.088	0.023	0.084	0.096	0.094	0.128	0.071	0.169	0.057	0.064	0.094	0.094	0.091	0.116	0.099	0.108
ASV_166	1.257	13.185	0.236902317994131	0.485934614079293	NotSig	0.194	0.081	0.214	0.931	0.072	0.03	0.211	0.064	0.099	0.017	0.419	0.054	0.02	0.017	0.023	0.273	0.013	0.451	0.05	0.024	0.043	0.01	0.012	0.015	0.041
ASV_159	3.584	11.515	0.188082349583089	0.469502615319678	NotSig	0.045	0.004	0.293	0.016	0.002	0	0.166	0.003	0.002	0.003	0.002	0.002	0	0.002	0.003	0.005	0.005	0.002	0.003	0.002	0.005	0	0	0.006	0.011
ASV_192	-3.004	12.836	0.0254672083157335	0.206429818100269	NotSig	0.026	0.21	0.011	0.007	0.109	0.03	0.01	0.036	0.005	0.019	0.014	0.032	0.015	0.017	0.311	0.19	0.09	0.032	0.731	0.195	0.029	0.661	0.187	0.054	0.02
ASV_162	1.519	13.004	0.12867827505284	0.402066841522308	NotSig	0.229	0.08	0.018	0.712	0.058	0.012	0.241	0.061	0.178	0.055	0.821	0.308	0.054	0.002	0.005	0.198	0.049	0.381	0.024	0.191	0.072	0	0.02	0.006	0.011
ASV_1200	-0.492	11.443	0.383568012564742	0.584941219161232	NotSig	0.082	0.116	0.05	0.005	0.06	0.267	0.018	0.059	0.14	0.058	0.009	0.143	0.096	0.245	0.073	0.01	0.258	0.01	0.079	0.123	0.125	0.018	0.278	0.003	0.163
ASV_146	-1.367	12.4	0.0180391819247964	0.203775943965292	NotSig	0.079	0.203	0.195	0.027	0.095	0.019	0.05	0.061	0.099	0.212	0.049	0.052	0.005	0.156	0.263	0.066	0.166	0.047	0.114	0.541	0.186	0.233	0.212	0.4	0.047
ASV_182	0.381	10.907	0.166070745664371	0.444312082698537	NotSig	0.112	0.086	0.129	0.192	0.093	0.045	0.065	0.098	0.06	0.124	0.192	0.118	0.12	0.085	0.12	0.124	0.09	0.042	0.148	0.101	0.065	0.053	0.054	0.119	0.032
ASV_153	0.367	11.4	0.250359331218793	0.485934614079293	NotSig	0.146	0.113	0.171	0.105	0.102	0.126	0.131	0.184	0.137	0.226	0.058	0.236	0.125	0.045	0.063	0.144	0.077	0.082	0.27	0.072	0.075	0.066	0.071	0.266	0.124
ASV_193	-0.963	11.86	0.02443057660412	0.206429818100269	NotSig	0.09	0.176	0.124	0.1	0.079	0.009	0.141	0.053	0.099	0.061	0.153	0.094	0.081	0.073	0.11	0.095	0.125	0.326	0.095	0.333	0.372	0.114	0.16	0.23	0.077
ASV_201	-2.121	12.855	0.259242201204154	0.489067402556186	NotSig	0.023	0.1	0.018	0.014	0.005	0.005	0	0	0.002	0.099	0.007	0.094	0.01	0.009	0.003	0.005	0.01	0.007	0.329	0.072	0.741	0.01	0.005	0.006	0.005
ASV_175	0.317	12.32	0.648564664576274	0.777313071132301	NotSig	0.159	0.127	0.511	0.203	0.088	0.052	0.199	0.167	0.118	0.063	0.137	0.138	0.069	0.031	0.003	0.005	0.161	0.476	0.318	0.002	0.495	0.005	0.012	0.009	0.011
ASV_264	0.971	9.487	0.0143611215408375	0.188105566974216	Enriched	0.041	0.021	0.037	0.041	0.07	0.023	0.065	0.014	0.036	0.033	0.072	0.022	0.037	0.014	0.008	0.022	0.018	0.022	0.005	0.048	0.051	0.008	0.025	0.003	0.027
ASV_266	1.799	13.312	0.299766477794606	0.519205913431402	NotSig	0.144	0.041	0.008	0.007	0.009	0.009	0.018	0.343	1.017	0.025	0.021	0.096	0.032	0.024	0.013	0.022	0.005	0.007	0.233	0.017	0.123	0.01	0.025	0.009	0.009
ASV_165	0.331	11.807	0.515298352164144	0.674532177725596	NotSig	0.104	0.083	0.053	0.205	0.042	0.358	0.048	0.086	0.106	0.041	0.051	0.054	0.098	0.12	0.123	0.178	0.041	0.045	0.021	0.075	0.068	0.066	0.054	0.09	0.111
ASV_196	0.056	11.799	0.918205280391764	0.942938082557199	NotSig	0.099	0.095	0.042	0.226	0.174	0.08	0.141	0.008	0.043	0.077	0.044	0.057	0.199	0.092	0.01	0.015	0.038	0.356	0.077	0.164	0.188	0.084	0.002	0.066	0.052
ASV_197	-3.942	12.757	0.0341399849632425	0.206429818100269	NotSig	0.011	0.17	0.013	0.005	0.002	0.021	0.005	0.011	0.014	0.028	0	0.007	0.015	0.196	0.692	0.01	0.079	0.007	0.019	0.01	0.014	0.218	0.549	0.048	0.194
ASV_208	-0.835	9.87	0.438113651318685	0.636307922153328	NotSig	0.008	0.014	0.008	0.005	0.005	0.005	0.013	0.008	0.005	0	0.005	0.027	0.01	0.014	0	0.005	0.003	0.005	0.005	0.005	0.005	0.033	0.094	0.003	0.002
ASV_158	1.4	12.584	0.0900920968247786	0.361553809625756	NotSig	0.184	0.07	0.092	0.614	0.227	0.108	0.005	0.008	0.316	0.003	0.081	0.236	0.339	0	0	0.217	0.008	0	0.008	0.07	0.128	0.058	0.034	0.015	0.3
ASV_171	0.051	11.663	0.902899769755075	0.936681733929585	NotSig	0.116	0.112	0.324	0.027	0.081	0.016	0.173	0.139	0.072	0.118	0.053	0.145	0.13	0.042	0.098	0.288	0.054	0.102	0.159	0.084	0.048	0.104	0.172	0.078	0.12
ASV_235	1.269	10.866	0.017407826425464	0.203775943965292	NotSig	0.07	0.029	0.018	0.009	0.072	0.052	0.083	0.098	0.058	0.091	0.058	0.047	0.187	0.017	0.023	0.049	0.018	0.03	0.048	0.017	0.027	0.041	0.027	0.039	0.016
ASV_1368	-1.008	11.13	0.0243972648330398	0.206429818100269	NotSig	0.065	0.131	0.224	0.155	0.016	0.016	0.025	0.031	0.017	0.025	0.021	0.039	0.145	0.061	0.075	0.098	0.074	0.095	0.114	0.164	0.176	0.16	0.138	0.218	0.194
ASV_979	0.92	12.612	0.177580351015333	0.466913853962728	NotSig	0.19	0.101	0.018	0.463	0.288	0.108	0.626	0.039	0.145	0.085	0.192	0.005	0.123	0.09	0.005	0.071	0.092	0.135	0.032	0.104	0.075	0.213	0.118	0.024	0.249
ASV_180	-0.25	11.887	0.654981833708201	0.777313071132301	NotSig	0.082	0.098	0.182	0.055	0.039	0.005	0.113	0.195	0.024	0.08	0.067	0.049	0.093	0.009	0.379	0.156	0.079	0.095	0.056	0.154	0.041	0.028	0.042	0.087	0.045
ASV_1427	-1.453	11.945	0.234516093372321	0.485934614079293	NotSig	0.029	0.08	0.011	0.007	0.007	0	0.013	0.103	0.029	0.008	0.005	0.022	0.118	0.007	0	0.007	0.01	0	0.008	0.278	0.017	0.013	0.02	0.394	0.208
ASV_191	0.114	10.275	0.746382861144176	0.849428256152887	NotSig	0.057	0.052	0.124	0.034	0.072	0.056	0.088	0.022	0.041	0.05	0.037	0.042	0.059	0.054	0.018	0.037	0.041	0.06	0.005	0.104	0.092	0.038	0.025	0.042	0.115
ASV_194	-0.779	11.701	0.0937033317393352	0.361766027601231	NotSig	0.076	0.131	0.04	0.23	0.058	0.037	0.121	0.042	0.133	0.025	0.095	0.039	0.017	0.101	0.05	0.068	0.166	0.112	0.056	0.229	0.333	0.079	0.071	0.176	0.124
ASV_161	-0.859	9.021	0.244389050484215	0.485934614079293	NotSig	0.008	0.014	0	0.002	0.005	0.002	0.003	0.017	0.007	0.033	0.002	0.005	0.01	0.007	0.033	0.012	0.018	0	0	0.007	0	0.008	0.012	0.021	0.052
ASV_190	-1.537	10.86	0.122603578174581	0.402066841522308	NotSig	0.015	0.044	0.011	0.034	0.012	0.019	0.01	0.014	0.034	0.014	0.005	0.007	0.007	0.007	0.028	0.007	0.056	0.012	0	0.186	0.019	0.025	0.143	0.021	0.02
ASV_184	-0.128	10.741	0.759587614193195	0.861242462189311	NotSig	0.07	0.077	0.021	0.171	0.037	0.03	0.126	0.008	0.029	0.132	0.134	0.049	0.034	0.099	0.09	0.054	0.107	0.12	0.032	0.094	0.15	0.066	0.047	0.054	0.009
ASV_144	0.528	12.281	0.540267413461429	0.694982170865447	NotSig	0.115	0.08	0.195	0.027	0.104	0.012	0.498	0.098	0.019	0.118	0.081	0.096	0.02	0.057	0.02	0.215	0.013	0.007	0.117	0.002	0.029	0.018	0.022	0.006	0.454
ASV_231	4.224	13.216	0.0256710053442965	0.206429818100269	NotSig	0.291	0.016	0.003	0	0.037	0.009	0.01	0.756	0.952	0.501	0.023	0.458	0.447	0.002	0.088	0.002	0.018	0.005	0.008	0.046	0.005	0	0.005	0.003	0.005
ASV_209	0.447	10.722	0.351377485091279	0.553017394709784	NotSig	0.062	0.045	0.04	0.169	0.012	0.014	0.093	0.025	0.041	0.063	0.062	0.027	0.133	0.071	0.02	0.029	0.09	0.017	0.024	0.072	0.08	0.023	0.027	0.036	0.054
ASV_181	-8.584	15.278	0.33222511127943	0.544777736237776	NotSig	0.001	0.336	0	0	0	0	0	0	0.01	0	0	0	0	0.007	0.013	3.974	0.013	0.007	0.016	0	0	0	0	0.006	0
ASV_176	-0.234	6.313	0.840793511273621	0.908299973822439	NotSig	0.001	0.001	0	0.002	0	0	0	0	0	0.003	0	0.002	0.002	0	0	0	0.003	0	0.008	0	0	0	0	0	0.002
ASV_178	0.247	11.254	0.63146665922969	0.77348325728938	NotSig	0.096	0.081	0.053	0.244	0.174	0.054	0.219	0.022	0.031	0.096	0.127	0.025	0.007	0.05	0.04	0.117	0.243	0.077	0.148	0.051	0.053	0.038	0.057	0.06	0.034
ASV_185	-1.299	12.254	0.0510085191467211	0.250929005479838	NotSig	0.056	0.138	0.166	0.043	0.03	0.037	0.05	0.039	0.041	0.069	0.081	0.022	0.037	0.142	0.193	0.054	0.488	0.187	0.072	0.15	0.014	0.152	0.074	0.099	0.029
ASV_203	0.053	11.116	0.876994519101817	0.928761556687688	NotSig	0.105	0.101	0.055	0.189	0.16	0.15	0.05	0.081	0.147	0.094	0.086	0.054	0.088	0.222	0.05	0.063	0.182	0.052	0.148	0.193	0.075	0.03	0.067	0.078	0.054
ASV_1405	-0.305	10.645	0.372368830947496	0.573598451712053	NotSig	0.07	0.086	0.042	0.041	0.086	0.145	0.04	0.078	0.075	0.022	0.097	0.081	0.059	0.158	0.095	0.034	0.125	0.072	0.05	0.123	0.063	0.013	0.16	0.024	0.115
ASV_169	2.398	12.008	0.00920973509151059	0.147840484363723	Enriched	0.165	0.031	0.058	0.301	0.227	0.012	0.148	0.098	0.029	0.284	0.412	0.239	0.007	0.028	0	0.01	0.01	0.042	0.138	0.01	0.109	0.008	0.005	0.012	0.005
ASV_222	-0.175	11.85	0.783060049214667	0.87806365812674	NotSig	0.082	0.092	0.026	0.041	0.021	0.096	0.045	0.089	0.125	0.207	0.002	0.054	0.191	0.059	0.013	0	0.084	0.007	0.215	0.369	0.022	0.023	0.057	0.17	0.088
ASV_187	-0.627	11.57	0.134134437357294	0.402066841522308	NotSig	0.092	0.142	0.203	0.066	0.065	0.012	0.176	0.053	0.087	0.047	0.16	0.111	0.034	0.224	0.095	0.12	0.115	0.304	0.066	0.121	0.14	0.193	0.032	0.275	0.023
ASV_213	-0.201	13.54	0.842783254399181	0.908299973822439	NotSig	0.163	0.187	0.778	0.205	0.313	0	0.131	0.011	0.007	0.003	0.333	0.007	0	0.014	0.005	0.073	0.013	1.191	0.337	0.048	0.046	0.302	0.017	0.122	0.075
ASV_216	-0.431	7.4	0.63479580920356	0.774450887228343	NotSig	0.002	0.003	0.003	0	0	0.002	0	0	0	0.008	0.005	0.002	0.005	0	0	0	0.005	0.007	0.003	0.017	0	0.003	0.002	0	0
ASV_883	-0.322	12.553	0.769818971232414	0.868169242668	NotSig	0.074	0.093	0.021	0.018	0.06	0.379	0.01	0.028	0.188	0.047	0.002	0.025	0.037	0.304	0.01	0.01	0.601	0.02	0.016	0.019	0.08	0.02	0.002	0.027	0.002
ASV_163	-2.641	10.266	0.380634122031381	0.583383955877243	NotSig	0.002	0.011	0	0.002	0.002	0	0	0	0	0.003	0	0.002	0.01	0	0	0	0.005	0	0.005	0	0	0	0.123	0	0
ASV_205	0.866	12.795	0.415871548441812	0.621768736640944	NotSig	0.18	0.099	0	0	0.002	0.005	0.01	0.34	0.711	0.702	0.002	0.182	0.027	0.399	0.005	0.012	0.366	0.007	0.352	0	0.002	0.003	0.039	0	0
ASV_225	-0.551	11.418	0.250524336122549	0.485934614079293	NotSig	0.059	0.086	0.05	0.041	0.037	0.019	0.038	0.067	0.048	0.072	0.042	0.062	0.169	0.132	0.108	0.027	0.274	0.077	0.05	0.087	0.094	0.035	0.057	0.066	0.023
ASV_172	1.011	12.172	0.1572390353564	0.432053205258576	NotSig	0.17	0.084	0.1	0.162	0.032	0.105	0.003	0.338	0.094	0.253	0.025	0.291	0.462	0.113	0.456	0.132	0.041	0.002	0.008	0.007	0	0.104	0.138	0.003	0.005
ASV_206	-0.748	11.497	0.131938944652713	0.402066841522308	NotSig	0.058	0.097	0.063	0.021	0.016	0.014	0.053	0.07	0.029	0.058	0.037	0.128	0.145	0.135	0.103	0.02	0.289	0.025	0.13	0.123	0.087	0.061	0.086	0.078	0.025
ASV_237	0.11	10.74	0.730112956452865	0.846708941894007	NotSig	0.082	0.076	0.047	0.114	0.095	0.037	0.08	0.036	0.171	0.124	0.076	0.039	0.083	0.146	0.03	0.005	0.066	0.065	0.066	0.125	0.121	0.058	0.084	0.06	0.088
ASV_183	0.335	11.847	0.460502083178528	0.650245997080792	NotSig	0.129	0.102	0.216	0.037	0.058	0.04	0.183	0.251	0.063	0.168	0.069	0.239	0.098	0.068	0.09	0.059	0.087	0.11	0.368	0.077	0.043	0.081	0.094	0.122	0.029
ASV_604	1.215	11.411	0.00268082601855823	0.100642801360232	Enriched	0.155	0.067	0.076	0.064	0.134	0.157	0.176	0.234	0.272	0.248	0.134	0.15	0.059	0.031	0.053	0.095	0.033	0.037	0.058	0.082	0.063	0.068	0.062	0.158	0.061
ASV_188	-0.853	11.475	0.128538632655958	0.402066841522308	NotSig	0.057	0.103	0.018	0.021	0.009	0.063	0.003	0.084	0.036	0.088	0	0.126	0.179	0.068	0.1	0.002	0.107	0.002	0.093	0.208	0.285	0.152	0.079	0.057	0.081
ASV_177	0.276	11.488	0.484605625960592	0.660734088827385	NotSig	0.116	0.096	0.082	0.034	0.063	0.075	0.146	0.287	0.104	0.204	0.06	0.121	0.103	0.087	0.063	0.098	0.148	0.01	0.244	0.14	0.041	0.073	0.044	0.111	0.093
ASV_306	0.612	11.933	0.341756532004025	0.553017394709784	NotSig	0.141	0.092	0.261	0.071	0.058	0.021	0.322	0.298	0.128	0.055	0.053	0.182	0.098	0.033	0.008	0.005	0.161	0.202	0.265	0.005	0.391	0.008	0.015	0.006	0.007
ASV_189	-0.894	12.356	0.470816246312625	0.658710803327297	NotSig	0.051	0.094	0.005	0.005	0.005	0.412	0	0.106	0	0.011	0.005	0.005	0.002	0.009	0.01	0	0.018	0.005	0.077	0.251	0.002	0.19	0.01	0.03	0.524
ASV_373	0.944	12.603	0.267575300169023	0.492408517640133	NotSig	0.168	0.087	0.622	0.084	0.148	0.035	0.294	0.184	0.077	0.036	0.236	0.089	0.042	0.024	0.003	0.007	0.102	0.578	0.117	0.01	0.183	0.008	0.007	0	0.009
ASV_204	0.166	11.443	0.719987948406178	0.84136522706469	NotSig	0.111	0.099	0.069	0.278	0.1	0.082	0.173	0.067	0.063	0.05	0.171	0.118	0.054	0.078	0.098	0.061	0.061	0.025	0.101	0.265	0.077	0.261	0	0.161	0.002
ASV_199	1.378	12.529	0.0733643370578151	0.308004601803366	NotSig	0.173	0.067	0.082	0.591	0.134	0.356	0.178	0.053	0.19	0.085	0.049	0.01	0.174	0.09	0	0.002	0.043	0.082	0	0.109	0.229	0.15	0.005	0.078	0.011
ASV_583	-0.157	10.933	0.599023808049532	0.747869996146279	NotSig	0.095	0.106	0.069	0.178	0.114	0.075	0.138	0.008	0.031	0.052	0.183	0.079	0.123	0.113	0.068	0.076	0.095	0.145	0.114	0.113	0.195	0.127	0.089	0.093	0.05
ASV_274	-0.108	11.332	0.895572697320224	0.935444084529686	NotSig	0.042	0.045	0.005	0.055	0.046	0.035	0.013	0	0.01	0.003	0.005	0.03	0.258	0.054	0.078	0.049	0.056	0.055	0.106	0.07	0.048	0.015	0.002	0.003	0.002
ASV_1309	-1.374	11.408	0.284672687532762	0.505459749490095	NotSig	0.022	0.058	0.003	0.009	0.002	0.007	0.005	0.095	0.017	0	0	0.012	0.096	0.005	0	0	0	0	0	0.258	0.007	0.01	0.007	0.272	0.136
ASV_1211	-2.241	12.493	0.0458002736255058	0.232818057596321	NotSig	0.04	0.191	0.008	0.005	0.009	0.03	0.01	0.02	0.166	0.091	0	0.076	0.029	0.486	0.258	0.007	0.532	0.012	0.032	0.024	0.029	0.302	0.576	0.009	0.025
ASV_211	-1.075	10.897	0.00987147529412656	0.15053999823543	Depleted	0.055	0.116	0.063	0.084	0.046	0.019	0.068	0.025	0.036	0.052	0.123	0.039	0.047	0.168	0.043	0.061	0.171	0.152	0.119	0.191	0.179	0.056	0.03	0.179	0.038
ASV_210	-1.507	11.758	0.00437412979458083	0.100642801360232	Depleted	0.065	0.186	0.248	0.251	0.042	0.026	0.015	0.025	0.029	0.025	0.023	0.032	0.005	0.064	0.118	0.112	0.09	0.107	0.175	0.27	0.275	0.226	0.251	0.346	0.199
ASV_251	0.454	11.438	0.287493022908246	0.505459749490095	NotSig	0.138	0.101	0.142	0.164	0.132	0.194	0.143	0.173	0.135	0.201	0.102	0.13	0.002	0.005	0.01	0.005	0.003	0.005	0.011	0.152	0.278	0.165	0.192	0.206	0.181
ASV_200	0.628	12.287	0.529810111519112	0.686417422627908	NotSig	0.091	0.059	0.053	0.212	0.088	0.028	0.108	0.003	0.002	0.006	0.5	0	0.002	0.061	0.078	0.098	0.003	0.002	0	0.007	0.002	0.063	0.005	0.209	0.178
ASV_426	0.749	13.053	0.515083927128365	0.674532177725596	NotSig	0.179	0.106	0.793	0.162	0.128	0.007	0.186	0.006	0.007	0.008	0.639	0.017	0.012	0.009	0.008	0.254	0.013	0.85	0.032	0.017	0.022	0.005	0.054	0.006	0.007
ASV_198	-0.006	11.069	0.989442573818268	0.992697319126881	NotSig	0.067	0.067	0.071	0.011	0.107	0.066	0.048	0.07	0.12	0.044	0.09	0.034	0.071	0.021	0.04	0.012	0.031	0	0.053	0.063	0.215	0.096	0.113	0.093	0.066
ASV_214	-1.281	11.438	0.0578277305129367	0.275585278225714	NotSig	0.034	0.083	0.037	0.032	0.009	0.005	0.015	0.081	0.017	0.077	0	0.054	0.049	0.142	0.013	0.024	0.113	0.03	0.042	0.138	0.278	0.068	0.084	0.06	0.007
ASV_293	-0.675	11.32	0.226574255239517	0.485934614079293	NotSig	0.063	0.1	0.256	0.183	0.023	0.023	0.038	0.025	0.034	0.028	0.037	0.027	0.017	0.042	0.05	0.059	0.02	0.05	0.061	0.195	0.15	0.134	0.118	0.209	0.113
ASV_263	-0.31	10.637	0.368960673021089	0.57123352929661	NotSig	0.065	0.081	0.021	0.13	0.109	0.073	0.053	0.025	0.063	0.028	0.106	0.062	0.052	0.123	0.158	0.024	0.038	0.062	0.024	0.077	0.159	0.071	0.067	0.09	0.081
ASV_1356	0.352	11.395	0.242916756174772	0.485934614079293	NotSig	0.13	0.102	0.071	0.269	0.146	0.141	0.116	0.033	0.171	0.091	0.197	0.069	0.125	0.092	0.083	0.156	0.074	0.112	0.087	0.113	0.147	0.056	0.059	0.063	0.178
ASV_262	0.334	7.944	0.388341725691729	0.589274757890434	NotSig	0.01	0.008	0.011	0.021	0.009	0	0.013	0.008	0.012	0.006	0.007	0.025	0.005	0.012	0.003	0.005	0.008	0.005	0.003	0.01	0.012	0.005	0.012	0.015	0.011
ASV_238	0.588	11.64	0.272285864698185	0.494328504362776	NotSig	0.114	0.076	0.05	0.034	0.077	0.04	0.01	0.159	0.19	0.253	0.062	0.059	0.319	0.009	0.128	0.093	0.02	0.042	0.037	0.111	0.077	0.038	0.081	0.125	0.147
ASV_244	1.116	10.955	0.00310505004851529	0.100642801360232	Enriched	0.117	0.054	0.042	0.199	0.165	0.11	0.141	0.061	0.13	0.118	0.051	0.111	0.16	0.031	0	0.083	0.046	0.072	0.103	0.089	0.118	0.028	0.007	0.036	0.034
ASV_215	-0.695	11.47	0.16205898794359	0.441321351096384	NotSig	0.056	0.091	0.087	0.027	0.032	0.026	0.025	0.073	0.051	0.16	0.035	0.03	0.076	0.017	0.133	0.088	0.046	0.085	0.148	0.058	0.039	0.063	0.064	0.284	0.072
ASV_217	-0.08	13.312	0.940956395389708	0.959838463524618	NotSig	0.136	0.144	0.68	0.176	0.248	0	0.121	0.006	0	0.003	0.261	0.002	0	0.005	0.008	0.093	0.008	1.017	0.225	0.034	0.034	0.167	0.005	0.057	0.075
ASV_297	-1.853	13.286	0.218977569866188	0.485934614079293	NotSig	0.043	0.155	0.003	0.011	0.002	0.005	0.003	0	0.017	0.019	0	0.145	0.268	0.014	0.003	0	0.166	0.002	0.119	0.384	0.999	0.013	0.094	0.015	0.054
ASV_234	0.469	11.203	0.246153996943737	0.485934614079293	NotSig	0.104	0.075	0.042	0.05	0.179	0.052	0.018	0.134	0.149	0.14	0.086	0.057	0.236	0.017	0.093	0.105	0.015	0.097	0.04	0.106	0.065	0.025	0.076	0.122	0.138
ASV_236	1.467	10.976	0.00761380485876295	0.14085266634504	Enriched	0.106	0.039	0.018	0.192	0.111	0.201	0.04	0.031	0.106	0.063	0.113	0.101	0.194	0.017	0.043	0.022	0.015	0.03	0.042	0.113	0.072	0.043	0.002	0.042	0.02
ASV_256	-0.135	10.802	0.848753944217689	0.91151391896618	NotSig	0.045	0.05	0.092	0.03	0.179	0.03	0.013	0.036	0.005	0.008	0.023	0.015	0.069	0.017	0.058	0	0.01	0.032	0.013	0.164	0.06	0.041	0.175	0.024	0.005
ASV_247	1.001	11.953	0.495011791947458	0.665103949532928	NotSig	0.06	0.03	0.005	0.005	0.176	0.037	0.008	0.006	0.005	0.011	0.002	0.396	0.005	0.002	0	0	0.003	0.002	0.257	0.002	0	0	0.002	0.066	0.023
ASV_223	-0.929	10.915	0.00844067109603234	0.143022482460548	Depleted	0.061	0.116	0.121	0.068	0.049	0.014	0.085	0.022	0.046	0.052	0.09	0.057	0.066	0.135	0.035	0.063	0.171	0.157	0.183	0.133	0.193	0.089	0.116	0.093	0.027
ASV_230	-0.299	11.443	0.628656486680118	0.773146082409016	NotSig	0.074	0.091	0.161	0.052	0.125	0.037	0.025	0.176	0.094	0.041	0.002	0.039	0.056	0.052	0.075	0	0.056	0	0.037	0.244	0.246	0.063	0.278	0.033	0.002
ASV_229	0.57	12.46	0.531129546689136	0.686417422627908	NotSig	0.124	0.083	0.501	0.189	0.111	0.037	0.118	0.056	0.051	0.022	0.183	0.059	0.032	0.012	0	0.005	0.041	0.563	0.18	0.002	0.179	0.01	0.002	0	0.005
ASV_240	3.378	12.771	0.238776601761378	0.485934614079293	NotSig	0.087	0.008	0.005	0.073	0	0.007	0.136	0.025	0.002	0.006	0.699	0.002	0	0.009	0.003	0.061	0.01	0.002	0	0	0.005	0.003	0.005	0	0.002
ASV_212	-1.593	11.381	0.0115369469575936	0.159944037366638	Depleted	0.036	0.109	0.055	0.084	0.019	0.005	0.106	0.017	0	0.028	0.053	0.015	0.015	0.109	0.068	0.02	0.223	0.267	0.18	0.07	0.152	0.046	0.071	0.078	0.02
ASV_227	2.038	7.55	0.0285461918664506	0.206429818100269	NotSig	0.006	0.001	0.005	0	0.002	0.019	0	0.008	0.005	0.008	0.007	0	0.01	0	0.003	0	0	0.005	0	0.005	0.005	0	0	0	0
ASV_291	0.228	11.478	0.564742733491243	0.717693890478455	NotSig	0.094	0.08	0.074	0.285	0.134	0.068	0.073	0.039	0.065	0.069	0.051	0.064	0.11	0.127	0.05	0.027	0.13	0.122	0.056	0.068	0.123	0.048	0.076	0.087	0.047
ASV_428	-1.284	5.593	0.483681908509511	0.660734088827385	NotSig	0	0.001	0	0	0	0	0	0	0	0.003	0	0	0	0	0	0	0	0.002	0	0.005	0	0	0	0	0
ASV_226	-0.771	11.226	0.143933307273713	0.406092539116364	NotSig	0.053	0.09	0.003	0	0.023	0.002	0.098	0.081	0.075	0.088	0	0.084	0.125	0.12	0.075	0.134	0.018	0.12	0.005	0.118	0.031	0	0.094	0.122	0.239
ASV_255	0.428	13.099	0.739710750002401	0.848965988598239	NotSig	0.116	0.086	0.29	0.082	0.093	0	0.465	0	0	0.006	0.329	0.005	0.007	0.007	0.005	0.134	0	0.877	0	0	0	0.003	0	0.009	0
ASV_328	-0.268	11.136	0.608764799236815	0.754769364907433	NotSig	0.06	0.073	0.09	0.041	0.016	0.216	0.08	0.025	0.043	0.022	0.046	0.047	0.037	0.078	0.02	0.032	0.225	0.102	0.109	0.084	0.06	0.066	0.02	0.06	0.016
ASV_273	-4.365	12.567	0.112930601998171	0.387009366398227	NotSig	0.005	0.104	0	0.005	0.002	0.012	0.003	0.011	0.005	0.011	0	0	0.007	0.038	0.607	0.005	0.02	0.002	0.013	0.002	0	0.058	0.434	0.024	0.043
ASV_276	-0.842	10.654	0.0313890547957678	0.206429818100269	NotSig	0.044	0.079	0.05	0.032	0.023	0.023	0.045	0.028	0.034	0.085	0.035	0.039	0.088	0.137	0.08	0.032	0.161	0.017	0.111	0.031	0.072	0.124	0.059	0.063	0.056
ASV_207	3.064	12.537	0.031174871671519	0.206429818100269	NotSig	0.203	0.024	0.026	0.002	0.007	0.007	0.01	0.594	0.328	0.286	0.009	0.458	0.501	0.031	0	0.024	0.018	0.002	0	0.002	0.002	0.129	0.079	0	0.002
ASV_309	0.286	8.834	0.514377215688908	0.674532177725596	NotSig	0.02	0.016	0.018	0.016	0.028	0.016	0.035	0.006	0.024	0.019	0.012	0.002	0.042	0.007	0.005	0.022	0.013	0.012	0.003	0.041	0.012	0.046	0.005	0.021	0.009
ASV_1467	-0.87	10.89	0.407510205390825	0.612269027803949	NotSig	0.025	0.046	0.008	0.014	0.002	0.002	0.008	0.089	0.027	0	0.002	0.03	0.096	0	0.013	0	0	0	0.008	0.154	0.005	0	0.01	0.173	0.19
ASV_239	0.815	10.828	0.0642615405794733	0.288231909952049	NotSig	0.077	0.044	0.116	0.046	0.056	0.026	0.043	0.05	0.065	0.182	0.044	0.108	0.113	0.019	0.015	0.02	0.013	0.07	0.077	0.104	0.058	0.003	0.027	0.063	0.059
ASV_284	-0.389	9.668	0.54231395628189	0.694982170865447	NotSig	0.016	0.02	0.005	0.018	0.032	0.016	0.025	0.008	0.014	0.025	0.005	0.002	0.02	0.009	0	0	0.018	0.017	0.005	0.043	0.048	0.003	0.005	0.015	0.081
ASV_241	-1.98	11.648	0.322358411395357	0.542519633100731	NotSig	0.009	0.037	0.003	0.002	0.012	0.002	0	0.02	0.019	0.008	0.007	0.012	0.017	0.002	0.321	0	0.059	0.005	0.005	0.036	0.007	0	0	0	0.005
ASV_232	1.064	10.871	0.00419053041920597	0.100642801360232	Enriched	0.092	0.044	0.071	0.084	0.1	0.068	0.068	0.103	0.043	0.187	0.044	0.096	0.145	0.047	0.023	0.066	0.049	0.055	0.037	0.063	0.017	0.035	0.042	0.06	0.034
ASV_224	-1.612	5.9	0.420288900333702	0.62530787610624	NotSig	0	0.001	0	0	0	0	0.003	0	0	0	0	0	0	0	0	0	0	0	0	0	0.002	0	0	0.006	0
ASV_472	-1.202	13.032	0.335369169231341	0.546992495270368	NotSig	0.052	0.12	0.037	0.011	0.012	0.033	0.035	0.073	0.08	0.157	0.016	0.057	0.064	0.035	0.005	0.005	0.013	0.047	0.837	0.034	0.121	0.084	0.116	0.105	0.038
ASV_233	-1.781	11.381	0.0805287702974772	0.331909120820683	NotSig	0.024	0.083	0.003	0.002	0.009	0.009	0	0.1	0.058	0.019	0.002	0.017	0.044	0.267	0	0.005	0.005	0	0.199	0.152	0.101	0.025	0.229	0.003	0.007
ASV_338	-1.895	10.085	0.0614853413843743	0.284519576017084	NotSig	0.008	0.028	0	0.021	0	0.005	0.008	0.014	0.017	0.003	0.009	0.002	0.005	0.002	0.01	0.012	0.049	0.01	0.008	0.109	0.007	0.005	0.079	0.021	0.025
ASV_383	0.3	11.172	0.650701719023943	0.777313071132301	NotSig	0.069	0.056	0.021	0.027	0.209	0.016	0.048	0.112	0.024	0.03	0.012	0.03	0.231	0.026	0.098	0.044	0.033	0.005	0.053	0.188	0.007	0.058	0.091	0.051	0.018
ASV_257	-0.497	11.5	0.451682688553385	0.646482229227849	NotSig	0.06	0.084	0.09	0.009	0.114	0.112	0.168	0.042	0.002	0.006	0.012	0.101	0.002	0.021	0.003	0.01	0.036	0.157	0.003	0.186	0.29	0.147	0.007	0.096	0.059
ASV_221	0.255	6.72	0.821059115016593	0.906972472121503	NotSig	0.002	0.002	0.011	0.002	0	0	0	0	0	0	0.005	0.005	0	0	0	0	0	0.01	0.008	0	0	0.003	0	0	0
ASV_228	-0.445	11.43	0.505399222265736	0.670966475629268	NotSig	0.064	0.087	0.169	0.025	0.093	0.016	0.028	0.17	0.082	0.033	0.009	0.052	0.027	0.057	0.08	0.002	0.061	0.007	0.013	0.275	0.183	0.051	0.276	0.027	0.011
ASV_315	3.224	12.205	0.105287280782896	0.387009366398227	NotSig	0.108	0.012	0	0.071	0	0.007	0.103	0.455	0.043	0.028	0.472	0.007	0	0.026	0.025	0.046	0.028	0.002	0	0	0.002	0.003	0.002	0.003	0
ASV_289	-2.052	12.787	0.248145321243468	0.485934614079293	NotSig	0.023	0.095	0.076	0.03	0.021	0.007	0.02	0.036	0	0.003	0.012	0.007	0.039	0.012	0.228	0.002	0.01	0.01	0.008	0.089	0.019	0.043	0.707	0.006	0.002
ASV_323	0.652	9.364	0.0926128723405078	0.361766027601231	NotSig	0.034	0.021	0.021	0.059	0.019	0.007	0.025	0.031	0.046	0.03	0.039	0.042	0.052	0.009	0.023	0.066	0.013	0.042	0.013	0.036	0.012	0.013	0.01	0.009	0.011
ASV_278	0.636	10.852	0.187902606509211	0.469502615319678	NotSig	0.076	0.049	0.029	0.185	0.107	0.061	0.085	0.025	0.128	0.102	0.035	0.039	0.044	0.005	0.033	0.02	0.008	0.042	0.095	0.14	0.075	0.005	0.002	0.084	0.081
ASV_261	-0.664	10.531	0.0393574786039462	0.211005430307885	NotSig	0.052	0.082	0.042	0.025	0.03	0.026	0.025	0.081	0.051	0.116	0.028	0.052	0.096	0.052	0.148	0.059	0.12	0.065	0.058	0.101	0.056	0.058	0.054	0.131	0.084
ASV_292	-5.749	14.584	0.331032150077959	0.544777736237776	NotSig	0.004	0.211	0.013	0.011	0	0	0	0.014	0.002	0	0.002	0	0	0	0.01	0	0	0	0	0.014	0.012	0.013	2.456	0.021	0.011
ASV_277	1.003	9.37	0.0028678595671205	0.100642801360232	Enriched	0.047	0.023	0.063	0.066	0.049	0.023	0.025	0.02	0.051	0.066	0.06	0.054	0.037	0.012	0.02	0.046	0.033	0.015	0	0.012	0.022	0.025	0.047	0.009	0.038
ASV_471	-0.747	11.579	0.241891523755757	0.485934614079293	NotSig	0.057	0.095	0.008	0.007	0.012	0.005	0.01	0.114	0.089	0.154	0.005	0.14	0.079	0.132	0.306	0.005	0.115	0.04	0.119	0.123	0.111	0.175	0.002	0.006	0.005
ASV_250	0.247	13.086	0.840008006555487	0.908299973822439	NotSig	0.121	0.102	0.641	0.162	0.216	0.002	0.088	0	0	0.003	0.218	0	0	0	0.005	0.076	0	0.87	0.223	0.005	0.031	0.003	0.007	0	0.002
ASV_994	-1.667	12.901	0.228954794516121	0.485934614079293	NotSig	0.04	0.127	0.008	0.005	0	0.002	0	0	0.019	0.017	0	0.126	0.263	0	0.008	0	0.266	0	0.079	0.265	0.765	0.013	0.059	0	0.066
ASV_243	-0.776	11.587	0.302263981276507	0.519205913431402	NotSig	0.045	0.076	0.076	0.018	0.002	0.009	0.02	0.078	0.007	0.132	0.002	0.064	0.081	0.009	0.02	0.308	0.146	0.132	0	0.06	0.034	0	0	0.152	0.056
ASV_272	0.807	11.463	0.129245778145612	0.402066841522308	NotSig	0.097	0.056	0.05	0.052	0.123	0.04	0.025	0.112	0.123	0.168	0.051	0.044	0.282	0.017	0.088	0.044	0.005	0.045	0.021	0.065	0.06	0.018	0.054	0.102	0.149
ASV_301	-0.182	10.906	0.648597066452138	0.777313071132301	NotSig	0.069	0.078	0.113	0.116	0.035	0.009	0.063	0.05	0.07	0.077	0.06	0.044	0.115	0.099	0.015	0.049	0.102	0.192	0.072	0.169	0.094	0.018	0.03	0.078	0.016
ASV_290	1.709	11.39	0.0694182827171679	0.300229417683029	NotSig	0.08	0.024	0.021	0.032	0.007	0.002	0.038	0.086	0.065	0.223	0.023	0.268	0.113	0.007	0.015	0.044	0.026	0.007	0.064	0.058	0.019	0	0	0.015	0.038
ASV_259	-0.504	10.586	0.0615681705479593	0.284519576017084	NotSig	0.064	0.091	0.071	0.046	0.09	0.119	0.088	0.039	0.041	0.017	0.086	0.062	0.044	0.078	0.053	0.059	0.118	0.135	0.154	0.051	0.08	0.094	0.128	0.072	0.068
ASV_254	0.719	11.28	0.347473305151719	0.553017394709784	NotSig	0.074	0.045	0.04	0.249	0.083	0.239	0.098	0.003	0.012	0.017	0.062	0.002	0.005	0.024	0.02	0.046	0.043	0.042	0.008	0.092	0.005	0.152	0.027	0.048	0.029
ASV_310	0.05	10.019	0.935672159682668	0.957651035916825	NotSig	0.03	0.029	0.055	0.014	0.005	0.016	0.013	0.092	0.024	0.014	0.014	0.017	0.071	0.012	0.03	0	0.023	0.002	0.032	0.104	0.012	0.008	0.037	0.012	0.081
ASV_313	-6.843	12.438	0.0209000097422366	0.206429818100269	NotSig	0.001	0.158	0.003	0.002	0	0	0.003	0	0	0.003	0	0	0.005	0.472	0.258	0.005	0.555	0.007	0.008	0.007	0.005	0.005	0.342	0.09	0.136
ASV_265	-1.797	9.631	0.140241919202127	0.406092539116364	NotSig	0.005	0.017	0	0.005	0	0	0.005	0.003	0	0.025	0.002	0.005	0.01	0.009	0.003	0.054	0.079	0.037	0.011	0.007	0.002	0	0	0.003	0
ASV_326	-1.802	11.509	0.0240854255691703	0.206429818100269	NotSig	0.03	0.105	0.003	0.032	0.037	0.023	0	0.033	0.067	0.039	0.021	0.062	0.015	0.118	0.033	0.005	0.072	0.022	0.061	0.089	0.188	0.291	0.286	0.054	0.043
ASV_307	0.807	10.37	0.303011975707507	0.519205913431402	NotSig	0.032	0.018	0	0.132	0.019	0.002	0.04	0.006	0.029	0.014	0.002	0.034	0.069	0.005	0.018	0	0.003	0	0.016	0.043	0.024	0.033	0.037	0.018	0.02
ASV_287	0.118	10.466	0.743193176904032	0.848965988598239	NotSig	0.059	0.055	0.032	0.141	0.065	0.049	0.045	0.031	0.043	0.052	0.079	0.049	0.066	0.087	0.058	0.02	0.026	0.022	0.019	0.056	0.135	0.094	0.049	0.024	0.068
ASV_295	0.589	11.061	0.250906527256546	0.485934614079293	NotSig	0.078	0.052	0.024	0.03	0.06	0.028	0.005	0.092	0.142	0.129	0.062	0.066	0.214	0.009	0.068	0.073	0.003	0.03	0.034	0.06	0.051	0.01	0.052	0.131	0.097
ASV_260	-0.16	11.488	0.795567725912316	0.888821085726214	NotSig	0.086	0.097	0.016	0.027	0.012	0.105	0.025	0.156	0.101	0.16	0.002	0.059	0.287	0.021	0.003	0.1	0.018	0.022	0.117	0.217	0.234	0	0.01	0.173	0.244
ASV_288	0.012	10.222	0.978645309725982	0.985250440702607	NotSig	0.042	0.041	0.032	0.016	0.016	0.019	0.025	0.059	0.041	0.113	0.03	0.052	0.056	0.007	0.063	0.034	0.018	0.037	0.072	0.022	0.014	0.043	0.039	0.119	0.027
